8, 63, 37, 65, 23, 81 | 0.44457 | 0.5669476816265807
8, 63, 37, 36, 65, 23 | 0.44323 | 0.588221037324285
8, 63, 37, 36, 65, 81 | 0.44196 | 0.5944706174063972
8, 63, 37, 36, 23, 81 | 0.44554 | 0.5854202826679891
8, 63, 37, 36, 81, 62 | 0.43885 | 0.5968931016324381
8, 63, 36, 65, 23, 81 | 0.43904 | 0.5587651872055541
8, 34, 63, 36, 65, 81 | 0.44909 | 0.5684354078849492
8, 34, 63, 37, 36, 81 | 0.45386 | 0.5940986858418051
8, 34, 63, 37, 65, 81 | 0.45323 | 0.5741383585420282
8, 10, 63, 65, 23, 81 | 0.45113 | 0.5870319861145549
8, 10, 37, 36, 65, 23 | 0.45524 | 0.5985215705283567
8, 33, 63, 65, 23, 81 | 0.46578 | 0.5503347384081329
8, 33, 63, 36, 65, 81 | 0.4652 | 0.5849243739151996
8, 33, 63, 36, 23, 81 | 0.46727 | 0.5730225638482519
8, 33, 63, 37, 36, 23 | 0.47207 | 0.5710130877363063
8, 33, 63, 37, 65, 81 | 0.46978 | 0.5907513017604761
8, 33, 63, 37, 23, 81 | 0.47323 | 0.5800892635755021
8, 33, 37, 65, 23, 81 | 0.47348 | 0.5963302752293578
8, 33, 37, 36, 65, 23 | 0.47258 | 0.5984003877847794
8, 33, 36, 65, 23, 81 | 0.4696 | 0.5921150508306472
8, 30, 33, 65, 23, 81 | 0.49552 | 0.5968261839821473
8, 30, 63, 65, 23, 81 | 0.46533 | 0.5645921150508306
8, 30, 63, 36, 65, 81 | 0.46367 | 0.5948425489709893
8, 30, 63, 36, 23, 81 | 0.46532 | 0.5849243739151996
8, 30, 63, 37, 23, 81 | 0.47222 | 0.5952144805355815
35, 23, 81, 62, 11, 92 | 0.41147 | 0.5844866920152091
35, 65, 23, 62, 11, 92 | 0.40243 | 0.5720152091254753
35, 37, 36, 62, 11, 92 | 0.41692 | 0.5914828897338403
35, 37, 36, 65, 23, 81 | 0.43831 | 0.5875278948673444
35, 37, 65, 62, 11, 92 | 0.41166 | 0.5803802281368822
35, 37, 65, 81, 11, 92 | 0.42165 | 0.5960456273764259
35, 37, 65, 23, 11, 92 | 0.41922 | 0.5928517110266159
35, 37, 23, 62, 11, 92 | 0.41518 | 0.5860076045627376
35, 37, 81, 62, 11, 92 | 0.41775 | 0.5904182509505703
35, 63, 37, 62, 11, 92 | 0.41762 | 0.5884410646387833
35, 63, 37, 23, 11, 92 | 0.42348 | 0.5992395437262358
35, 63, 37, 65, 23, 81 | 0.44177 | 0.5478551946441854
35, 63, 37, 36, 65, 81 | 0.44177 | 0.5850483511033969
35, 63, 37, 36, 23, 81 | 0.44466 | 0.5768658566823704
35, 63, 36, 65, 23, 81 | 0.43751 | 0.5512025787255145
35, 63, 23, 81, 62, 92 | 0.42273 | 0.5984790874524715
35, 34, 63, 36, 65, 81 | 0.44643 | 0.563352343168857
35, 34, 63, 37, 36, 81 | 0.45177 | 0.5859161914207786
35, 34, 63, 37, 65, 81 | 0.44952 | 0.5576493925117778
35, 34, 37, 62, 11, 92 | 0.4225 | 0.593916349809886
35, 10, 34, 63, 65, 81 | 0.45587 | 0.5802132407636995
35, 10, 63, 65, 23, 81 | 0.44721 | 0.5694272253905281
35, 10, 63, 36, 23, 81 | 0.4466 | 0.5913711877014629
35, 10, 63, 37, 36, 23 | 0.45271 | 0.5877363063499758
35, 10, 63, 37, 23, 81 | 0.45408 | 0.5971981155467394
35, 42, 10, 34, 63, 37 | 0.46861 | 0.5795521163090632
35, 33, 42, 34, 63, 37 | 0.48193 | 0.5681791534763747
35, 33, 10, 65, 23, 81 | 0.46674 | 0.5891395983139103
35, 33, 10, 63, 37, 23 | 0.47429 | 0.5992486669898206
35, 33, 10, 63, 36, 23 | 0.46746 | 0.5985215705283567
35, 33, 10, 63, 65, 81 | 0.46846 | 0.5877758492437392
35, 33, 10, 63, 23, 81 | 0.46937 | 0.5773617654351599
35, 33, 10, 34, 63, 37 | 0.48088 | 0.5693516238714973
35, 33, 10, 34, 63, 81 | 0.47741 | 0.5876518720555418
35, 33, 34, 63, 37, 36 | 0.47284 | 0.5953516090584029
35, 33, 34, 63, 37, 81 | 0.47379 | 0.5673196131911729
35, 33, 34, 63, 36, 81 | 0.47005 | 0.5727746094718572
35, 33, 34, 63, 65, 81 | 0.46751 | 0.5409124721051326
35, 33, 63, 65, 23, 81 | 0.45873 | 0.5283907760971981
35, 33, 63, 36, 65, 81 | 0.46044 | 0.5714108604016861
35, 33, 63, 36, 23, 81 | 0.46163 | 0.5601289362757252
35, 33, 63, 37, 36, 23 | 0.46607 | 0.5849491032476976
35, 33, 63, 37, 36, 81 | 0.46456 | 0.5940986858418051
35, 33, 63, 37, 65, 81 | 0.46408 | 0.5665757500619886
35, 33, 63, 37, 23, 81 | 0.46661 | 0.55802132407637
35, 33, 37, 65, 23, 81 | 0.46159 | 0.5681874535085544
35, 33, 37, 36, 23, 81 | 0.46492 | 0.5967022067939499
35, 33, 36, 65, 23, 81 | 0.45871 | 0.5742623357302257
35, 30, 33, 65, 23, 81 | 0.48466 | 0.5777336969997521
35, 30, 33, 37, 36, 23 | 0.48985 | 0.599369849733398
35, 30, 33, 63, 36, 81 | 0.48512 | 0.5991817505578974
35, 30, 33, 63, 65, 81 | 0.48571 | 0.5748822216712125
35, 30, 33, 63, 23, 81 | 0.48625 | 0.5644681378626333
35, 30, 10, 63, 23, 81 | 0.47419 | 0.5998016364988842
35, 30, 34, 63, 37, 81 | 0.47712 | 0.5906273245722787
35, 30, 34, 63, 36, 81 | 0.47255 | 0.5909992561368708
35, 30, 34, 63, 65, 81 | 0.47141 | 0.5638482519216464
35, 30, 63, 65, 23, 81 | 0.46316 | 0.5535581453012646
35, 30, 63, 36, 65, 81 | 0.46389 | 0.5897594842548971
35, 30, 63, 36, 23, 81 | 0.46446 | 0.5803372179518969
35, 30, 63, 37, 36, 23 | 0.46931 | 0.5985215705283567
35, 30, 63, 37, 65, 81 | 0.46805 | 0.5900074386312918
35, 30, 63, 37, 23, 81 | 0.47033 | 0.5823208529630548
35, 30, 37, 65, 23, 81 | 0.46529 | 0.5921150508306472
35, 30, 36, 65, 23, 81 | 0.46169 | 0.592734936771634
35, 1, 63, 36, 23, 81 | 0.46427 | 0.599429704934292
9, 65, 81, 62, 11, 92 | 0.3786 | 0.5971102661596959
9, 36, 65, 62, 11, 92 | 0.37892 | 0.5961977186311787
9, 36, 65, 81, 11, 92 | 0.38251 | 0.5989353612167301
9, 36, 65, 23, 81, 11 | 0.39267 | 0.5598064418569484
9, 36, 23, 81, 62, 11 | 0.38899 | 0.5520943595947376
9, 37, 36, 81, 62, 11 | 0.38577 | 0.5384848026614245
9, 37, 36, 65, 23, 11 | 0.39492 | 0.5601088764554665
9, 37, 65, 23, 81, 11 | 0.39483 | 0.5557235747769544
9, 63, 37, 81, 62, 11 | 0.39943 | 0.5551187055799184
9, 63, 37, 23, 81, 11 | 0.40709 | 0.5582942688643581
9, 63, 37, 65, 23, 11 | 0.40566 | 0.5725086949947074
9, 63, 37, 65, 81, 11 | 0.40221 | 0.5596552245576893
9, 63, 37, 36, 65, 23 | 0.40787 | 0.5759815802229763
9, 63, 37, 36, 65, 11 | 0.40174 | 0.5635868743384244
9, 63, 37, 36, 23, 11 | 0.40669 | 0.562377135944352
9, 63, 37, 36, 62, 11 | 0.39908 | 0.5595040072584304
9, 63, 36, 81, 62, 11 | 0.39562 | 0.5582942688643581
9, 63, 36, 23, 81, 11 | 0.40243 | 0.5584454861636171
9, 63, 36, 23, 62, 11 | 0.39843 | 0.5696355663087858
9, 63, 36, 65, 23, 11 | 0.40221 | 0.5758354755784062
9, 63, 36, 65, 81, 11 | 0.39929 | 0.562377135944352
9, 63, 65, 23, 81, 11 | 0.40277 | 0.5723574776954483
9, 63, 23, 81, 62, 11 | 0.39868 | 0.566460003024346
9, 34, 63, 65, 81, 11 | 0.41066 | 0.5799183426584001
9, 34, 63, 36, 65, 11 | 0.4097 | 0.5829426886435808
9, 34, 63, 36, 81, 11 | 0.40965 | 0.5694843490095267
9, 34, 63, 37, 81, 11 | 0.41303 | 0.566762437622864
9, 34, 37, 65, 81, 11 | 0.401 | 0.5607137456525026
9, 34, 36, 65, 81, 11 | 0.39998 | 0.566460003024346
9, 10, 34, 36, 65, 11 | 0.40679 | 0.5808256464539543
9, 10, 34, 63, 37, 11 | 0.42051 | 0.5843036443369122
9, 10, 34, 63, 65, 11 | 0.41768 | 0.5968546801754121
9, 10, 34, 63, 81, 11 | 0.41718 | 0.5827914713443217
9, 10, 63, 81, 62, 11 | 0.40277 | 0.570996522002117
9, 10, 63, 23, 81, 11 | 0.41003 | 0.5719038257976713
9, 10, 63, 65, 23, 11 | 0.4103 | 0.5894450325117193
9, 10, 63, 65, 81, 11 | 0.40715 | 0.5753818236806291
9, 10, 63, 36, 65, 23 | 0.41191 | 0.5842220067862336
9, 10, 63, 36, 65, 11 | 0.40557 | 0.5770452139724784
9, 10, 63, 36, 23, 11 | 0.40871 | 0.5737184333887797
9, 10, 63, 36, 62, 11 | 0.40152 | 0.5734159987902616
9, 10, 63, 37, 65, 23 | 0.41626 | 0.5868880271449346
9, 10, 63, 37, 65, 11 | 0.41022 | 0.5758354755784062
9, 10, 63, 37, 23, 11 | 0.41497 | 0.5768939966732194
9, 10, 63, 37, 62, 11 | 0.40705 | 0.5731135641917435
9, 10, 37, 81, 62, 11 | 0.3941 | 0.5498261001058521
9, 10, 37, 65, 23, 11 | 0.40384 | 0.5716013911991532
9, 10, 36, 81, 62, 11 | 0.38975 | 0.5520943595947376
9, 10, 36, 65, 23, 11 | 0.39997 | 0.5738696506880387
9, 42, 10, 65, 23, 11 | 0.40189 | 0.5790110388628459
9, 42, 10, 37, 23, 11 | 0.40663 | 0.5675185241191593
9, 42, 10, 37, 62, 11 | 0.39761 | 0.5629820051413882
9, 42, 10, 63, 37, 23 | 0.41838 | 0.5718613669413476
9, 42, 10, 63, 37, 11 | 0.41135 | 0.5720550430969303
9, 42, 10, 63, 65, 11 | 0.40911 | 0.5843036443369122
9, 42, 10, 63, 23, 11 | 0.41185 | 0.5847572962346892
9, 42, 10, 63, 62, 11 | 0.40503 | 0.5830939059428398
9, 42, 10, 34, 63, 11 | 0.41802 | 0.5938303341902313
9, 42, 34, 63, 37, 11 | 0.41638 | 0.5797671253591411
9, 42, 63, 81, 62, 11 | 0.39689 | 0.5658551338273099
9, 42, 63, 65, 23, 11 | 0.40481 | 0.5818841675487676
9, 42, 63, 37, 65, 23 | 0.41127 | 0.5982792050412021
9, 42, 63, 37, 65, 11 | 0.40658 | 0.5696355663087858
9, 42, 63, 37, 23, 11 | 0.41147 | 0.5731135641917435
9, 42, 63, 37, 62, 11 | 0.40409 | 0.5694843490095267
9, 42, 37, 65, 23, 11 | 0.39862 | 0.5657039165280509
9, 42, 36, 65, 23, 11 | 0.39317 | 0.5678209587176773
9, 33, 10, 81, 62, 11 | 0.42539 | 0.5930742476939362
9, 33, 10, 37, 23, 11 | 0.43758 | 0.5977619839709662
9, 33, 10, 63, 37, 23 | 0.44832 | 0.573194377120698
9, 33, 10, 63, 37, 11 | 0.43957 | 0.5997278088613337
9, 33, 63, 81, 62, 11 | 0.42885 | 0.5962498109783759
9, 33, 63, 23, 81, 11 | 0.43586 | 0.5974595493724482
9, 33, 63, 36, 81, 11 | 0.43021 | 0.5873279903220928
9, 33, 63, 37, 65, 11 | 0.43433 | 0.5992741569635567
9, 33, 63, 37, 23, 11 | 0.43922 | 0.5982156358687434
9, 33, 63, 37, 62, 11 | 0.43155 | 0.5944352033872675
9, 33, 37, 81, 62, 11 | 0.42195 | 0.5768939966732194
9, 33, 37, 65, 23, 11 | 0.429 | 0.5954937244820807
9, 33, 37, 36, 65, 23 | 0.43131 | 0.5837372758119244
9, 33, 37, 36, 65, 11 | 0.42416 | 0.5886889460154242
9, 33, 37, 36, 23, 11 | 0.43084 | 0.5859670346287615
9, 33, 37, 36, 62, 11 | 0.42195 | 0.5817329502495086
9, 33, 36, 81, 62, 11 | 0.41983 | 0.5826402540450627
9, 33, 65, 23, 81, 11 | 0.42738 | 0.5976107666717072
9, 30, 33, 63, 37, 23 | 0.46877 | 0.5928259815802229
9, 30, 10, 81, 62, 11 | 0.42156 | 0.5914108574020868
9, 30, 10, 37, 23, 11 | 0.43307 | 0.5962498109783759
9, 30, 10, 63, 37, 23 | 0.4439 | 0.5782840523509453
9, 30, 10, 63, 37, 11 | 0.43573 | 0.5973083320731891
9, 30, 63, 81, 62, 11 | 0.42434 | 0.5948888552850446
9, 30, 63, 23, 81, 11 | 0.43036 | 0.5959473763798578
9, 30, 63, 36, 62, 11 | 0.42317 | 0.5991229396642976
9, 30, 63, 37, 65, 11 | 0.42981 | 0.5977619839709662
9, 30, 63, 37, 23, 11 | 0.43425 | 0.596552245576894
9, 30, 63, 37, 62, 11 | 0.42736 | 0.5926205957961591
9, 30, 37, 81, 62, 11 | 0.41672 | 0.5759866928776652
9, 30, 37, 65, 23, 11 | 0.42411 | 0.5954937244820807
9, 30, 36, 81, 62, 11 | 0.4137 | 0.5814305156509905
9, 30, 65, 23, 81, 11 | 0.42232 | 0.5974595493724482
1, 36, 65, 81, 62, 11 | 0.36805 | 0.5746257371843339
1, 36, 65, 23, 81, 11 | 0.37605 | 0.5762891274761833
1, 36, 23, 81, 62, 11 | 0.37201 | 0.5658551338273099
1, 37, 36, 81, 62, 11 | 0.37493 | 0.5614698321487979
1, 37, 36, 23, 81, 11 | 0.38361 | 0.5649478300317556
1, 37, 36, 65, 23, 81 | 0.38531 | 0.5922390280188445
1, 37, 36, 65, 23, 11 | 0.38043 | 0.5764403447754423
1, 37, 36, 65, 81, 11 | 0.37783 | 0.5705428701043399
1, 37, 65, 23, 81, 11 | 0.38144 | 0.5697867836080448
1, 63, 37, 81, 62, 11 | 0.38575 | 0.5732647814910026
1, 63, 37, 23, 81, 11 | 0.39255 | 0.5755330409798881
1, 63, 37, 65, 23, 81 | 0.39538 | 0.5643441606744359
1, 63, 37, 65, 23, 11 | 0.38762 | 0.5859670346287615
1, 63, 37, 65, 81, 11 | 0.38874 | 0.5830939059428398
1, 63, 37, 36, 65, 23 | 0.39434 | 0.5880998545807077
1, 63, 37, 36, 65, 81 | 0.39326 | 0.5919910736424497
1, 63, 37, 36, 65, 11 | 0.38759 | 0.588084076818388
1, 63, 37, 36, 23, 81 | 0.397 | 0.5852963054797917
1, 63, 37, 36, 23, 11 | 0.39108 | 0.583698775139876
1, 63, 37, 36, 81, 11 | 0.38793 | 0.5735672160895207
1, 63, 37, 36, 62, 11 | 0.38432 | 0.5805232118554363
1, 63, 36, 81, 62, 11 | 0.37882 | 0.5788598215635868
1, 63, 36, 23, 81, 11 | 0.38454 | 0.5790110388628459
1, 63, 36, 23, 62, 11 | 0.37717 | 0.5823378194465447
1, 63, 36, 65, 23, 81 | 0.38991 | 0.5588891643937516
1, 63, 36, 65, 23, 11 | 0.38127 | 0.5926205957961591
1, 63, 36, 65, 81, 11 | 0.38292 | 0.5882352941176471
1, 63, 36, 65, 62, 11 | 0.37549 | 0.5889913806139422
1, 63, 65, 81, 62, 11 | 0.3767 | 0.5833963405413579
1, 63, 65, 23, 81, 11 | 0.38275 | 0.5864206865265387
1, 63, 23, 81, 62, 11 | 0.37852 | 0.5741720852865568
1, 34, 63, 81, 62, 11 | 0.38786 | 0.5873279903220928
1, 34, 63, 65, 81, 11 | 0.39264 | 0.5968546801754121
1, 34, 63, 36, 65, 81 | 0.39954 | 0.5675675675675675
1, 34, 63, 36, 81, 11 | 0.39393 | 0.5929230303946772
1, 34, 63, 36, 62, 11 | 0.3862 | 0.5960985936791169
1, 34, 63, 37, 36, 81 | 0.40453 | 0.5922390280188445
1, 34, 63, 37, 36, 11 | 0.39842 | 0.5950400725843037
1, 34, 63, 37, 65, 81 | 0.40338 | 0.5706669972725018
1, 34, 63, 37, 65, 11 | 0.3956 | 0.5939815514894904
1, 34, 63, 37, 81, 11 | 0.40015 | 0.5874792076213519
1, 34, 37, 65, 81, 11 | 0.38921 | 0.5797671253591411
1, 34, 37, 36, 81, 11 | 0.39075 | 0.5764403447754423
1, 34, 36, 65, 81, 11 | 0.38548 | 0.5873279903220928
1, 10, 34, 65, 81, 11 | 0.39717 | 0.5992741569635567
1, 10, 34, 36, 81, 11 | 0.39589 | 0.5905035536065326
1, 10, 34, 37, 81, 11 | 0.40256 | 0.5871767730228338
1, 10, 34, 63, 65, 81 | 0.41065 | 0.5866600545499628
1, 10, 63, 81, 62, 11 | 0.39029 | 0.5902011190080145
1, 10, 63, 23, 81, 11 | 0.39631 | 0.592318161197641
1, 10, 63, 65, 23, 81 | 0.40142 | 0.5795933548227126
1, 10, 63, 36, 23, 81 | 0.39969 | 0.5958343664765683
1, 10, 63, 36, 23, 11 | 0.39388 | 0.5948888552850446
1, 10, 63, 36, 81, 11 | 0.39097 | 0.5858158173295025
1, 10, 63, 36, 62, 11 | 0.38805 | 0.5929230303946772
1, 10, 63, 37, 65, 11 | 0.39992 | 0.5991229396642976
1, 10, 63, 37, 23, 11 | 0.40326 | 0.5945864206865266
1, 10, 63, 37, 81, 11 | 0.39987 | 0.5852109481324663
1, 10, 63, 37, 62, 11 | 0.39629 | 0.5912596401028277
1, 10, 37, 81, 62, 11 | 0.38722 | 0.5725086949947074
1, 10, 37, 23, 81, 11 | 0.39575 | 0.5753818236806291
1, 10, 37, 65, 23, 11 | 0.3928 | 0.5870255557235747
1, 10, 37, 65, 81, 11 | 0.39034 | 0.5815817329502495
1, 10, 37, 36, 65, 23 | 0.39532 | 0.5853126514784295
1, 10, 37, 36, 65, 11 | 0.38871 | 0.5824890367458038
1, 10, 37, 36, 23, 11 | 0.39378 | 0.5791622561621049
1, 10, 37, 36, 81, 11 | 0.38727 | 0.5670648722213821
1, 10, 37, 36, 62, 11 | 0.38531 | 0.5753818236806291
1, 10, 36, 81, 62, 11 | 0.37959 | 0.5755330409798881
1, 10, 36, 23, 81, 11 | 0.38738 | 0.5767427793739603
1, 10, 36, 65, 23, 11 | 0.38613 | 0.5915620747013458
1, 10, 36, 65, 81, 11 | 0.38407 | 0.5852109481324663
1, 10, 65, 23, 81, 11 | 0.38819 | 0.5883865114169061
1, 42, 10, 81, 62, 11 | 0.38455 | 0.5832451232420989
1, 42, 10, 65, 23, 11 | 0.39245 | 0.5977619839709662
1, 42, 10, 37, 23, 11 | 0.40217 | 0.5889913806139422
1, 42, 10, 63, 37, 23 | 0.41451 | 0.593189529810955
1, 42, 10, 34, 63, 37 | 0.42068 | 0.57157931762223
1, 42, 10, 34, 37, 11 | 0.40773 | 0.5995765915620747
1, 42, 34, 65, 81, 11 | 0.38908 | 0.592166943898382
1, 42, 63, 81, 62, 11 | 0.38513 | 0.5892938152124603
1, 42, 63, 23, 81, 11 | 0.39072 | 0.5892938152124603
1, 42, 63, 65, 81, 11 | 0.38857 | 0.596552245576894
1, 42, 63, 36, 23, 11 | 0.39066 | 0.5959473763798578
1, 42, 63, 36, 62, 11 | 0.38529 | 0.5956449417813398
1, 42, 63, 37, 23, 11 | 0.40179 | 0.5947376379857856
1, 42, 63, 37, 62, 11 | 0.39512 | 0.5929230303946772
1, 42, 37, 81, 62, 11 | 0.38257 | 0.5712989566006351
1, 42, 37, 65, 23, 11 | 0.38977 | 0.583849992439135
1, 42, 37, 36, 65, 23 | 0.39116 | 0.5917353368880272
1, 42, 37, 36, 65, 11 | 0.38502 | 0.5833963405413579
1, 42, 37, 36, 23, 11 | 0.3908 | 0.5799183426584001
1, 42, 37, 36, 62, 11 | 0.3828 | 0.5778013004687736
1, 42, 36, 81, 62, 11 | 0.37352 | 0.5746257371843339
1, 42, 36, 65, 23, 11 | 0.38115 | 0.5876304249206109
1, 42, 65, 23, 81, 11 | 0.38094 | 0.5812792983517314
1, 33, 42, 63, 37, 23 | 0.43302 | 0.5950072709646146
1, 33, 42, 34, 63, 37 | 0.43884 | 0.5646617422910072
1, 33, 42, 10, 34, 63 | 0.44019 | 0.5760805903713249
1, 33, 42, 10, 63, 37 | 0.43671 | 0.5750967288075977
1, 33, 42, 10, 37, 23 | 0.43276 | 0.590159961221522
1, 33, 10, 65, 23, 81 | 0.42233 | 0.5973220927349367
1, 33, 10, 63, 37, 23 | 0.43499 | 0.5826466311197286
1, 33, 10, 63, 36, 23 | 0.42749 | 0.5819195346582646
1, 33, 10, 63, 65, 81 | 0.42762 | 0.5958343664765683
1, 33, 10, 63, 23, 81 | 0.42976 | 0.5887676667493181
1, 33, 10, 34, 63, 37 | 0.4415 | 0.5756829640051588
1, 33, 10, 34, 63, 81 | 0.43796 | 0.5952144805355815
1, 33, 34, 63, 37, 81 | 0.43322 | 0.58207289858666
1, 33, 34, 63, 36, 81 | 0.42906 | 0.5802132407636995
1, 33, 34, 63, 65, 81 | 0.42705 | 0.5530622365484751
1, 33, 63, 65, 23, 81 | 0.41794 | 0.5462434911976196
1, 33, 63, 36, 65, 81 | 0.41788 | 0.5798413091991074
1, 33, 63, 36, 23, 81 | 0.42036 | 0.5717827919662782
1, 33, 63, 37, 36, 23 | 0.42513 | 0.5693165293262239
1, 33, 63, 37, 65, 81 | 0.42199 | 0.582692784527647
1, 33, 63, 37, 23, 81 | 0.42611 | 0.5767418794941731
1, 33, 37, 81, 62, 11 | 0.40584 | 0.5883865114169061
1, 33, 37, 23, 81, 11 | 0.41426 | 0.5927718130954182
1, 33, 37, 65, 23, 81 | 0.41604 | 0.5831886932804364
1, 33, 37, 65, 81, 11 | 0.40828 | 0.5985180704672615
1, 33, 37, 36, 65, 23 | 0.41529 | 0.5856761997091614
1, 33, 37, 36, 23, 11 | 0.41322 | 0.5985180704672615
1, 33, 37, 36, 81, 11 | 0.40853 | 0.5888401633146833
1, 33, 37, 36, 62, 11 | 0.40488 | 0.5929230303946772
1, 33, 36, 81, 62, 11 | 0.40098 | 0.5960985936791169
1, 33, 36, 23, 81, 11 | 0.40861 | 0.5989717223650386
1, 33, 36, 65, 23, 81 | 0.41249 | 0.580709149516489
1, 30, 33, 65, 23, 81 | 0.43651 | 0.5794693776345152
1, 30, 33, 63, 37, 23 | 0.44742 | 0.5895540475036355
1, 30, 33, 63, 36, 23 | 0.44136 | 0.5888269510421716
1, 30, 33, 63, 36, 81 | 0.43982 | 0.5984378874287131
1, 30, 33, 63, 65, 81 | 0.44091 | 0.578725514505331
1, 30, 33, 63, 23, 81 | 0.44281 | 0.571038928837094
1, 30, 33, 34, 63, 37 | 0.45383 | 0.5679446593973502
1, 30, 33, 34, 63, 81 | 0.45099 | 0.5783535829407389
1, 30, 33, 10, 34, 63 | 0.45871 | 0.5968138690406466
1, 30, 33, 10, 63, 37 | 0.45408 | 0.5789658811115019
1, 30, 33, 10, 37, 23 | 0.45158 | 0.5927047988366456
1, 30, 42, 34, 63, 37 | 0.43481 | 0.5653652245280807
1, 30, 42, 10, 34, 63 | 0.43705 | 0.5683495373081879
1, 30, 42, 10, 63, 37 | 0.43391 | 0.5750967288075977
1, 30, 42, 10, 37, 23 | 0.42837 | 0.5987639360155114
1, 30, 10, 36, 81, 11 | 0.40645 | 0.5991229396642976
1, 30, 10, 63, 37, 23 | 0.43135 | 0.5912506059137179
1, 30, 10, 34, 63, 37 | 0.43818 | 0.5783796459139406
1, 30, 34, 36, 65, 81 | 0.41502 | 0.5959583436647656
1, 30, 34, 37, 81, 11 | 0.41541 | 0.5976107666717072
1, 30, 34, 63, 37, 81 | 0.42802 | 0.5974460699231341
1, 30, 34, 63, 36, 81 | 0.4228 | 0.5896355070666998
1, 30, 34, 63, 65, 81 | 0.42259 | 0.5657079097446069
1, 30, 63, 65, 23, 81 | 0.41358 | 0.5575254153235805
1, 30, 63, 36, 65, 81 | 0.41269 | 0.5880238036201338
1, 30, 63, 36, 23, 81 | 0.41385 | 0.5802132407636995
1, 30, 63, 37, 36, 23 | 0.41957 | 0.5750121182743577
1, 30, 63, 37, 65, 81 | 0.41769 | 0.5968261839821473
1, 30, 63, 37, 23, 81 | 0.42087 | 0.5906273245722787
1, 30, 63, 37, 81, 11 | 0.4123 | 0.5959473763798578
1, 30, 37, 81, 62, 11 | 0.40083 | 0.5870255557235747
1, 30, 37, 23, 81, 11 | 0.40858 | 0.587932859519129
1, 30, 37, 65, 23, 81 | 0.41078 | 0.5964542524175551
1, 30, 37, 65, 23, 11 | 0.40472 | 0.5994253742628156
1, 30, 37, 65, 81, 11 | 0.40362 | 0.5945864206865266
1, 30, 37, 36, 65, 23 | 0.40972 | 0.5907658749394086
1, 30, 37, 36, 23, 11 | 0.40691 | 0.596401028277635
1, 30, 37, 36, 81, 11 | 0.40193 | 0.5850597308332073
1, 30, 37, 36, 62, 11 | 0.39936 | 0.5936791168909723
1, 30, 36, 81, 62, 11 | 0.39445 | 0.5945864206865266
1, 30, 36, 23, 81, 11 | 0.40137 | 0.5944352033872675
1, 30, 36, 65, 23, 81 | 0.40625 | 0.5881477808083313
30, 65, 23, 81, 62, 11 | 0.36082 | 0.5292605474066233
30, 36, 65, 81, 62, 11 | 0.36111 | 0.5313775895962498
30, 36, 65, 23, 81, 11 | 0.36994 | 0.5360653258732799
30, 36, 65, 23, 62, 11 | 0.36032 | 0.5353092393769847
30, 36, 23, 81, 62, 11 | 0.36532 | 0.5274459398155149
30, 37, 36, 81, 62, 11 | 0.36583 | 0.5138363828822017
30, 37, 36, 23, 81, 62 | 0.37362 | 0.5949183780937335
30, 37, 36, 23, 81, 11 | 0.37462 | 0.5195826402540451
30, 37, 36, 23, 62, 11 | 0.36938 | 0.5257825495236655
30, 37, 36, 65, 23, 81 | 0.37723 | 0.5638482519216464
30, 37, 36, 65, 23, 11 | 0.37296 | 0.532587327990322
30, 37, 36, 65, 81, 11 | 0.36903 | 0.5218508997429306
30, 37, 36, 65, 62, 11 | 0.36369 | 0.5230606381370029
30, 37, 65, 81, 62, 11 | 0.36421 | 0.5185241191592318
30, 37, 65, 23, 81, 11 | 0.37343 | 0.5263874187207016
30, 37, 65, 23, 62, 11 | 0.36312 | 0.5212460305458945
30, 37, 23, 81, 62, 11 | 0.3701 | 0.5168607288673824
30, 63, 37, 81, 62, 11 | 0.37718 | 0.5227582035384848
30, 63, 37, 23, 81, 62 | 0.38357 | 0.5885992627698788
30, 63, 37, 23, 81, 11 | 0.38365 | 0.5262362014214426
30, 63, 37, 23, 62, 11 | 0.37621 | 0.5291093301073643
30, 63, 37, 65, 23, 81 | 0.38713 | 0.5311182742375403
30, 63, 37, 65, 23, 11 | 0.37976 | 0.5395433237562377
30, 63, 37, 65, 81, 11 | 0.38024 | 0.532133676092545
30, 63, 37, 65, 62, 11 | 0.37261 | 0.5304702858006956
30, 63, 37, 36, 65, 23 | 0.38674 | 0.5410809500727096
30, 63, 37, 36, 65, 81 | 0.38421 | 0.5618646169104885
30, 63, 37, 36, 65, 11 | 0.37942 | 0.5380311507636474
30, 63, 37, 36, 23, 81 | 0.38804 | 0.5529382593602777
30, 63, 37, 36, 23, 62 | 0.38299 | 0.5917588204318062
30, 63, 37, 36, 23, 11 | 0.38266 | 0.5360653258732799
30, 63, 37, 36, 81, 62 | 0.38083 | 0.5497630331753555
30, 63, 37, 36, 81, 11 | 0.37843 | 0.519128988356268
30, 63, 37, 36, 62, 11 | 0.37593 | 0.5313775895962498
30, 63, 36, 81, 62, 11 | 0.37149 | 0.5351580220777257
30, 63, 36, 23, 81, 62 | 0.37897 | 0.5738546603475514
30, 63, 36, 23, 81, 11 | 0.37732 | 0.5354604566762438
30, 63, 36, 23, 62, 11 | 0.37082 | 0.5424164524421594
30, 63, 36, 65, 23, 81 | 0.38364 | 0.5292586164145797
30, 63, 36, 65, 23, 11 | 0.37537 | 0.5508846212006654
30, 63, 36, 65, 81, 62 | 0.37656 | 0.5926803580832016
30, 63, 36, 65, 81, 11 | 0.3759 | 0.5421140178436413
30, 63, 36, 65, 62, 11 | 0.36888 | 0.5454407984273401
30, 63, 65, 81, 62, 11 | 0.37005 | 0.5401481929532739
30, 63, 65, 23, 81, 11 | 0.37649 | 0.544684711931045
30, 63, 65, 23, 62, 11 | 0.36423 | 0.540904279449569
30, 63, 23, 81, 62, 11 | 0.37182 | 0.5337970663843944
30, 34, 63, 81, 62, 11 | 0.38182 | 0.5461968849236353
30, 34, 63, 65, 81, 11 | 0.38714 | 0.5540601844851051
30, 34, 63, 65, 62, 11 | 0.37499 | 0.5522455768939967
30, 34, 63, 36, 65, 81 | 0.39357 | 0.5395487230349616
30, 34, 63, 36, 65, 11 | 0.38551 | 0.5602600937547255
30, 34, 63, 36, 81, 62 | 0.38835 | 0.5971563981042654
30, 34, 63, 36, 81, 11 | 0.38766 | 0.5477090579162256
30, 34, 63, 36, 62, 11 | 0.38023 | 0.5552699228791774
30, 34, 63, 37, 36, 65 | 0.39478 | 0.5948626045400239
30, 34, 63, 37, 36, 81 | 0.39618 | 0.5622365484750805
30, 34, 63, 37, 36, 11 | 0.3909 | 0.5458944503251172
30, 34, 63, 37, 65, 81 | 0.39566 | 0.5399206545995536
30, 34, 63, 37, 65, 11 | 0.38846 | 0.5477090579162256
30, 34, 63, 37, 81, 11 | 0.39235 | 0.5369726296688341
30, 34, 63, 37, 62, 11 | 0.38408 | 0.5395433237562377
30, 34, 37, 81, 62, 11 | 0.37788 | 0.5259337668229246
30, 34, 37, 65, 81, 11 | 0.38186 | 0.5347043701799485
30, 34, 37, 36, 65, 81 | 0.38519 | 0.5709149516488966
30, 34, 37, 36, 65, 11 | 0.38101 | 0.5398457583547558
30, 34, 37, 36, 81, 11 | 0.38264 | 0.5282020263118101
30, 34, 37, 36, 62, 11 | 0.37661 | 0.5340995009829125
30, 34, 36, 81, 62, 11 | 0.37452 | 0.5387872372599425
30, 34, 36, 65, 81, 11 | 0.37982 | 0.545138363828822
30, 34, 36, 65, 62, 11 | 0.3703 | 0.5461968849236353
30, 34, 65, 81, 62, 11 | 0.37134 | 0.540450627551792
30, 10, 34, 81, 62, 11 | 0.38835 | 0.5558747920762135
30, 10, 34, 65, 81, 11 | 0.39388 | 0.5646453954332376
30, 10, 34, 36, 65, 81 | 0.39608 | 0.5903793701958839
30, 10, 34, 36, 65, 11 | 0.39187 | 0.5640405262362014
30, 10, 34, 36, 81, 11 | 0.39148 | 0.5502797520036292
30, 10, 34, 36, 62, 11 | 0.38644 | 0.5582942688643581
30, 10, 34, 37, 36, 11 | 0.39528 | 0.5480114925147437
30, 10, 34, 37, 65, 81 | 0.399 | 0.5949665261591867
30, 10, 34, 37, 65, 11 | 0.3956 | 0.5573869650688039
30, 10, 34, 37, 81, 11 | 0.39694 | 0.5457432330258581
30, 10, 34, 37, 62, 11 | 0.39133 | 0.5511870557991835
30, 10, 34, 63, 37, 81 | 0.40957 | 0.5906273245722787
30, 10, 34, 63, 37, 11 | 0.40531 | 0.5650990473310147
30, 10, 34, 63, 36, 65 | 0.40467 | 0.5912783751493429
30, 10, 34, 63, 36, 81 | 0.404 | 0.5841805107860154
30, 10, 34, 63, 36, 11 | 0.39895 | 0.5691819144110086
30, 10, 34, 63, 65, 81 | 0.40697 | 0.5662038184973964
30, 10, 34, 63, 65, 11 | 0.39976 | 0.5799183426584001
30, 10, 34, 63, 81, 11 | 0.40112 | 0.5675185241191593
30, 10, 34, 63, 62, 11 | 0.39423 | 0.5728111295932254
30, 10, 63, 81, 62, 11 | 0.38537 | 0.553606532587328
30, 10, 63, 23, 81, 11 | 0.39153 | 0.5542114017843641
30, 10, 63, 23, 62, 11 | 0.38519 | 0.5614698321487979
30, 10, 63, 65, 23, 81 | 0.39743 | 0.5596330275229358
30, 10, 63, 65, 23, 11 | 0.39028 | 0.570996522002117
30, 10, 63, 65, 81, 11 | 0.3903 | 0.5619234840465749
30, 10, 63, 65, 62, 11 | 0.38357 | 0.5658551338273099
30, 10, 63, 36, 65, 23 | 0.39556 | 0.5620455647115851
30, 10, 63, 36, 65, 81 | 0.39315 | 0.5818249442102653
30, 10, 63, 36, 65, 11 | 0.38838 | 0.5620747013458339
30, 10, 63, 36, 23, 81 | 0.39455 | 0.5741383585420282
30, 10, 63, 36, 23, 11 | 0.38953 | 0.5564796612732497
30, 10, 63, 36, 81, 62 | 0.38814 | 0.561216429699842
30, 10, 63, 36, 81, 11 | 0.38514 | 0.5413579313473461
30, 10, 63, 36, 62, 11 | 0.38335 | 0.5563284439739906
30, 10, 63, 37, 36, 65 | 0.39676 | 0.5740740740740741
30, 10, 63, 37, 36, 23 | 0.40024 | 0.525811924381968
30, 10, 63, 37, 36, 62 | 0.39299 | 0.5803054239073197
30, 10, 63, 37, 36, 11 | 0.39139 | 0.5421140178436413
30, 10, 63, 37, 65, 23 | 0.40094 | 0.5650751333010179
30, 10, 63, 37, 65, 81 | 0.39818 | 0.5892635755021076
30, 10, 63, 37, 65, 11 | 0.3943 | 0.5576893996673219
30, 10, 63, 37, 23, 81 | 0.40181 | 0.5824448301512521
30, 10, 63, 37, 23, 11 | 0.3976 | 0.5543626190836232
30, 10, 63, 37, 81, 62 | 0.39455 | 0.5772775144813059
30, 10, 63, 37, 81, 11 | 0.3929 | 0.5393921064569787
30, 10, 63, 37, 62, 11 | 0.39056 | 0.5523967941932557
30, 10, 37, 81, 62, 11 | 0.38076 | 0.5331921971873582
30, 10, 37, 23, 81, 11 | 0.38959 | 0.536367760471798
30, 10, 37, 23, 62, 11 | 0.38446 | 0.5431725389384545
30, 10, 37, 65, 23, 81 | 0.39144 | 0.5896355070666998
30, 10, 37, 65, 23, 11 | 0.38806 | 0.5505821866021473
30, 10, 37, 65, 81, 11 | 0.38416 | 0.5412067140480871
30, 10, 37, 65, 62, 11 | 0.37902 | 0.5439286254347497
30, 10, 37, 36, 65, 23 | 0.39023 | 0.5428986912263694
30, 10, 37, 36, 65, 11 | 0.38288 | 0.54075306215031
30, 10, 37, 36, 23, 11 | 0.38809 | 0.5395433237562377
30, 10, 37, 36, 81, 62 | 0.3804 | 0.5753027909426014
30, 10, 37, 36, 81, 11 | 0.3798 | 0.5212460305458945
30, 10, 37, 36, 62, 11 | 0.37933 | 0.5345531528806895
30, 10, 36, 81, 62, 11 | 0.37419 | 0.5378799334643883
30, 10, 36, 23, 81, 11 | 0.38249 | 0.5395433237562377
30, 10, 36, 23, 62, 11 | 0.378 | 0.5471041887191894
30, 10, 36, 65, 23, 81 | 0.38715 | 0.5838085792214233
30, 10, 36, 65, 23, 11 | 0.38294 | 0.5560260093754725
30, 10, 36, 65, 81, 11 | 0.37915 | 0.5460456676243762
30, 10, 36, 65, 62, 11 | 0.37423 | 0.5504309693028883
30, 10, 65, 81, 62, 11 | 0.37591 | 0.5508846212006654
30, 10, 65, 23, 81, 11 | 0.38456 | 0.5557235747769544
30, 10, 23, 81, 62, 11 | 0.3796 | 0.5445334946317859
30, 42, 10, 81, 62, 11 | 0.38212 | 0.5525480114925148
30, 42, 10, 65, 23, 11 | 0.39201 | 0.5699380009073038
30, 42, 10, 36, 65, 23 | 0.39232 | 0.570891904992729
30, 42, 10, 36, 65, 11 | 0.38604 | 0.5595040072584304
30, 42, 10, 36, 23, 11 | 0.38958 | 0.5566308785725087
30, 42, 10, 36, 62, 11 | 0.38179 | 0.5545138363828822
30, 42, 10, 37, 65, 23 | 0.39975 | 0.575496849248667
30, 42, 10, 37, 65, 11 | 0.39405 | 0.5564796612732497
30, 42, 10, 37, 23, 11 | 0.39965 | 0.5576893996673219
30, 42, 10, 37, 62, 11 | 0.39116 | 0.5530016633902919
30, 42, 10, 63, 37, 23 | 0.41167 | 0.5615608337372758
30, 42, 10, 63, 37, 11 | 0.4044 | 0.5628307878421291
30, 42, 10, 63, 65, 23 | 0.4045 | 0.593189529810955
30, 42, 10, 63, 65, 11 | 0.39885 | 0.5778013004687736
30, 42, 10, 63, 23, 11 | 0.40065 | 0.5758354755784062
30, 42, 10, 63, 62, 11 | 0.39453 | 0.5740208679872978
30, 42, 10, 34, 63, 37 | 0.41775 | 0.5685308945949115
30, 42, 10, 34, 63, 11 | 0.40834 | 0.5858158173295025
30, 42, 10, 34, 37, 11 | 0.40522 | 0.5655526992287918
30, 42, 10, 34, 65, 11 | 0.39949 | 0.5768939966732194
30, 42, 34, 81, 62, 11 | 0.38137 | 0.5514894903977015
30, 42, 34, 65, 81, 11 | 0.38613 | 0.5552699228791774
30, 42, 34, 36, 65, 11 | 0.38648 | 0.5613186148495388
30, 42, 34, 36, 81, 11 | 0.38454 | 0.5468017541206714
30, 42, 34, 36, 62, 11 | 0.38176 | 0.5585967034628762
30, 42, 34, 37, 81, 11 | 0.39165 | 0.5431725389384545
30, 42, 34, 63, 37, 11 | 0.40366 | 0.5637380916376834
30, 42, 34, 63, 36, 11 | 0.3956 | 0.5696355663087858
30, 42, 34, 63, 65, 11 | 0.39551 | 0.5735672160895207
30, 42, 34, 63, 81, 11 | 0.39552 | 0.5620747013458339
30, 42, 34, 63, 62, 11 | 0.39083 | 0.5712989566006351
30, 42, 63, 81, 62, 11 | 0.38124 | 0.5513382730984424
30, 42, 63, 23, 81, 11 | 0.38711 | 0.5519431422954786
30, 42, 63, 23, 62, 11 | 0.38304 | 0.5602600937547255
30, 42, 63, 65, 23, 81 | 0.39113 | 0.5939747086536077
30, 42, 63, 65, 23, 11 | 0.38708 | 0.5660063511265688
30, 42, 63, 65, 81, 11 | 0.38517 | 0.5560260093754725
30, 42, 63, 65, 62, 11 | 0.38078 | 0.5619234840465749
30, 42, 63, 36, 65, 23 | 0.39157 | 0.5745273873000485
30, 42, 63, 36, 65, 11 | 0.38549 | 0.5610161802510207
30, 42, 63, 36, 23, 11 | 0.38733 | 0.5596552245576893
30, 42, 63, 36, 81, 62 | 0.38323 | 0.5721432332806741
30, 42, 63, 36, 81, 11 | 0.38104 | 0.5416603659458642
30, 42, 63, 36, 62, 11 | 0.38141 | 0.5573869650688039
30, 42, 63, 37, 36, 65 | 0.3947 | 0.5980884109916368
30, 42, 63, 37, 36, 23 | 0.39886 | 0.5419292292777509
30, 42, 63, 37, 36, 62 | 0.39169 | 0.5967614533965245
30, 42, 63, 37, 36, 11 | 0.39112 | 0.5454407984273401
30, 42, 63, 37, 65, 23 | 0.39869 | 0.5787687833252545
30, 42, 63, 37, 65, 11 | 0.39344 | 0.553757749886587
30, 42, 63, 37, 23, 11 | 0.3973 | 0.5548162709814003
30, 42, 63, 37, 81, 62 | 0.39119 | 0.5913638757240653
30, 42, 63, 37, 81, 11 | 0.3907 | 0.5380311507636474
30, 42, 63, 37, 62, 11 | 0.39052 | 0.5501285347043702
30, 42, 37, 81, 62, 11 | 0.37686 | 0.5304702858006956
30, 42, 37, 23, 81, 11 | 0.38543 | 0.5344019355814306
30, 42, 37, 23, 62, 11 | 0.38276 | 0.5424164524421594
30, 42, 37, 65, 23, 11 | 0.38563 | 0.5475578406169666
30, 42, 37, 65, 81, 11 | 0.37947 | 0.5354604566762438
30, 42, 37, 36, 65, 23 | 0.38674 | 0.5550169655841009
30, 42, 37, 36, 65, 11 | 0.38038 | 0.540904279449569
30, 42, 37, 36, 23, 11 | 0.38596 | 0.5433237562377136
30, 42, 37, 36, 62, 11 | 0.37745 | 0.536367760471798
30, 42, 36, 81, 62, 11 | 0.36859 | 0.5369726296688341
30, 42, 36, 23, 81, 11 | 0.3766 | 0.5383335853621655
30, 42, 36, 23, 62, 11 | 0.37444 | 0.5484651444125208
30, 42, 36, 65, 23, 11 | 0.37844 | 0.5542114017843641
30, 42, 36, 65, 81, 11 | 0.37265 | 0.5418115832451232
30, 42, 36, 65, 62, 11 | 0.37016 | 0.549372448208075
30, 42, 65, 81, 62, 11 | 0.36948 | 0.544835929230304
30, 42, 65, 23, 81, 11 | 0.37793 | 0.5475578406169666
30, 42, 23, 81, 62, 11 | 0.37373 | 0.540904279449569
30, 33, 42, 81, 62, 11 | 0.40328 | 0.5756842582791472
30, 33, 42, 23, 81, 11 | 0.41114 | 0.5773476485709965
30, 33, 42, 65, 23, 11 | 0.41043 | 0.5912596401028277
30, 33, 42, 65, 81, 11 | 0.40688 | 0.5818841675487676
30, 33, 42, 36, 65, 23 | 0.41499 | 0.575496849248667
30, 33, 42, 36, 65, 11 | 0.40733 | 0.5861182519280206
30, 33, 42, 36, 23, 11 | 0.41159 | 0.5841524270376531
30, 33, 42, 36, 62, 11 | 0.40374 | 0.5808256464539543
30, 33, 42, 37, 65, 23 | 0.42041 | 0.5775569558894813
30, 33, 42, 37, 65, 11 | 0.41343 | 0.5784061696658098
30, 33, 42, 37, 23, 11 | 0.4194 | 0.5791622561621049
30, 33, 42, 37, 62, 11 | 0.41096 | 0.5728111295932254
30, 33, 42, 63, 37, 23 | 0.43094 | 0.5638633058652448
30, 33, 42, 63, 37, 11 | 0.42267 | 0.5808256464539543
30, 33, 42, 63, 36, 65 | 0.4204 | 0.5990442054958184
30, 33, 42, 63, 36, 23 | 0.42321 | 0.5592583616093069
30, 33, 42, 63, 36, 11 | 0.41408 | 0.588084076818388
30, 33, 42, 63, 65, 23 | 0.42237 | 0.5948860882210373
30, 33, 42, 63, 65, 11 | 0.4156 | 0.5968546801754121
30, 33, 42, 63, 23, 11 | 0.41798 | 0.5954937244820807
30, 33, 42, 63, 81, 11 | 0.41375 | 0.5817329502495086
30, 33, 42, 63, 62, 11 | 0.41182 | 0.5933766822924542
30, 33, 42, 34, 63, 37 | 0.43679 | 0.561847813342713
30, 33, 42, 34, 37, 11 | 0.42474 | 0.5865719038257977
30, 33, 42, 34, 36, 11 | 0.41851 | 0.592318161197641
30, 33, 42, 34, 81, 11 | 0.41815 | 0.5862694692272796
30, 33, 42, 10, 34, 63 | 0.44088 | 0.558158603724962
30, 33, 42, 10, 63, 37 | 0.43555 | 0.5694688709110095
30, 33, 42, 10, 63, 23 | 0.43372 | 0.5771934076587494
30, 33, 42, 10, 37, 23 | 0.43215 | 0.5619243819680078
30, 33, 42, 10, 37, 11 | 0.42353 | 0.583698775139876
30, 33, 42, 10, 65, 23 | 0.42585 | 0.5937954435288415
30, 33, 42, 10, 23, 11 | 0.42269 | 0.5983668531680024
30, 33, 42, 10, 62, 11 | 0.41502 | 0.596401028277635
30, 33, 10, 81, 62, 11 | 0.40814 | 0.5784061696658098
30, 33, 10, 23, 81, 11 | 0.41612 | 0.5800695599576592
30, 33, 10, 23, 62, 11 | 0.40974 | 0.5865719038257977
30, 33, 10, 65, 23, 81 | 0.42112 | 0.5836846020332259
30, 33, 10, 65, 23, 11 | 0.41429 | 0.5954937244820807
30, 33, 10, 65, 81, 11 | 0.41263 | 0.5868743384243157
30, 33, 10, 36, 65, 23 | 0.41967 | 0.5637421231216675
30, 33, 10, 36, 65, 11 | 0.41104 | 0.5861182519280206
30, 33, 10, 36, 23, 81 | 0.41929 | 0.5993057277460947
30, 33, 10, 36, 23, 11 | 0.41458 | 0.5824890367458038
30, 33, 10, 36, 81, 62 | 0.411 | 0.5922854133754608
30, 33, 10, 36, 81, 11 | 0.4086 | 0.5679721760169364
30, 33, 10, 36, 62, 11 | 0.40655 | 0.5802207772569182
30, 33, 10, 37, 36, 65 | 0.41796 | 0.5991636798088411
30, 33, 10, 37, 36, 23 | 0.42336 | 0.5279932137663597
30, 33, 10, 37, 36, 11 | 0.41317 | 0.5650990473310147
30, 33, 10, 37, 65, 23 | 0.42338 | 0.5662869607367911
30, 33, 10, 37, 65, 11 | 0.41536 | 0.5800695599576592
30, 33, 10, 37, 23, 11 | 0.42053 | 0.5779525177680327
30, 33, 10, 37, 81, 11 | 0.41462 | 0.562225918645093
30, 33, 10, 37, 62, 11 | 0.412 | 0.5740208679872978
30, 33, 10, 63, 37, 65 | 0.42808 | 0.598805256869773
30, 33, 10, 63, 37, 23 | 0.43182 | 0.5477460009694619
30, 33, 10, 63, 37, 11 | 0.42234 | 0.5790110388628459
30, 33, 10, 63, 36, 65 | 0.42352 | 0.5757467144563919
30, 33, 10, 63, 36, 23 | 0.4255 | 0.5456858943286476
30, 33, 10, 63, 36, 81 | 0.42069 | 0.5948425489709893
30, 33, 10, 63, 36, 62 | 0.41901 | 0.5918904686677199
30, 33, 10, 63, 36, 11 | 0.41545 | 0.5850597308332073
30, 33, 10, 63, 65, 23 | 0.42605 | 0.5814348036839554
30, 33, 10, 63, 65, 81 | 0.42529 | 0.5812050582692785
30, 33, 10, 63, 65, 11 | 0.41809 | 0.5980644185694843
30, 33, 10, 63, 23, 81 | 0.42714 | 0.5741383585420282
30, 33, 10, 63, 23, 11 | 0.41964 | 0.5939815514894904
30, 33, 10, 63, 81, 62 | 0.42065 | 0.5908372827804107
30, 33, 10, 63, 81, 11 | 0.41718 | 0.5824890367458038
30, 33, 10, 63, 62, 11 | 0.41335 | 0.5936791168909723
30, 33, 10, 34, 63, 37 | 0.43881 | 0.570172353148083
30, 33, 10, 34, 63, 81 | 0.43593 | 0.5812050582692785
30, 33, 10, 34, 37, 11 | 0.42699 | 0.5850597308332073
30, 33, 10, 34, 36, 11 | 0.42256 | 0.5914108574020868
30, 33, 10, 34, 65, 81 | 0.42943 | 0.5882717579965286
30, 33, 10, 34, 81, 11 | 0.4243 | 0.5894450325117193
30, 33, 34, 81, 62, 11 | 0.40692 | 0.5729623468924845
30, 33, 34, 65, 81, 11 | 0.41184 | 0.5812792983517314
30, 33, 34, 36, 65, 81 | 0.41812 | 0.569055293825936
30, 33, 34, 36, 65, 11 | 0.41073 | 0.5861182519280206
30, 33, 34, 36, 81, 11 | 0.413 | 0.5741720852865568
30, 33, 34, 36, 62, 11 | 0.40598 | 0.5803719945561773
30, 33, 34, 37, 36, 81 | 0.41956 | 0.5880238036201338
30, 33, 34, 37, 36, 11 | 0.41472 | 0.570694087403599
30, 33, 34, 37, 65, 81 | 0.41878 | 0.5650880238036201
30, 33, 34, 37, 65, 11 | 0.41189 | 0.5737184333887797
30, 33, 34, 37, 81, 11 | 0.41584 | 0.5634356570391653
30, 33, 34, 37, 62, 11 | 0.40797 | 0.5655526992287918
30, 33, 34, 63, 37, 36 | 0.42718 | 0.5830750893921335
30, 33, 34, 63, 37, 81 | 0.428 | 0.5561616662534093
30, 33, 34, 63, 37, 11 | 0.42028 | 0.5753818236806291
30, 33, 34, 63, 36, 65 | 0.42329 | 0.598805256869773
30, 33, 34, 63, 36, 81 | 0.42523 | 0.5596330275229358
30, 33, 34, 63, 36, 11 | 0.41685 | 0.5895962498109784
30, 33, 34, 63, 65, 81 | 0.42433 | 0.5319861145549218
30, 33, 34, 63, 65, 11 | 0.41362 | 0.5911084228035687
30, 33, 34, 63, 81, 11 | 0.41811 | 0.5817329502495086
30, 33, 34, 63, 62, 11 | 0.40862 | 0.583849992439135
30, 33, 63, 81, 62, 11 | 0.40253 | 0.5703916528050809
30, 33, 63, 23, 81, 11 | 0.40835 | 0.570694087403599
30, 33, 63, 23, 62, 11 | 0.39943 | 0.5737184333887797
30, 33, 63, 65, 23, 81 | 0.41482 | 0.522687825440119
30, 33, 63, 65, 23, 11 | 0.40383 | 0.5840012097383941
30, 33, 63, 65, 81, 11 | 0.40662 | 0.5785573869650688
30, 33, 63, 65, 62, 11 | 0.39752 | 0.5778013004687736
30, 33, 63, 36, 65, 23 | 0.41414 | 0.5616820164808531
30, 33, 63, 36, 65, 81 | 0.41364 | 0.5577733696999752
30, 33, 63, 36, 65, 11 | 0.40552 | 0.5833963405413579
30, 33, 63, 36, 23, 81 | 0.416 | 0.5479791718323829
30, 33, 63, 36, 23, 11 | 0.40735 | 0.579464690760623
30, 33, 63, 36, 81, 62 | 0.40971 | 0.5654291732490785
30, 33, 63, 36, 81, 11 | 0.40539 | 0.5661575684258279
30, 33, 63, 36, 62, 11 | 0.40142 | 0.5781037350672917
30, 33, 63, 37, 36, 65 | 0.41585 | 0.5805256869772999
30, 33, 63, 37, 36, 23 | 0.41985 | 0.5260542898691226
30, 33, 63, 37, 36, 81 | 0.41487 | 0.5768658566823704
30, 33, 63, 37, 36, 62 | 0.4126 | 0.580568720379147
30, 33, 63, 37, 36, 11 | 0.40962 | 0.5632844397399063
30, 33, 63, 37, 65, 23 | 0.41687 | 0.5608337372758119
30, 33, 63, 37, 65, 81 | 0.41637 | 0.5569055293825936
30, 33, 63, 37, 65, 11 | 0.40905 | 0.5702404355058218
30, 33, 63, 37, 23, 81 | 0.42023 | 0.5477312174559881
30, 33, 63, 37, 23, 11 | 0.41248 | 0.5655526992287918
30, 33, 63, 37, 81, 62 | 0.41328 | 0.5759610321221695
30, 33, 63, 37, 81, 11 | 0.41057 | 0.553908967185846
30, 33, 63, 37, 62, 11 | 0.40586 | 0.5617722667473158
30, 33, 37, 81, 62, 11 | 0.40017 | 0.5492212309088159
30, 33, 37, 23, 81, 11 | 0.40851 | 0.553606532587328
30, 33, 37, 23, 62, 11 | 0.40118 | 0.5573869650688039
30, 33, 37, 65, 23, 81 | 0.41137 | 0.5586412100173568
30, 33, 37, 65, 23, 11 | 0.40438 | 0.5673673068199002
30, 33, 37, 65, 81, 11 | 0.40289 | 0.5595040072584304
30, 33, 37, 65, 62, 11 | 0.39554 | 0.5570845304702858
30, 33, 37, 36, 65, 23 | 0.4111 | 0.5430198739699467
30, 33, 37, 36, 65, 81 | 0.40675 | 0.586412100173568
30, 33, 37, 36, 65, 11 | 0.40224 | 0.5637380916376834
30, 33, 37, 36, 23, 81 | 0.41265 | 0.5809571038928837
30, 33, 37, 36, 23, 11 | 0.40781 | 0.5620747013458339
30, 33, 37, 36, 81, 62 | 0.40367 | 0.5779357556608742
30, 33, 37, 36, 81, 11 | 0.40173 | 0.5445334946317859
30, 33, 37, 36, 62, 11 | 0.39929 | 0.5560260093754725
30, 33, 36, 81, 62, 11 | 0.39629 | 0.5617722667473158
30, 33, 36, 23, 81, 11 | 0.40424 | 0.5638893089369423
30, 33, 36, 23, 62, 11 | 0.39778 | 0.5703916528050809
30, 33, 36, 65, 23, 81 | 0.40939 | 0.5607488222167121
30, 33, 36, 65, 23, 11 | 0.40181 | 0.5788598215635868
30, 33, 36, 65, 81, 11 | 0.40016 | 0.5699380009073038
30, 33, 36, 65, 62, 11 | 0.39347 | 0.5717526084984123
30, 33, 65, 81, 62, 11 | 0.3942 | 0.5679721760169364
30, 33, 65, 23, 81, 11 | 0.40253 | 0.5737184333887797
30, 33, 23, 81, 62, 11 | 0.39826 | 0.5625283532436111
33, 23, 81, 62, 11, 92 | 0.35813 | 0.5203041825095057
33, 65, 23, 62, 11, 92 | 0.34994 | 0.503574144486692
33, 65, 23, 81, 62, 11 | 0.36037 | 0.5206411613488583
33, 65, 23, 81, 62, 92 | 0.36031 | 0.5187832699619772
33, 65, 23, 81, 11, 92 | 0.36275 | 0.5244106463878327
33, 65, 81, 62, 11, 92 | 0.35452 | 0.5084410646387832
33, 36, 65, 62, 11, 92 | 0.35471 | 0.5095057034220533
33, 36, 65, 81, 62, 11 | 0.36188 | 0.5216996824436716
33, 36, 65, 81, 62, 92 | 0.36173 | 0.5212167300380228
33, 36, 65, 81, 11, 92 | 0.36188 | 0.52
33, 36, 65, 23, 81, 11 | 0.37128 | 0.5289581128081052
33, 36, 65, 23, 81, 92 | 0.37057 | 0.5370342205323194
33, 36, 65, 23, 62, 11 | 0.36072 | 0.5283532436110691
33, 36, 65, 23, 62, 92 | 0.36098 | 0.5216730038022813
33, 36, 65, 23, 11, 92 | 0.3629 | 0.526235741444867
33, 36, 23, 62, 11, 92 | 0.35844 | 0.5234980988593156
33, 36, 23, 81, 62, 11 | 0.3671 | 0.5186753364584908
33, 36, 23, 81, 62, 92 | 0.36587 | 0.5346007604562738
33, 36, 23, 81, 11, 92 | 0.36545 | 0.5335361216730038
33, 36, 81, 62, 11, 92 | 0.35761 | 0.5212167300380228
33, 37, 36, 62, 11, 92 | 0.36131 | 0.5207604562737642
33, 37, 36, 81, 62, 11 | 0.36736 | 0.5034023892333283
33, 37, 36, 81, 62, 92 | 0.36555 | 0.5280608365019012
33, 37, 36, 81, 11, 92 | 0.36381 | 0.5256273764258556
33, 37, 36, 23, 81, 62 | 0.37564 | 0.591495523959979
33, 37, 36, 23, 81, 11 | 0.37707 | 0.5091486466051717
33, 37, 36, 23, 81, 92 | 0.37453 | 0.5449429657794677
33, 37, 36, 23, 62, 11 | 0.37074 | 0.5158022077725691
33, 37, 36, 23, 62, 92 | 0.36935 | 0.5341444866920152
33, 37, 36, 23, 11, 92 | 0.36977 | 0.538403041825095
33, 37, 36, 65, 23, 81 | 0.37895 | 0.5484750805851724
33, 37, 36, 65, 23, 11 | 0.37398 | 0.5244215938303342
33, 37, 36, 65, 23, 92 | 0.37297 | 0.5370342205323194
33, 37, 36, 65, 81, 62 | 0.36842 | 0.5978146392838336
33, 37, 36, 65, 81, 11 | 0.37004 | 0.5135339482836837
33, 37, 36, 65, 81, 92 | 0.36889 | 0.528212927756654
33, 37, 36, 65, 62, 11 | 0.36393 | 0.5139876001814607
33, 37, 36, 65, 62, 92 | 0.3634 | 0.5192395437262357
33, 37, 36, 65, 11, 92 | 0.36445 | 0.5212167300380228
33, 37, 65, 62, 11, 92 | 0.35631 | 0.5061596958174905
33, 37, 65, 81, 62, 11 | 0.36382 | 0.5088462120066536
33, 37, 65, 81, 62, 92 | 0.36299 | 0.5186311787072243
33, 37, 65, 81, 11, 92 | 0.36419 | 0.5210646387832699
33, 37, 65, 23, 81, 11 | 0.37372 | 0.5188265537577499
33, 37, 65, 23, 81, 92 | 0.37248 | 0.5349049429657795
33, 37, 65, 23, 62, 11 | 0.36229 | 0.5120217752910933
33, 37, 65, 23, 62, 92 | 0.36188 | 0.5154372623574145
33, 37, 65, 23, 11, 92 | 0.36513 | 0.5225855513307984
33, 37, 23, 62, 11, 92 | 0.36163 | 0.5192395437262357
33, 37, 23, 81, 62, 11 | 0.37053 | 0.5080901255103584
33, 37, 23, 81, 62, 92 | 0.36886 | 0.5306463878326996
33, 37, 23, 81, 11, 92 | 0.36954 | 0.5347528517110266
33, 37, 81, 62, 11, 92 | 0.36116 | 0.5206083650190114
33, 63, 37, 62, 11, 92 | 0.36718 | 0.5228897338403041
33, 63, 37, 81, 62, 11 | 0.3766 | 0.5170119461666415
33, 63, 37, 81, 62, 92 | 0.37499 | 0.5387072243346007
33, 63, 37, 81, 11, 92 | 0.37201 | 0.5397718631178707
33, 63, 37, 23, 81, 62 | 0.38375 | 0.5850447604002106
33, 63, 37, 23, 81, 11 | 0.38398 | 0.5198850748525631
33, 63, 37, 23, 81, 92 | 0.38174 | 0.5511787072243346
33, 63, 37, 23, 62, 11 | 0.37514 | 0.5213972478451535
33, 63, 37, 23, 62, 92 | 0.37436 | 0.5304942965779468
33, 63, 37, 23, 11, 92 | 0.37342 | 0.5365779467680608
33, 63, 37, 65, 23, 81 | 0.38751 | 0.5096702206793949
33, 63, 37, 65, 23, 11 | 0.37887 | 0.532587327990322
33, 63, 37, 65, 23, 92 | 0.37825 | 0.5393155893536121
33, 63, 37, 65, 81, 62 | 0.37907 | 0.5975513428120063
33, 63, 37, 65, 81, 11 | 0.3798 | 0.5266898533192197
33, 63, 37, 65, 81, 92 | 0.37845 | 0.5444866920152092
33, 63, 37, 65, 62, 11 | 0.37107 | 0.5224557689399667
33, 63, 37, 65, 62, 92 | 0.37071 | 0.525171102661597
33, 63, 37, 65, 11, 92 | 0.37075 | 0.5280608365019012
33, 63, 37, 36, 65, 23 | 0.38748 | 0.5265390208434318
33, 63, 37, 36, 65, 81 | 0.38506 | 0.5456236052566328
33, 63, 37, 36, 65, 62 | 0.37885 | 0.5992627698788836
33, 63, 37, 36, 65, 11 | 0.3794 | 0.5313775895962498
33, 63, 37, 36, 65, 92 | 0.37843 | 0.5434220532319392
33, 63, 37, 36, 23, 81 | 0.38986 | 0.5375650880238036
33, 63, 37, 36, 23, 62 | 0.3838 | 0.5887309110057926
33, 63, 37, 36, 23, 11 | 0.38375 | 0.5283532436110691
33, 63, 37, 36, 23, 92 | 0.38187 | 0.5542205323193916
33, 63, 37, 36, 81, 62 | 0.3819 | 0.5456819378620327
33, 63, 37, 36, 81, 11 | 0.37964 | 0.5123242098896114
33, 63, 37, 36, 81, 92 | 0.37708 | 0.5484410646387833
33, 63, 37, 36, 62, 11 | 0.37611 | 0.5241191592318161
33, 63, 37, 36, 62, 92 | 0.37495 | 0.5390114068441064
33, 63, 37, 36, 11, 92 | 0.37179 | 0.5405323193916349
33, 63, 36, 62, 11, 92 | 0.36284 | 0.5304942965779468
33, 63, 36, 81, 62, 11 | 0.37237 | 0.5288068955088462
33, 63, 36, 81, 62, 92 | 0.3712 | 0.5438783269961978
33, 63, 36, 81, 11, 92 | 0.36693 | 0.5399239543726235
33, 63, 36, 23, 81, 62 | 0.38026 | 0.573986308583465
33, 63, 36, 23, 81, 11 | 0.37905 | 0.5289581128081052
33, 63, 36, 23, 81, 92 | 0.37729 | 0.5530038022813688
33, 63, 36, 23, 62, 11 | 0.37119 | 0.536216543172539
33, 63, 36, 23, 62, 92 | 0.37085 | 0.5387072243346007
33, 63, 36, 23, 11, 92 | 0.36837 | 0.5402281368821292
33, 63, 36, 65, 23, 81 | 0.38472 | 0.5147532853954873
33, 63, 36, 65, 23, 11 | 0.3757 | 0.5445334946317859
33, 63, 36, 65, 23, 92 | 0.37548 | 0.5452471482889734
33, 63, 36, 65, 81, 62 | 0.37703 | 0.588204318062138
33, 63, 36, 65, 81, 11 | 0.37649 | 0.5351580220777257
33, 63, 36, 65, 81, 92 | 0.37567 | 0.5449429657794677
33, 63, 36, 65, 62, 11 | 0.36854 | 0.5380311507636474
33, 63, 36, 65, 62, 92 | 0.36885 | 0.5306463878326996
33, 63, 36, 65, 11, 92 | 0.36738 | 0.5327756653992396
33, 63, 65, 62, 11, 92 | 0.35789 | 0.512851711026616
33, 63, 65, 81, 62, 11 | 0.36891 | 0.5327385452895811
33, 63, 65, 81, 62, 92 | 0.36879 | 0.5318631178707224
33, 63, 65, 81, 11, 92 | 0.36775 | 0.5335361216730038
33, 63, 65, 23, 81, 11 | 0.37614 | 0.5384848026614245
33, 63, 65, 23, 81, 92 | 0.37551 | 0.5453992395437263
33, 63, 65, 23, 62, 11 | 0.36254 | 0.5316800241947679
33, 63, 65, 23, 62, 92 | 0.36313 | 0.52
33, 63, 65, 23, 11, 92 | 0.36378 | 0.5274524714828898
33, 63, 23, 62, 11, 92 | 0.35891 | 0.5184790874524715
33, 63, 23, 81, 62, 11 | 0.37136 | 0.527899591713292
33, 63, 23, 81, 62, 92 | 0.37058 | 0.5370342205323194
33, 63, 23, 81, 11, 92 | 0.36857 | 0.5396197718631178
33, 63, 81, 62, 11, 92 | 0.36308 | 0.5295817490494297
33, 34, 63, 62, 11, 92 | 0.36934 | 0.5324714828897339
33, 34, 63, 81, 62, 11 | 0.38169 | 0.5393921064569787
33, 34, 63, 81, 62, 92 | 0.38076 | 0.5508745247148289
33, 34, 63, 81, 11, 92 | 0.37957 | 0.5549809885931559
33, 34, 63, 65, 81, 11 | 0.38716 | 0.5483139271132618
33, 34, 63, 65, 81, 92 | 0.38628 | 0.5590874524714828
33, 34, 63, 65, 62, 11 | 0.37371 | 0.5424164524421594
33, 34, 63, 65, 62, 92 | 0.3741 | 0.5338403041825095
33, 34, 63, 65, 11, 92 | 0.37491 | 0.5422053231939163
33, 34, 63, 36, 65, 81 | 0.39497 | 0.5257872551450533
33, 34, 63, 36, 65, 11 | 0.38623 | 0.553757749886587
33, 34, 63, 36, 65, 92 | 0.38578 | 0.5580228136882129
33, 34, 63, 36, 81, 62 | 0.38987 | 0.5947867298578199
33, 34, 63, 36, 81, 11 | 0.38937 | 0.5421140178436413
33, 34, 63, 36, 81, 92 | 0.3877 | 0.5648669201520913
33, 34, 63, 36, 62, 11 | 0.38093 | 0.5481627098140027
33, 34, 63, 36, 62, 92 | 0.38068 | 0.5493536121673004
33, 34, 63, 36, 11, 92 | 0.379 | 0.5534600760456274
33, 34, 63, 37, 36, 65 | 0.39574 | 0.5917562724014337
33, 34, 63, 37, 36, 81 | 0.39814 | 0.5466154227622118
33, 34, 63, 37, 36, 11 | 0.39201 | 0.5396945410554967
33, 34, 63, 37, 36, 92 | 0.39024 | 0.5639543726235742
33, 34, 63, 37, 65, 81 | 0.39632 | 0.5187205554178032
33, 34, 63, 37, 65, 11 | 0.3879 | 0.5402994102525329
33, 34, 63, 37, 65, 92 | 0.38692 | 0.5525475285171103
33, 34, 63, 37, 81, 11 | 0.39284 | 0.532436110691063
33, 34, 63, 37, 81, 92 | 0.39064 | 0.5631939163498099
33, 34, 63, 37, 62, 11 | 0.38333 | 0.5312263722969908
33, 34, 63, 37, 62, 92 | 0.38249 | 0.5412927756653992
33, 34, 63, 37, 11, 92 | 0.3823 | 0.5496577946768061
33, 34, 37, 62, 11, 92 | 0.3695 | 0.528212927756654
33, 34, 37, 81, 62, 11 | 0.37835 | 0.5177680326629367
33, 34, 37, 81, 62, 92 | 0.37668 | 0.5403802281368821
33, 34, 37, 81, 11, 92 | 0.37791 | 0.5458555133079848
33, 34, 37, 65, 81, 11 | 0.38218 | 0.5289581128081052
33, 34, 37, 65, 81, 92 | 0.38086 | 0.5463117870722434
33, 34, 37, 65, 62, 11 | 0.37101 | 0.5209435959473764
33, 34, 37, 65, 62, 92 | 0.37049 | 0.526083650190114
33, 34, 37, 65, 11, 92 | 0.37363 | 0.5346007604562738
33, 34, 37, 36, 65, 81 | 0.38688 | 0.5551698487478304
33, 34, 37, 36, 65, 11 | 0.38191 | 0.532587327990322
33, 34, 37, 36, 65, 92 | 0.38074 | 0.547680608365019
33, 34, 37, 36, 81, 11 | 0.38474 | 0.5210948132466354
33, 34, 37, 36, 81, 92 | 0.38248 | 0.5526996197718631
33, 34, 37, 36, 62, 11 | 0.37785 | 0.5250264630273703
33, 34, 37, 36, 62, 92 | 0.37667 | 0.5402281368821292
33, 34, 37, 36, 11, 92 | 0.3776 | 0.5464638783269962
33, 34, 36, 62, 11, 92 | 0.3678 | 0.533384030418251
33, 34, 36, 81, 62, 11 | 0.37629 | 0.5309239376984727
33, 34, 36, 81, 62, 92 | 0.3752 | 0.5447908745247149
33, 34, 36, 81, 11, 92 | 0.37526 | 0.5455513307984791
33, 34, 36, 65, 81, 11 | 0.38123 | 0.5392408891577196
33, 34, 36, 65, 81, 92 | 0.38037 | 0.5496577946768061
33, 34, 36, 65, 62, 11 | 0.37086 | 0.5389384545592015
33, 34, 36, 65, 62, 92 | 0.37107 | 0.5330798479087453
33, 34, 36, 65, 11, 92 | 0.37288 | 0.5390114068441064
33, 34, 65, 62, 11, 92 | 0.36072 | 0.5174144486692015
33, 34, 65, 81, 62, 11 | 0.37117 | 0.532436110691063
33, 34, 65, 81, 62, 92 | 0.37094 | 0.5332319391634981
33, 34, 65, 81, 11, 92 | 0.37323 | 0.5388593155893536
33, 34, 81, 62, 11, 92 | 0.36793 | 0.5341444866920152
33, 10, 34, 62, 11, 92 | 0.37924 | 0.5569581749049429
33, 10, 34, 81, 62, 11 | 0.38739 | 0.5472554060184485
33, 10, 34, 81, 62, 92 | 0.3861 | 0.5642585551330799
33, 10, 34, 81, 11, 92 | 0.3867 | 0.5669961977186312
33, 10, 34, 65, 81, 11 | 0.39286 | 0.5575381823680629
33, 10, 34, 65, 81, 92 | 0.39184 | 0.5704942965779468
33, 10, 34, 65, 11, 92 | 0.38481 | 0.5630418250950571
33, 10, 34, 36, 65, 81 | 0.39665 | 0.576369947929581
33, 10, 34, 36, 65, 11 | 0.39173 | 0.5576893996673219
33, 10, 34, 36, 65, 92 | 0.39074 | 0.5701901140684411
33, 10, 34, 36, 81, 11 | 0.39234 | 0.5439286254347497
33, 10, 34, 36, 81, 92 | 0.39037 | 0.571254752851711
33, 10, 34, 36, 62, 11 | 0.38638 | 0.5511870557991835
33, 10, 34, 36, 62, 92 | 0.38536 | 0.564106463878327
33, 10, 34, 36, 11, 92 | 0.38567 | 0.5673003802281369
33, 10, 34, 37, 36, 81 | 0.39811 | 0.5952144805355815
33, 10, 34, 37, 36, 11 | 0.39578 | 0.5415091486466052
33, 10, 34, 37, 36, 92 | 0.39354 | 0.5729277566539924
33, 10, 34, 37, 65, 81 | 0.39881 | 0.5767418794941731
33, 10, 34, 37, 65, 11 | 0.39444 | 0.5498261001058521
33, 10, 34, 37, 65, 92 | 0.39295 | 0.5698859315589354
33, 10, 34, 37, 81, 11 | 0.39674 | 0.5387872372599425
33, 10, 34, 37, 81, 92 | 0.39436 | 0.572319391634981
33, 10, 34, 37, 62, 11 | 0.39005 | 0.5412067140480871
33, 10, 34, 37, 62, 92 | 0.38849 | 0.5622813688212928
33, 10, 34, 37, 11, 92 | 0.39007 | 0.5686692015209125
33, 10, 34, 63, 37, 81 | 0.4095 | 0.5706669972725018
33, 10, 34, 63, 37, 11 | 0.40418 | 0.5567820958717677
33, 10, 34, 63, 37, 92 | 0.40237 | 0.5817490494296578
33, 10, 34, 63, 36, 65 | 0.40443 | 0.5881720430107527
33, 10, 34, 63, 36, 81 | 0.40477 | 0.5684354078849492
33, 10, 34, 63, 36, 11 | 0.39893 | 0.5619234840465749
33, 10, 34, 63, 36, 92 | 0.39749 | 0.5812927756653993
33, 10, 34, 63, 65, 81 | 0.40609 | 0.5473592858913959
33, 10, 34, 63, 65, 11 | 0.39807 | 0.5691819144110086
33, 10, 34, 63, 65, 92 | 0.3973 | 0.578403041825095
33, 10, 34, 63, 81, 11 | 0.40042 | 0.5598064418569484
33, 10, 34, 63, 81, 92 | 0.39876 | 0.5825095057034221
33, 10, 34, 63, 62, 11 | 0.39219 | 0.5616210494480569
33, 10, 34, 63, 62, 92 | 0.39152 | 0.569277566539924
33, 10, 34, 63, 11, 92 | 0.39071 | 0.5733840304182509
33, 10, 63, 62, 11, 92 | 0.37466 | 0.5508745247148289
33, 10, 63, 81, 62, 11 | 0.38335 | 0.5461968849236353
33, 10, 63, 81, 62, 92 | 0.38223 | 0.5606083650190115
33, 10, 63, 81, 11, 92 | 0.37894 | 0.5595437262357414
33, 10, 63, 23, 81, 11 | 0.39081 | 0.5468017541206714
33, 10, 63, 23, 81, 92 | 0.38886 | 0.5738403041825095
33, 10, 63, 23, 62, 11 | 0.38303 | 0.5525480114925148
33, 10, 63, 23, 62, 92 | 0.3823 | 0.56106463878327
33, 10, 63, 23, 11, 92 | 0.3808 | 0.564106463878327
33, 10, 63, 65, 23, 81 | 0.39638 | 0.5396727002231589
33, 10, 63, 65, 23, 11 | 0.3883 | 0.5607137456525026
33, 10, 63, 65, 23, 92 | 0.38755 | 0.5695817490494297
33, 10, 63, 65, 81, 11 | 0.38852 | 0.5534553152880689
33, 10, 63, 65, 81, 92 | 0.38738 | 0.568212927756654
33, 10, 63, 65, 62, 11 | 0.38064 | 0.5540601844851051
33, 10, 63, 65, 62, 92 | 0.38045 | 0.5543726235741445
33, 10, 63, 65, 11, 92 | 0.38006 | 0.55787072243346
33, 10, 63, 36, 65, 23 | 0.39504 | 0.5478671837130392
33, 10, 63, 36, 65, 81 | 0.39273 | 0.5660798413091991
33, 10, 63, 36, 65, 11 | 0.38728 | 0.5531528806895509
33, 10, 63, 36, 65, 92 | 0.38627 | 0.5659315589353612
33, 10, 63, 36, 23, 81 | 0.39531 | 0.5576493925117778
33, 10, 63, 36, 23, 62 | 0.39003 | 0.5997893628225381
33, 10, 63, 36, 23, 11 | 0.38937 | 0.5502797520036292
33, 10, 63, 36, 23, 92 | 0.38765 | 0.5738403041825095
33, 10, 63, 36, 81, 62 | 0.38782 | 0.5610847814639284
33, 10, 63, 36, 81, 11 | 0.38518 | 0.5357628912747618
33, 10, 63, 36, 81, 92 | 0.38301 | 0.5660836501901141
33, 10, 63, 36, 62, 11 | 0.38223 | 0.5492212309088159
33, 10, 63, 36, 62, 92 | 0.38127 | 0.5612167300380229
33, 10, 63, 36, 11, 92 | 0.37783 | 0.5601520912547528
33, 10, 63, 37, 36, 65 | 0.39627 | 0.568936678614098
33, 10, 63, 37, 36, 23 | 0.40068 | 0.5093310712554532
33, 10, 63, 37, 36, 81 | 0.39363 | 0.5854202826679891
33, 10, 63, 37, 36, 62 | 0.39233 | 0.576882569773565
33, 10, 63, 37, 36, 11 | 0.39092 | 0.5353092393769847
33, 10, 63, 37, 36, 92 | 0.38844 | 0.5703422053231939
33, 10, 63, 37, 65, 23 | 0.39986 | 0.5483519146873486
33, 10, 63, 37, 65, 81 | 0.39724 | 0.5704190428961071
33, 10, 63, 37, 65, 11 | 0.39246 | 0.5483139271132618
33, 10, 63, 37, 65, 92 | 0.39097 | 0.5683650190114068
33, 10, 63, 37, 23, 81 | 0.40165 | 0.5631043887924622
33, 10, 63, 37, 23, 11 | 0.3964 | 0.5464993195221534
33, 10, 63, 37, 23, 92 | 0.39434 | 0.5752091254752851
33, 10, 63, 37, 81, 62 | 0.39316 | 0.5756977356503423
33, 10, 63, 37, 81, 11 | 0.39192 | 0.5313775895962498
33, 10, 63, 37, 81, 92 | 0.3893 | 0.5685171102661597
33, 10, 63, 37, 62, 11 | 0.38822 | 0.5430213216391955
33, 10, 63, 37, 62, 92 | 0.38687 | 0.5609125475285172
33, 10, 63, 37, 11, 92 | 0.38481 | 0.5627376425855514
33, 10, 37, 62, 11, 92 | 0.37392 | 0.5472243346007605
33, 10, 37, 81, 62, 11 | 0.37966 | 0.523665507334039
33, 10, 37, 81, 62, 92 | 0.37769 | 0.5508745247148289
33, 10, 37, 81, 11, 92 | 0.37673 | 0.5522433460076046
33, 10, 37, 23, 81, 11 | 0.38963 | 0.5280508090125511
33, 10, 37, 23, 81, 92 | 0.38689 | 0.5669961977186312
33, 10, 37, 23, 62, 11 | 0.38327 | 0.5350068047784666
33, 10, 37, 23, 62, 92 | 0.38157 | 0.5581749049429657
33, 10, 37, 23, 11, 92 | 0.38269 | 0.5631939163498099
33, 10, 37, 65, 23, 81 | 0.39134 | 0.571038928837094
33, 10, 37, 65, 23, 11 | 0.38697 | 0.5428701043399365
33, 10, 37, 65, 23, 92 | 0.3855 | 0.5625855513307985
33, 10, 37, 65, 81, 11 | 0.38316 | 0.5327385452895811
33, 10, 37, 65, 81, 92 | 0.38148 | 0.5555893536121673
33, 10, 37, 65, 62, 11 | 0.37709 | 0.5334946317858763
33, 10, 37, 65, 62, 92 | 0.37605 | 0.5466159695817491
33, 10, 37, 65, 11, 92 | 0.3777 | 0.5504182509505703
33, 10, 37, 36, 65, 23 | 0.39088 | 0.5266602035870092
33, 10, 37, 36, 65, 81 | 0.38465 | 0.5929828911480287
33, 10, 37, 36, 65, 11 | 0.38265 | 0.5337970663843944
33, 10, 37, 36, 65, 92 | 0.38104 | 0.5555893536121673
33, 10, 37, 36, 23, 81 | 0.39119 | 0.5885197123729233
33, 10, 37, 36, 23, 11 | 0.38894 | 0.532133676092545
33, 10, 37, 36, 23, 92 | 0.38632 | 0.569277566539924
33, 10, 37, 36, 81, 62 | 0.3809 | 0.5713533438651922
33, 10, 37, 36, 81, 11 | 0.38051 | 0.5135339482836837
33, 10, 37, 36, 81, 92 | 0.37772 | 0.5531558935361217
33, 10, 37, 36, 62, 11 | 0.37907 | 0.5269922879177378
33, 10, 37, 36, 62, 92 | 0.37725 | 0.5519391634980989
33, 10, 37, 36, 11, 92 | 0.37617 | 0.5526996197718631
33, 10, 36, 62, 11, 92 | 0.36869 | 0.5444866920152092
33, 10, 36, 81, 62, 11 | 0.37436 | 0.5301678512021776
33, 10, 36, 81, 62, 92 | 0.37292 | 0.5493536121673004
33, 10, 36, 81, 11, 92 | 0.37079 | 0.5460076045627377
33, 10, 36, 23, 81, 11 | 0.38364 | 0.532587327990322
33, 10, 36, 23, 81, 92 | 0.38134 | 0.5648669201520913
33, 10, 36, 23, 62, 11 | 0.37803 | 0.540904279449569
33, 10, 36, 23, 62, 92 | 0.37677 | 0.5574144486692015
33, 10, 36, 23, 11, 92 | 0.37666 | 0.5593916349809885
33, 10, 36, 65, 23, 81 | 0.3877 | 0.5691792710141333
33, 10, 36, 65, 23, 11 | 0.38274 | 0.549523665507334
33, 10, 36, 65, 23, 92 | 0.38175 | 0.5619771863117871
33, 10, 36, 65, 81, 11 | 0.37904 | 0.5389384545592015
33, 10, 36, 65, 81, 92 | 0.37796 | 0.5526996197718631
33, 10, 36, 65, 62, 11 | 0.37342 | 0.5424164524421594
33, 10, 36, 65, 62, 92 | 0.37305 | 0.5453992395437263
33, 10, 36, 65, 11, 92 | 0.37359 | 0.5469201520912548
33, 10, 65, 62, 11, 92 | 0.36712 | 0.5370342205323194
33, 10, 65, 81, 62, 11 | 0.37408 | 0.5415091486466052
33, 10, 65, 81, 62, 92 | 0.37368 | 0.5449429657794677
33, 10, 65, 81, 11, 92 | 0.3743 | 0.5463117870722434
33, 10, 65, 23, 81, 11 | 0.38354 | 0.5471041887191894
33, 10, 65, 23, 81, 92 | 0.38246 | 0.5609125475285172
33, 10, 65, 23, 11, 92 | 0.37542 | 0.5539163498098859
33, 10, 23, 62, 11, 92 | 0.37046 | 0.5490494296577947
33, 10, 23, 81, 62, 11 | 0.37875 | 0.536821412369575
33, 10, 23, 81, 62, 92 | 0.37731 | 0.5560456273764258
33, 10, 23, 81, 11, 92 | 0.37759 | 0.5581749049429657
33, 10, 81, 62, 11, 92 | 0.3694 | 0.5428136882129277
33, 42, 10, 62, 11, 92 | 0.37789 | 0.5793155893536122
33, 42, 10, 81, 62, 11 | 0.38103 | 0.5475578406169666
33, 42, 10, 81, 62, 92 | 0.37866 | 0.5809885931558936
33, 42, 10, 81, 11, 92 | 0.37785 | 0.5802281368821293
33, 42, 10, 23, 81, 11 | 0.39007 | 0.549372448208075
33, 42, 10, 23, 81, 92 | 0.38687 | 0.5954372623574145
33, 42, 10, 23, 11, 92 | 0.38596 | 0.5926996197718631
33, 42, 10, 65, 23, 11 | 0.39075 | 0.5640405262362014
33, 42, 10, 65, 23, 92 | 0.38865 | 0.5934600760456273
33, 42, 10, 65, 81, 11 | 0.38503 | 0.5522455768939967
33, 42, 10, 65, 81, 92 | 0.38284 | 0.5829657794676806
33, 42, 10, 65, 11, 92 | 0.38194 | 0.581596958174905
33, 42, 10, 36, 65, 23 | 0.39247 | 0.5574406204556471
33, 42, 10, 36, 65, 11 | 0.38537 | 0.5551187055799184
33, 42, 10, 36, 65, 92 | 0.38343 | 0.5820532319391635
33, 42, 10, 36, 23, 11 | 0.39022 | 0.5520943595947376
33, 42, 10, 36, 23, 92 | 0.38733 | 0.5934600760456273
33, 42, 10, 36, 62, 11 | 0.38135 | 0.5511870557991835
33, 42, 10, 36, 62, 92 | 0.37929 | 0.5799239543726236
33, 42, 10, 36, 11, 92 | 0.37846 | 0.5780988593155894
33, 42, 10, 37, 65, 23 | 0.39942 | 0.5591371788657296
33, 42, 10, 37, 65, 11 | 0.39266 | 0.5520943595947376
33, 42, 10, 37, 65, 92 | 0.3899 | 0.5914828897338403
33, 42, 10, 37, 23, 11 | 0.39959 | 0.5531528806895509
33, 42, 10, 37, 62, 11 | 0.38988 | 0.5486163617117799
33, 42, 10, 37, 62, 92 | 0.3871 | 0.5882889733840304
33, 42, 10, 37, 11, 92 | 0.3875 | 0.5901140684410646
33, 42, 10, 63, 37, 23 | 0.41148 | 0.5455647115850702
33, 42, 10, 63, 37, 11 | 0.40313 | 0.5592015726599123
33, 42, 10, 63, 65, 23 | 0.40307 | 0.5784052350945226
33, 42, 10, 63, 65, 11 | 0.39663 | 0.5712989566006351
33, 42, 10, 63, 65, 92 | 0.39472 | 0.5978707224334601
33, 42, 10, 63, 23, 11 | 0.39963 | 0.5714501738998942
33, 42, 10, 63, 81, 62 | 0.39428 | 0.5970247498683517
33, 42, 10, 63, 81, 11 | 0.39305 | 0.5557235747769544
33, 42, 10, 63, 81, 92 | 0.39012 | 0.5977186311787073
33, 42, 10, 63, 62, 11 | 0.39228 | 0.5693331317102677
33, 42, 10, 63, 62, 92 | 0.39044 | 0.594828897338403
33, 42, 10, 63, 11, 92 | 0.38873 | 0.594828897338403
33, 42, 10, 34, 63, 37 | 0.41765 | 0.5553992261695392
33, 42, 10, 34, 63, 11 | 0.40746 | 0.5806744291546952
33, 42, 10, 34, 37, 11 | 0.40512 | 0.5608649629517617
33, 42, 10, 34, 65, 11 | 0.39838 | 0.5716013911991532
33, 42, 10, 34, 81, 11 | 0.39731 | 0.5593527899591714
33, 42, 10, 34, 81, 92 | 0.39447 | 0.6
33, 42, 10, 34, 11, 92 | 0.39329 | 0.5986311787072244
33, 42, 34, 62, 11, 92 | 0.37672 | 0.5688212927756654
33, 42, 34, 81, 62, 11 | 0.38224 | 0.5463481022228943
33, 42, 34, 81, 62, 92 | 0.38013 | 0.5758174904942965
33, 42, 34, 81, 11, 92 | 0.3815 | 0.5791634980988594
33, 42, 34, 65, 81, 11 | 0.38677 | 0.5514894903977015
33, 42, 34, 65, 81, 92 | 0.38472 | 0.5800760456273765
33, 42, 34, 65, 11, 92 | 0.38109 | 0.5736882129277566
33, 42, 34, 36, 65, 11 | 0.38749 | 0.5563284439739906
33, 42, 34, 36, 65, 92 | 0.38579 | 0.5796197718631179
33, 42, 34, 36, 81, 11 | 0.38667 | 0.5428701043399365
33, 42, 34, 36, 81, 92 | 0.38398 | 0.5811406844106464
33, 42, 34, 36, 62, 11 | 0.38313 | 0.5531528806895509
33, 42, 34, 36, 62, 92 | 0.38148 | 0.5756653992395437
33, 42, 34, 36, 11, 92 | 0.38254 | 0.5782509505703423
33, 42, 34, 37, 36, 11 | 0.3939 | 0.5449871465295629
33, 42, 34, 37, 36, 92 | 0.39091 | 0.5878326996197719
33, 42, 34, 37, 65, 11 | 0.39233 | 0.5498261001058521
33, 42, 34, 37, 65, 92 | 0.38995 | 0.5834220532319392
33, 42, 34, 37, 81, 11 | 0.39317 | 0.5398457583547558
33, 42, 34, 37, 81, 92 | 0.38992 | 0.586615969581749
33, 42, 34, 37, 11, 92 | 0.3891 | 0.583574144486692
33, 42, 34, 63, 37, 11 | 0.40407 | 0.5607137456525026
33, 42, 34, 63, 37, 92 | 0.4015 | 0.5972623574144487
33, 42, 34, 63, 36, 11 | 0.39685 | 0.5660063511265688
33, 42, 34, 63, 36, 92 | 0.39485 | 0.593916349809886
33, 42, 34, 63, 65, 81 | 0.4 | 0.5862881229853707
33, 42, 34, 63, 65, 11 | 0.39513 | 0.5690306971117496
33, 42, 34, 63, 65, 92 | 0.39375 | 0.5875285171102662
33, 42, 34, 63, 81, 11 | 0.39628 | 0.5596552245576893
33, 42, 34, 63, 81, 92 | 0.39382 | 0.5945247148288973
33, 42, 34, 63, 62, 11 | 0.39041 | 0.5670648722213821
33, 42, 34, 63, 62, 92 | 0.38926 | 0.5820532319391635
33, 42, 34, 63, 11, 92 | 0.3893 | 0.5869201520912547
33, 42, 63, 62, 11, 92 | 0.3746 | 0.5677566539923954
33, 42, 63, 81, 62, 11 | 0.38071 | 0.5469529714199305
33, 42, 63, 81, 62, 92 | 0.37867 | 0.575361216730038
33, 42, 63, 81, 11, 92 | 0.37656 | 0.5759695817490494
33, 42, 63, 23, 81, 11 | 0.3878 | 0.5484651444125208
33, 42, 63, 23, 81, 92 | 0.38508 | 0.5872243346007605
33, 42, 63, 23, 62, 11 | 0.38228 | 0.5563284439739906
33, 42, 63, 23, 62, 92 | 0.38096 | 0.5738403041825095
33, 42, 63, 23, 11, 92 | 0.38065 | 0.5790114068441065
33, 42, 63, 65, 23, 81 | 0.39126 | 0.5781056285643441
33, 42, 63, 65, 23, 11 | 0.38626 | 0.5610161802510207
33, 42, 63, 65, 23, 92 | 0.38495 | 0.578403041825095
33, 42, 63, 65, 81, 11 | 0.38467 | 0.5507334039014063
33, 42, 63, 65, 81, 92 | 0.38277 | 0.5770342205323193
33, 42, 63, 65, 62, 11 | 0.37904 | 0.5545138363828822
33, 42, 63, 65, 62, 92 | 0.37815 | 0.5654752851711027
33, 42, 63, 65, 11, 92 | 0.3787 | 0.5698859315589354
33, 42, 63, 36, 65, 23 | 0.39208 | 0.5638633058652448
33, 42, 63, 36, 65, 11 | 0.38545 | 0.5560260093754725
33, 42, 63, 36, 65, 92 | 0.38397 | 0.5759695817490494
33, 42, 63, 36, 23, 11 | 0.38856 | 0.5557235747769544
33, 42, 63, 36, 23, 92 | 0.38627 | 0.5879847908745247
33, 42, 63, 36, 81, 62 | 0.38402 | 0.5747761979989469
33, 42, 63, 36, 81, 11 | 0.38231 | 0.5374262815666112
33, 42, 63, 36, 81, 92 | 0.37943 | 0.578555133079848
33, 42, 63, 36, 62, 11 | 0.38163 | 0.55330409798881
33, 42, 63, 36, 62, 92 | 0.37996 | 0.5761216730038022
33, 42, 63, 36, 11, 92 | 0.37766 | 0.5761216730038022
33, 42, 63, 37, 36, 23 | 0.40041 | 0.5294474066892875
33, 42, 63, 37, 36, 62 | 0.39234 | 0.5950500263296472
33, 42, 63, 37, 36, 11 | 0.39183 | 0.5425676697414185
33, 42, 63, 37, 36, 92 | 0.38871 | 0.5873764258555133
33, 42, 63, 37, 65, 23 | 0.39862 | 0.564348036839554
33, 42, 63, 37, 65, 11 | 0.39246 | 0.549523665507334
33, 42, 63, 37, 65, 92 | 0.39024 | 0.5806844106463879
33, 42, 63, 37, 23, 11 | 0.39754 | 0.5514894903977015
33, 42, 63, 37, 23, 92 | 0.39475 | 0.5913307984790874
33, 42, 63, 37, 81, 62 | 0.39132 | 0.5918904686677199
33, 42, 63, 37, 81, 11 | 0.39105 | 0.5353092393769847
33, 42, 63, 37, 81, 92 | 0.38757 | 0.5855513307984791
33, 42, 63, 37, 62, 11 | 0.38966 | 0.5463481022228943
33, 42, 63, 37, 62, 92 | 0.3874 | 0.5780988593155894
33, 42, 63, 37, 11, 92 | 0.38659 | 0.5808365019011407
33, 42, 37, 62, 11, 92 | 0.37427 | 0.564106463878327
33, 42, 37, 81, 62, 11 | 0.37753 | 0.5244215938303342
33, 42, 37, 81, 62, 92 | 0.37453 | 0.5673003802281369
33, 42, 37, 81, 11, 92 | 0.3745 | 0.5694296577946768
33, 42, 37, 23, 81, 11 | 0.38702 | 0.5295629820051414
33, 42, 37, 23, 81, 92 | 0.38336 | 0.5825095057034221
33, 42, 37, 23, 62, 11 | 0.38319 | 0.5371238469680931
33, 42, 37, 23, 62, 92 | 0.38068 | 0.5726235741444867
33, 42, 37, 23, 11, 92 | 0.38287 | 0.5788593155893537
33, 42, 37, 65, 23, 11 | 0.38571 | 0.5430213216391955
33, 42, 37, 65, 23, 92 | 0.38335 | 0.5762737642585551
33, 42, 37, 65, 81, 11 | 0.37982 | 0.5307727203992136
33, 42, 37, 65, 81, 92 | 0.3771 | 0.5694296577946768
33, 42, 37, 65, 62, 11 | 0.37612 | 0.5330409798880992
33, 42, 37, 65, 62, 92 | 0.37417 | 0.56
33, 42, 37, 65, 11, 92 | 0.3767 | 0.5653231939163498
33, 42, 37, 36, 65, 23 | 0.38809 | 0.5410809500727096
33, 42, 37, 36, 65, 11 | 0.38089 | 0.536216543172539
33, 42, 37, 36, 65, 92 | 0.37857 | 0.5688212927756654
33, 42, 37, 36, 23, 11 | 0.38804 | 0.5365189777710571
33, 42, 37, 36, 23, 92 | 0.38472 | 0.5843346007604563
33, 42, 37, 36, 81, 62 | 0.37737 | 0.5821484992101106
33, 42, 37, 36, 81, 11 | 0.3776 | 0.5165582942688643
33, 42, 37, 36, 81, 92 | 0.37407 | 0.5674524714828897
33, 42, 37, 36, 62, 11 | 0.37858 | 0.5307727203992136
33, 42, 37, 36, 62, 92 | 0.37595 | 0.5680608365019011
33, 42, 37, 36, 11, 92 | 0.37586 | 0.5680608365019011
33, 42, 36, 62, 11, 92 | 0.3669 | 0.5583269961977186
33, 42, 36, 81, 62, 11 | 0.37013 | 0.5304702858006956
33, 42, 36, 81, 62, 92 | 0.36791 | 0.5615209125475286
33, 42, 36, 81, 11, 92 | 0.36667 | 0.5583269961977186
33, 42, 36, 23, 81, 11 | 0.37897 | 0.5327385452895811
33, 42, 36, 23, 81, 92 | 0.37591 | 0.5765779467680608
33, 42, 36, 23, 62, 11 | 0.37575 | 0.5425676697414185
33, 42, 36, 23, 62, 92 | 0.37378 | 0.5698859315589354
33, 42, 36, 23, 11, 92 | 0.37468 | 0.5724714828897338
33, 42, 36, 65, 23, 11 | 0.37936 | 0.5486163617117799
33, 42, 36, 65, 23, 92 | 0.37762 | 0.5724714828897338
33, 42, 36, 65, 81, 11 | 0.37368 | 0.5357628912747618
33, 42, 36, 65, 81, 92 | 0.37184 | 0.56106463878327
33, 42, 36, 65, 62, 11 | 0.37037 | 0.5425676697414185
33, 42, 36, 65, 62, 92 | 0.36928 | 0.5565019011406844
33, 42, 36, 65, 11, 92 | 0.37059 | 0.55893536121673
33, 42, 65, 62, 11, 92 | 0.36464 | 0.5498098859315589
33, 42, 65, 81, 62, 11 | 0.36926 | 0.536670195070316
33, 42, 65, 81, 62, 92 | 0.36781 | 0.5560456273764258
33, 42, 65, 81, 11, 92 | 0.36936 | 0.5592395437262357
33, 42, 65, 23, 81, 11 | 0.3784 | 0.5425676697414185
33, 42, 65, 23, 81, 92 | 0.37631 | 0.5717110266159696
33, 42, 65, 23, 11, 92 | 0.37265 | 0.5648669201520913
33, 42, 23, 62, 11, 92 | 0.36895 | 0.5613688212927757
33, 42, 23, 81, 62, 11 | 0.3745 | 0.5354604566762438
33, 42, 23, 81, 62, 92 | 0.3722 | 0.5677566539923954
33, 42, 23, 81, 11, 92 | 0.37345 | 0.5721673003802281
33, 42, 81, 62, 11, 92 | 0.36559 | 0.5581749049429657
42, 23, 81, 62, 11, 92 | 0.33405 | 0.542661596958175
42, 65, 23, 62, 11, 92 | 0.33105 | 0.5332319391634981
42, 65, 23, 81, 62, 11 | 0.33657 | 0.5011341297444427
42, 65, 23, 81, 62, 92 | 0.33397 | 0.5377946768060836
42, 65, 23, 81, 11, 92 | 0.33835 | 0.5478326996197719
42, 65, 81, 62, 11, 92 | 0.32991 | 0.5318631178707224
42, 36, 65, 62, 11, 92 | 0.33149 | 0.5291254752851711
42, 36, 65, 81, 62, 11 | 0.33424 | 0.5006804778466657
42, 36, 65, 81, 62, 92 | 0.33199 | 0.5320152091254753
42, 36, 65, 81, 11, 92 | 0.33404 | 0.5335361216730038
42, 36, 65, 23, 81, 11 | 0.34371 | 0.5035536065325873
42, 36, 65, 23, 81, 92 | 0.34062 | 0.547680608365019
42, 36, 65, 23, 62, 11 | 0.3378 | 0.5085437774081355
42, 36, 65, 23, 62, 92 | 0.33567 | 0.5380988593155893
42, 36, 65, 23, 11, 92 | 0.33971 | 0.5460076045627377
42, 36, 23, 62, 11, 92 | 0.33562 | 0.542661596958175
42, 36, 23, 81, 62, 11 | 0.33951 | 0.497958566460003
42, 36, 23, 81, 62, 92 | 0.33616 | 0.5460076045627377
42, 36, 23, 81, 11, 92 | 0.33775 | 0.5481368821292776
42, 36, 81, 62, 11, 92 | 0.32984 | 0.5336882129277567
42, 37, 36, 62, 11, 92 | 0.33996 | 0.5438783269961978
42, 37, 36, 81, 62, 11 | 0.3415 | 0.4863148344170573
42, 37, 36, 81, 62, 92 | 0.3375 | 0.5441825095057035
42, 37, 36, 81, 11, 92 | 0.33782 | 0.5429657794676807
42, 37, 36, 23, 81, 62 | 0.34792 | 0.5996577145866245
42, 37, 36, 23, 81, 11 | 0.35119 | 0.49070013609556934
42, 37, 36, 23, 81, 92 | 0.34646 | 0.5596958174904944
42, 37, 36, 23, 62, 11 | 0.34949 | 0.5018902162407379
42, 37, 36, 23, 62, 92 | 0.34586 | 0.5542205323193916
42, 37, 36, 23, 11, 92 | 0.34852 | 0.5604562737642586
42, 37, 36, 65, 23, 11 | 0.3523 | 0.5059730833207319
42, 37, 36, 65, 23, 92 | 0.34882 | 0.5560456273764258
42, 37, 36, 65, 81, 11 | 0.34403 | 0.4910025706940874
42, 37, 36, 65, 81, 92 | 0.34047 | 0.5422053231939163
42, 37, 36, 65, 62, 11 | 0.34233 | 0.49856343565703914
42, 37, 36, 65, 62, 92 | 0.33952 | 0.538403041825095
42, 37, 36, 65, 11, 92 | 0.34274 | 0.5437262357414449
42, 37, 65, 62, 11, 92 | 0.33812 | 0.5385551330798479
42, 37, 65, 81, 62, 11 | 0.34109 | 0.4923635263874187
42, 37, 65, 81, 62, 92 | 0.3377 | 0.5409885931558935
42, 37, 65, 81, 11, 92 | 0.34098 | 0.5481368821292776
42, 37, 65, 23, 81, 11 | 0.35116 | 0.49841221835778016
42, 37, 65, 23, 81, 92 | 0.34712 | 0.5569581749049429
42, 37, 65, 23, 11, 92 | 0.34717 | 0.554828897338403
42, 37, 23, 62, 11, 92 | 0.34431 | 0.5514828897338403
42, 37, 23, 81, 62, 11 | 0.3482 | 0.4940269166792681
42, 37, 23, 81, 62, 92 | 0.34409 | 0.5536121673003802
42, 37, 23, 81, 11, 92 | 0.34703 | 0.5619771863117871
42, 37, 81, 62, 11, 92 | 0.33831 | 0.5470722433460076
42, 63, 37, 62, 11, 92 | 0.35272 | 0.5618250950570343
42, 63, 37, 81, 62, 11 | 0.3574 | 0.5038560411311054
42, 63, 37, 81, 62, 92 | 0.3532 | 0.5648669201520913
42, 63, 37, 81, 11, 92 | 0.35274 | 0.5697338403041825
42, 63, 37, 23, 81, 11 | 0.3651 | 0.5073340390140632
42, 63, 37, 23, 81, 92 | 0.36029 | 0.5776425855513307
42, 63, 37, 23, 62, 11 | 0.36123 | 0.5153485558747921
42, 63, 37, 23, 62, 92 | 0.35775 | 0.5654752851711027
42, 63, 37, 23, 11, 92 | 0.35955 | 0.5749049429657794
42, 63, 37, 65, 23, 81 | 0.36568 | 0.5907513017604761
42, 63, 37, 65, 23, 11 | 0.36441 | 0.5200362921518221
42, 63, 37, 65, 23, 92 | 0.36098 | 0.5694296577946768
42, 63, 37, 65, 81, 11 | 0.36033 | 0.5080901255103584
42, 63, 37, 65, 81, 92 | 0.35627 | 0.5669961977186312
42, 63, 37, 65, 62, 11 | 0.35625 | 0.5120217752910933
42, 63, 37, 65, 62, 92 | 0.35317 | 0.5560456273764258
42, 63, 37, 65, 11, 92 | 0.35587 | 0.5639543726235742
42, 63, 37, 36, 65, 23 | 0.36659 | 0.5441105186621426
42, 63, 37, 36, 65, 11 | 0.36107 | 0.5145924693784969
42, 63, 37, 36, 65, 92 | 0.35759 | 0.5647148288973384
42, 63, 37, 36, 23, 11 | 0.36579 | 0.5154997731740512
42, 63, 37, 36, 23, 92 | 0.36152 | 0.5776425855513307
42, 63, 37, 36, 81, 62 | 0.35721 | 0.5589784096893101
42, 63, 37, 36, 81, 11 | 0.35711 | 0.49493422047482233
42, 63, 37, 36, 81, 92 | 0.35222 | 0.5663878326996198
42, 63, 37, 36, 62, 11 | 0.35813 | 0.5109632541962801
42, 63, 37, 36, 62, 92 | 0.35441 | 0.5647148288973384
42, 63, 37, 36, 11, 92 | 0.35389 | 0.5680608365019011
42, 63, 36, 62, 11, 92 | 0.34332 | 0.5530038022813688
42, 63, 36, 81, 62, 11 | 0.34799 | 0.5077876909118403
42, 63, 36, 81, 62, 92 | 0.34459 | 0.5566539923954372
42, 63, 36, 81, 11, 92 | 0.34274 | 0.5552851711026616
42, 63, 36, 23, 81, 62 | 0.3538 | 0.5846498156924698
42, 63, 36, 23, 81, 11 | 0.35478 | 0.5080901255103584
42, 63, 36, 23, 81, 92 | 0.35073 | 0.5668441064638783
42, 63, 36, 23, 62, 11 | 0.35169 | 0.5195826402540451
42, 63, 36, 23, 62, 92 | 0.34889 | 0.5593916349809885
42, 63, 36, 23, 11, 92 | 0.34905 | 0.5644106463878327
42, 63, 36, 65, 23, 81 | 0.35815 | 0.5829407389040416
42, 63, 36, 65, 23, 11 | 0.35595 | 0.5245728111295932
42, 63, 36, 65, 23, 92 | 0.35328 | 0.5624334600760457
42, 63, 36, 65, 81, 62 | 0.35052 | 0.5971563981042654
42, 63, 36, 65, 81, 11 | 0.35219 | 0.5120217752910933
42, 63, 36, 65, 81, 92 | 0.34916 | 0.5552851711026616
42, 63, 36, 65, 62, 11 | 0.34871 | 0.5201875094510812
42, 63, 36, 65, 62, 92 | 0.34661 | 0.5493536121673004
42, 63, 36, 65, 11, 92 | 0.34772 | 0.5540684410646388
42, 63, 65, 62, 11, 92 | 0.34177 | 0.5463117870722434
42, 63, 65, 81, 62, 11 | 0.34796 | 0.5147436866777559
42, 63, 65, 81, 62, 92 | 0.34532 | 0.5520912547528517
42, 63, 65, 81, 11, 92 | 0.34659 | 0.5574144486692015
42, 63, 65, 23, 81, 11 | 0.35537 | 0.5186753364584908
42, 63, 65, 23, 81, 92 | 0.35215 | 0.5648669201520913
42, 63, 65, 23, 62, 11 | 0.34704 | 0.5203387267503402
42, 63, 65, 23, 62, 92 | 0.34502 | 0.5482889733840304
42, 63, 65, 23, 11, 92 | 0.34804 | 0.55893536121673
42, 63, 23, 62, 11, 92 | 0.34374 | 0.5530038022813688
42, 63, 23, 81, 62, 11 | 0.35079 | 0.5129290790866475
42, 63, 23, 81, 62, 92 | 0.34753 | 0.5596958174904944
42, 63, 23, 81, 11, 92 | 0.34795 | 0.5665399239543726
42, 63, 81, 62, 11, 92 | 0.34223 | 0.554828897338403
42, 34, 63, 62, 11, 92 | 0.35266 | 0.5627376425855514
42, 34, 63, 81, 62, 11 | 0.35976 | 0.5245728111295932
42, 34, 63, 81, 62, 92 | 0.3566 | 0.5698859315589354
42, 34, 63, 81, 11, 92 | 0.35747 | 0.5759695817490494
42, 34, 63, 65, 81, 11 | 0.36484 | 0.527899591713292
42, 34, 63, 65, 81, 92 | 0.36162 | 0.5741444866920152
42, 34, 63, 65, 11, 92 | 0.35762 | 0.5685171102661597
42, 34, 63, 36, 65, 81 | 0.36727 | 0.5906273245722787
42, 34, 63, 36, 65, 11 | 0.36511 | 0.5333434144866173
42, 34, 63, 36, 65, 92 | 0.36248 | 0.5706463878326996
42, 34, 63, 36, 81, 11 | 0.36387 | 0.5197338575533041
42, 34, 63, 36, 81, 92 | 0.36011 | 0.5741444866920152
42, 34, 63, 36, 62, 11 | 0.36022 | 0.5322848933918041
42, 34, 63, 36, 62, 92 | 0.35772 | 0.5676045627376426
42, 34, 63, 36, 11, 92 | 0.35835 | 0.5718631178707224
42, 34, 63, 37, 36, 11 | 0.37279 | 0.5254801149251475
42, 34, 63, 37, 36, 92 | 0.36881 | 0.5832699619771863
42, 34, 63, 37, 65, 81 | 0.37313 | 0.5965782296057526
42, 34, 63, 37, 65, 11 | 0.37185 | 0.5272947225162559
42, 34, 63, 37, 65, 92 | 0.36833 | 0.5780988593155894
42, 34, 63, 37, 81, 11 | 0.37237 | 0.5180704672614547
42, 34, 63, 37, 81, 92 | 0.36781 | 0.584638783269962
42, 34, 63, 37, 62, 11 | 0.36791 | 0.5256313322244065
42, 34, 63, 37, 62, 92 | 0.36462 | 0.5729277566539924
42, 34, 63, 37, 11, 92 | 0.36681 | 0.5817490494296578
42, 34, 37, 62, 11, 92 | 0.35088 | 0.5569581749049429
42, 34, 37, 81, 62, 11 | 0.35491 | 0.5038560411311054
42, 34, 37, 81, 62, 92 | 0.35101 | 0.5603041825095058
42, 34, 37, 81, 11, 92 | 0.35413 | 0.5677566539923954
42, 34, 37, 65, 81, 11 | 0.35839 | 0.506577952517768
42, 34, 37, 65, 81, 92 | 0.3544 | 0.5644106463878327
42, 34, 37, 65, 11, 92 | 0.35437 | 0.5625855513307985
42, 34, 37, 36, 65, 11 | 0.35927 | 0.5126266444881294
42, 34, 37, 36, 65, 92 | 0.3558 | 0.5625855513307985
42, 34, 37, 36, 81, 11 | 0.35797 | 0.4999243913503705
42, 34, 37, 36, 81, 92 | 0.35357 | 0.5639543726235742
42, 34, 37, 36, 62, 11 | 0.35575 | 0.5109632541962801
42, 34, 37, 36, 62, 92 | 0.35241 | 0.55893536121673
42, 34, 37, 36, 11, 92 | 0.35542 | 0.5642585551330799
42, 34, 36, 62, 11, 92 | 0.34404 | 0.5493536121673004
42, 34, 36, 81, 62, 11 | 0.34789 | 0.5089974293059126
42, 34, 36, 81, 62, 92 | 0.34479 | 0.5533079847908745
42, 34, 36, 81, 11, 92 | 0.34668 | 0.554828897338403
42, 34, 36, 65, 81, 11 | 0.35263 | 0.5117193406925752
42, 34, 36, 65, 81, 92 | 0.34961 | 0.554828897338403
42, 34, 36, 65, 11, 92 | 0.3487 | 0.5530038022813688
42, 34, 65, 62, 11, 92 | 0.3405 | 0.5432699619771864
42, 34, 65, 81, 62, 11 | 0.34611 | 0.5117193406925752
42, 34, 65, 81, 62, 92 | 0.34351 | 0.5484410646387833
42, 34, 65, 81, 11, 92 | 0.34759 | 0.5571102661596958
42, 34, 81, 62, 11, 92 | 0.3428 | 0.5523954372623574
42, 10, 34, 62, 11, 92 | 0.35687 | 0.574296577946768
42, 10, 34, 81, 62, 11 | 0.36079 | 0.5254801149251475
42, 10, 34, 81, 62, 92 | 0.35737 | 0.5747528517110266
42, 10, 34, 81, 11, 92 | 0.35973 | 0.5806844106463879
42, 10, 34, 65, 81, 11 | 0.36595 | 0.5294117647058824
42, 10, 34, 65, 81, 92 | 0.36244 | 0.5800760456273765
42, 10, 34, 65, 11, 92 | 0.36185 | 0.5808365019011407
42, 10, 34, 36, 65, 11 | 0.36569 | 0.532587327990322
42, 10, 34, 36, 65, 92 | 0.36257 | 0.577338403041825
42, 10, 34, 36, 81, 11 | 0.36271 | 0.5173143807651596
42, 10, 34, 36, 81, 92 | 0.35868 | 0.5758174904942965
42, 10, 34, 36, 62, 11 | 0.3607 | 0.5300166339029185
42, 10, 34, 36, 62, 92 | 0.35771 | 0.5727756653992395
42, 10, 34, 36, 11, 92 | 0.36 | 0.5768821292775665
42, 10, 34, 37, 65, 11 | 0.37276 | 0.5294117647058824
42, 10, 34, 37, 65, 92 | 0.36876 | 0.5875285171102662
42, 10, 34, 37, 11, 92 | 0.3688 | 0.5890494296577947
42, 10, 34, 63, 37, 11 | 0.38592 | 0.5430213216391955
42, 10, 34, 63, 36, 11 | 0.37633 | 0.5412067140480871
42, 10, 34, 63, 36, 92 | 0.37272 | 0.5934600760456273
42, 10, 34, 63, 65, 11 | 0.37832 | 0.5508846212006654
42, 10, 34, 63, 65, 92 | 0.37515 | 0.5965019011406845
42, 10, 34, 63, 81, 11 | 0.37665 | 0.5381823680629064
42, 10, 34, 63, 81, 92 | 0.37261 | 0.596958174904943
42, 10, 34, 63, 62, 11 | 0.37297 | 0.5477090579162256
42, 10, 34, 63, 62, 92 | 0.37001 | 0.5901140684410646
42, 10, 34, 63, 11, 92 | 0.37131 | 0.5961977186311787
42, 10, 63, 62, 11, 92 | 0.35625 | 0.5770342205323193
42, 10, 63, 81, 62, 11 | 0.36082 | 0.5260849841221836
42, 10, 63, 81, 62, 92 | 0.35717 | 0.5788593155893537
42, 10, 63, 81, 11, 92 | 0.35591 | 0.580532319391635
42, 10, 63, 23, 81, 11 | 0.36808 | 0.5271435052169968
42, 10, 63, 23, 81, 92 | 0.36377 | 0.5899619771863118
42, 10, 63, 23, 62, 11 | 0.36484 | 0.5380311507636474
42, 10, 63, 23, 62, 92 | 0.36174 | 0.5825095057034221
42, 10, 63, 23, 11, 92 | 0.36264 | 0.5882889733840304
42, 10, 63, 65, 23, 11 | 0.36966 | 0.5431725389384545
42, 10, 63, 65, 23, 92 | 0.3665 | 0.5885931558935361
42, 10, 63, 65, 81, 11 | 0.36554 | 0.5306215030999546
42, 10, 63, 65, 81, 92 | 0.36196 | 0.5823574144486692
42, 10, 63, 65, 62, 11 | 0.36195 | 0.5378799334643883
42, 10, 63, 65, 62, 92 | 0.35927 | 0.5759695817490494
42, 10, 63, 65, 11, 92 | 0.36113 | 0.581596958174905
42, 10, 63, 36, 65, 23 | 0.37097 | 0.5595007270964615
42, 10, 63, 36, 65, 11 | 0.36546 | 0.5336458490851353
42, 10, 63, 36, 65, 92 | 0.3623 | 0.5790114068441065
42, 10, 63, 36, 23, 11 | 0.36785 | 0.5301678512021776
42, 10, 63, 36, 23, 92 | 0.36395 | 0.5867680608365019
42, 10, 63, 36, 81, 62 | 0.36045 | 0.5638493944181148
42, 10, 63, 36, 81, 11 | 0.35959 | 0.5120217752910933
42, 10, 63, 36, 81, 92 | 0.35519 | 0.5761216730038022
42, 10, 63, 36, 62, 11 | 0.36078 | 0.5298654166036595
42, 10, 63, 36, 62, 92 | 0.35753 | 0.5765779467680608
42, 10, 63, 36, 11, 92 | 0.35636 | 0.577338403041825
42, 10, 63, 37, 65, 23 | 0.37981 | 0.563136209403781
42, 10, 63, 37, 65, 11 | 0.37468 | 0.532436110691063
42, 10, 63, 37, 65, 92 | 0.37065 | 0.5910266159695817
42, 10, 63, 37, 23, 11 | 0.37928 | 0.5340995009829125
42, 10, 63, 37, 23, 92 | 0.37486 | 0.5986311787072244
42, 10, 63, 37, 62, 11 | 0.37113 | 0.5306215030999546
42, 10, 63, 37, 62, 92 | 0.36726 | 0.5867680608365019
42, 10, 63, 37, 11, 92 | 0.36745 | 0.5905703422053232
42, 10, 37, 62, 11, 92 | 0.35341 | 0.5695817490494297
42, 10, 37, 81, 62, 11 | 0.35514 | 0.5055194314229547
42, 10, 37, 81, 62, 92 | 0.35089 | 0.5673003802281369
42, 10, 37, 81, 11, 92 | 0.35174 | 0.5721673003802281
42, 10, 37, 23, 62, 11 | 0.36295 | 0.5204899440495993
42, 10, 37, 23, 62, 92 | 0.35918 | 0.5750570342205323
42, 10, 37, 23, 11, 92 | 0.36247 | 0.5840304182509506
42, 10, 37, 65, 23, 11 | 0.36618 | 0.52351429003478
42, 10, 37, 65, 23, 92 | 0.36224 | 0.5806844106463879
42, 10, 37, 65, 62, 11 | 0.35621 | 0.5168607288673824
42, 10, 37, 65, 62, 92 | 0.35281 | 0.5657794676806084
42, 10, 37, 65, 11, 92 | 0.35649 | 0.5732319391634981
42, 10, 37, 36, 65, 23 | 0.36468 | 0.5363548230731944
42, 10, 37, 36, 65, 11 | 0.35865 | 0.5126266444881294
42, 10, 37, 36, 65, 92 | 0.35481 | 0.568212927756654
42, 10, 37, 36, 23, 11 | 0.36528 | 0.5129290790866475
42, 10, 37, 36, 23, 92 | 0.36066 | 0.5803802281368822
42, 10, 37, 36, 62, 11 | 0.35556 | 0.5096022985029487
42, 10, 37, 36, 62, 92 | 0.35167 | 0.5659315589353612
42, 10, 37, 36, 11, 92 | 0.35257 | 0.5686692015209125
42, 10, 36, 62, 11, 92 | 0.34376 | 0.5568060836501901
42, 10, 36, 81, 62, 11 | 0.34552 | 0.5074852563133222
42, 10, 36, 81, 62, 92 | 0.34208 | 0.5569581749049429
42, 10, 36, 81, 11, 92 | 0.34168 | 0.5557414448669201
42, 10, 36, 23, 81, 11 | 0.35468 | 0.5073340390140632
42, 10, 36, 23, 81, 92 | 0.35035 | 0.5703422053231939
42, 10, 36, 23, 62, 11 | 0.35307 | 0.5197338575533041
42, 10, 36, 23, 62, 92 | 0.34987 | 0.5656273764258555
42, 10, 36, 23, 11, 92 | 0.35186 | 0.5704942965779468
42, 10, 36, 65, 23, 11 | 0.35754 | 0.5247240284288522
42, 10, 36, 65, 23, 92 | 0.35436 | 0.5703422053231939
42, 10, 36, 65, 81, 11 | 0.35001 | 0.5120217752910933
42, 10, 36, 65, 81, 92 | 0.34675 | 0.5587832699619771
42, 10, 36, 65, 62, 11 | 0.3482 | 0.5209435959473764
42, 10, 36, 65, 62, 92 | 0.34576 | 0.5552851711026616
42, 10, 36, 65, 11, 92 | 0.34825 | 0.5598479087452471
42, 10, 65, 62, 11, 92 | 0.34492 | 0.5580228136882129
42, 10, 65, 81, 62, 11 | 0.34798 | 0.5167095115681234
42, 10, 65, 81, 62, 92 | 0.34511 | 0.5575665399239543
42, 10, 65, 81, 11, 92 | 0.3477 | 0.5630418250950571
42, 10, 65, 23, 81, 11 | 0.35754 | 0.5210948132466354
42, 10, 65, 23, 81, 92 | 0.35398 | 0.5724714828897338
42, 10, 65, 23, 11, 92 | 0.35348 | 0.5729277566539924
42, 10, 23, 62, 11, 92 | 0.34907 | 0.5663878326996198
42, 10, 23, 81, 62, 11 | 0.35288 | 0.515046121276274
42, 10, 23, 81, 62, 92 | 0.34927 | 0.567148288973384
42, 10, 23, 81, 11, 92 | 0.35148 | 0.5738403041825095
42, 10, 81, 62, 11, 92 | 0.34319 | 0.5596958174904944
10, 23, 81, 62, 11, 92 | 0.33897 | 0.5327756653992396
10, 65, 23, 62, 11, 92 | 0.33413 | 0.5242585551330798
10, 65, 23, 81, 62, 11 | 0.34232 | 0.5067291698170271
10, 65, 23, 81, 62, 92 | 0.34069 | 0.5286692015209126
10, 65, 23, 81, 11, 92 | 0.34416 | 0.538403041825095
10, 65, 81, 62, 11, 92 | 0.33538 | 0.5213688212927756
10, 36, 65, 62, 11, 92 | 0.3347 | 0.5209125475285171
10, 36, 65, 81, 62, 11 | 0.34004 | 0.5030999546348103
10, 36, 65, 81, 62, 92 | 0.33833 | 0.526235741444867
10, 36, 65, 81, 11, 92 | 0.33967 | 0.5291254752851711
10, 36, 65, 23, 81, 11 | 0.34992 | 0.5077876909118403
10, 36, 65, 23, 81, 92 | 0.3475 | 0.5417490494296578
10, 36, 65, 23, 62, 11 | 0.3415 | 0.5102071676999849
10, 36, 65, 23, 62, 92 | 0.34003 | 0.5297338403041825
10, 36, 65, 23, 11, 92 | 0.34321 | 0.5387072243346007
10, 36, 23, 62, 11, 92 | 0.33808 | 0.5336882129277567
10, 36, 23, 81, 62, 11 | 0.34481 | 0.49765613186148494
10, 36, 23, 81, 62, 92 | 0.34206 | 0.5365779467680608
10, 36, 23, 81, 11, 92 | 0.34274 | 0.5408365019011406
10, 36, 81, 62, 11, 92 | 0.33438 | 0.526235741444867
10, 37, 36, 62, 11, 92 | 0.3407 | 0.5321673003802282
10, 37, 36, 81, 62, 11 | 0.34484 | 0.48434900952668986
10, 37, 36, 81, 62, 92 | 0.3415 | 0.5321673003802282
10, 37, 36, 81, 11, 92 | 0.3409 | 0.535361216730038
10, 37, 36, 23, 81, 62 | 0.35231 | 0.5917588204318062
10, 37, 36, 23, 81, 11 | 0.35513 | 0.4884318766066838
10, 37, 36, 23, 81, 92 | 0.35094 | 0.5492015209125475
10, 37, 36, 23, 62, 11 | 0.35089 | 0.49886587025555723
10, 37, 36, 23, 62, 92 | 0.34792 | 0.5411406844106463
10, 37, 36, 23, 11, 92 | 0.34954 | 0.5502661596958175
10, 37, 36, 65, 23, 81 | 0.35622 | 0.575378130424002
10, 37, 36, 65, 23, 11 | 0.35465 | 0.5058218660214728
10, 37, 36, 65, 23, 92 | 0.35182 | 0.5460076045627377
10, 37, 36, 65, 81, 62 | 0.34551 | 0.5978146392838336
10, 37, 36, 65, 81, 11 | 0.34849 | 0.4929683955844549
10, 37, 36, 65, 81, 92 | 0.34546 | 0.5361216730038023
10, 37, 36, 65, 62, 11 | 0.34436 | 0.49841221835778016
10, 37, 36, 65, 62, 92 | 0.34222 | 0.5280608365019012
10, 37, 36, 65, 11, 92 | 0.34447 | 0.5349049429657795
10, 37, 65, 62, 11, 92 | 0.33941 | 0.5256273764258556
10, 37, 65, 81, 62, 11 | 0.34487 | 0.4956903069711175
10, 37, 65, 81, 62, 92 | 0.34252 | 0.5285171102661597
10, 37, 65, 81, 11, 92 | 0.34489 | 0.536425855513308
10, 37, 65, 23, 81, 11 | 0.35526 | 0.5029487373355512
10, 37, 65, 23, 81, 92 | 0.35229 | 0.5452471482889734
10, 37, 65, 23, 62, 11 | 0.34631 | 0.5024950854377741
10, 37, 65, 23, 62, 92 | 0.34428 | 0.5304942965779468
10, 37, 65, 23, 11, 92 | 0.34857 | 0.542661596958175
10, 37, 23, 62, 11, 92 | 0.34476 | 0.5387072243346007
10, 37, 23, 81, 62, 11 | 0.35153 | 0.4938756993800091
10, 37, 23, 81, 62, 92 | 0.34832 | 0.5397718631178707
10, 37, 23, 81, 11, 92 | 0.35028 | 0.5493536121673004
10, 37, 81, 62, 11, 92 | 0.34113 | 0.5332319391634981
10, 63, 37, 62, 11, 92 | 0.35136 | 0.5455513307984791
10, 63, 37, 81, 62, 11 | 0.35881 | 0.5027975200362922
10, 63, 37, 81, 62, 92 | 0.35557 | 0.5492015209125475
10, 63, 37, 81, 11, 92 | 0.35385 | 0.5546768060836502
10, 63, 37, 23, 81, 62 | 0.36534 | 0.5909689310163244
10, 63, 37, 23, 81, 11 | 0.36698 | 0.5053682141236957
10, 63, 37, 23, 81, 92 | 0.36297 | 0.5634980988593156
10, 63, 37, 23, 62, 11 | 0.36062 | 0.5138363828822017
10, 63, 37, 23, 62, 92 | 0.35794 | 0.551787072243346
10, 63, 37, 23, 11, 92 | 0.35831 | 0.5601520912547528
10, 63, 37, 65, 23, 81 | 0.36956 | 0.5493429209025539
10, 63, 37, 65, 23, 11 | 0.36479 | 0.5224557689399667
10, 63, 37, 65, 23, 92 | 0.36217 | 0.5595437262357414
10, 63, 37, 65, 81, 11 | 0.36289 | 0.5117193406925752
10, 63, 37, 65, 81, 92 | 0.35969 | 0.5575665399239543
10, 63, 37, 65, 62, 11 | 0.35637 | 0.5142900347799788
10, 63, 37, 65, 62, 92 | 0.35424 | 0.5438783269961978
10, 63, 37, 65, 11, 92 | 0.3557 | 0.5516349809885932
10, 63, 37, 36, 65, 23 | 0.36856 | 0.5285991274842462
10, 63, 37, 36, 65, 81 | 0.364 | 0.5742623357302257
10, 63, 37, 36, 65, 11 | 0.36187 | 0.5129290790866475
10, 63, 37, 36, 65, 92 | 0.35883 | 0.5563498098859315
10, 63, 37, 36, 23, 81 | 0.3683 | 0.5666997272501859
10, 63, 37, 36, 23, 62 | 0.36441 | 0.591100579252238
10, 63, 37, 36, 23, 11 | 0.36579 | 0.5094510812036896
10, 63, 37, 36, 23, 92 | 0.36196 | 0.5648669201520913
10, 63, 37, 36, 81, 62 | 0.3599 | 0.545550289626119
10, 63, 37, 36, 81, 11 | 0.35905 | 0.4908513533948284
10, 63, 37, 36, 81, 92 | 0.35469 | 0.5542205323193916
10, 63, 37, 36, 62, 11 | 0.35772 | 0.5071828217148042
10, 63, 37, 36, 62, 92 | 0.35475 | 0.5495057034220532
10, 63, 37, 36, 11, 92 | 0.35296 | 0.554828897338403
10, 63, 36, 62, 11, 92 | 0.34397 | 0.5422053231939163
10, 63, 36, 81, 62, 11 | 0.35149 | 0.506426735218509
10, 63, 36, 81, 62, 92 | 0.34868 | 0.5463117870722434
10, 63, 36, 81, 11, 92 | 0.34571 | 0.5467680608365019
10, 63, 36, 23, 81, 62 | 0.35851 | 0.5724065297525013
10, 63, 36, 23, 81, 11 | 0.35874 | 0.5053682141236957
10, 63, 36, 23, 81, 92 | 0.35513 | 0.5574144486692015
10, 63, 36, 23, 62, 11 | 0.35323 | 0.5158022077725691
10, 63, 36, 23, 62, 92 | 0.35085 | 0.5492015209125475
10, 63, 36, 23, 11, 92 | 0.34987 | 0.5545247148288973
10, 63, 36, 65, 23, 81 | 0.36394 | 0.544383833374659
10, 63, 36, 65, 23, 11 | 0.35861 | 0.5248752457281113
10, 63, 36, 65, 23, 92 | 0.35634 | 0.5566539923954372
10, 63, 36, 65, 81, 62 | 0.35581 | 0.5912322274881516
10, 63, 36, 65, 81, 11 | 0.35686 | 0.5145924693784969
10, 63, 36, 65, 81, 92 | 0.35418 | 0.5525475285171103
10, 63, 36, 65, 62, 11 | 0.35092 | 0.5197338575533041
10, 63, 36, 65, 62, 92 | 0.3493 | 0.5415969581749049
10, 63, 36, 65, 11, 92 | 0.34953 | 0.5472243346007605
10, 63, 65, 62, 11, 92 | 0.34328 | 0.5365779467680608
10, 63, 65, 81, 62, 11 | 0.35222 | 0.5185241191592318
10, 63, 65, 81, 62, 92 | 0.35036 | 0.5440304182509506
10, 63, 65, 81, 11, 92 | 0.35066 | 0.5495057034220532
10, 63, 65, 23, 81, 11 | 0.36007 | 0.523665507334039
10, 63, 65, 23, 81, 92 | 0.35763 | 0.5580228136882129
10, 63, 65, 23, 62, 11 | 0.3493 | 0.5223045516407077
10, 63, 65, 23, 62, 92 | 0.34784 | 0.5417490494296578
10, 63, 65, 23, 11, 92 | 0.34986 | 0.5519391634980989
10, 63, 23, 62, 11, 92 | 0.34431 | 0.5437262357414449
10, 63, 23, 81, 62, 11 | 0.35467 | 0.5124754271888704
10, 63, 23, 81, 62, 92 | 0.35204 | 0.5496577946768061
10, 63, 23, 81, 11, 92 | 0.35129 | 0.5551330798479087
10, 63, 81, 62, 11, 92 | 0.34515 | 0.542661596958175
10, 34, 63, 62, 11, 92 | 0.35453 | 0.5560456273764258
10, 34, 63, 81, 62, 11 | 0.3648 | 0.5251776803266294
10, 34, 63, 81, 62, 92 | 0.36223 | 0.5615209125475286
10, 34, 63, 81, 11, 92 | 0.36206 | 0.5676045627376426
10, 34, 63, 65, 81, 11 | 0.37078 | 0.5354604566762438
10, 34, 63, 65, 81, 92 | 0.36837 | 0.5694296577946768
10, 34, 63, 65, 62, 11 | 0.36006 | 0.5333434144866173
10, 34, 63, 65, 62, 92 | 0.35855 | 0.5536121673003802
10, 34, 63, 65, 11, 92 | 0.36076 | 0.5628897338403042
10, 34, 63, 36, 65, 81 | 0.37425 | 0.5539300768658567
10, 34, 63, 36, 65, 11 | 0.36898 | 0.5356116739755028
10, 34, 63, 36, 65, 92 | 0.36671 | 0.5674524714828897
10, 34, 63, 36, 81, 62 | 0.36832 | 0.5928120063191153
10, 34, 63, 36, 81, 11 | 0.36909 | 0.5206411613488583
10, 34, 63, 36, 81, 92 | 0.36578 | 0.568212927756654
10, 34, 63, 36, 62, 11 | 0.36305 | 0.5292605474066233
10, 34, 63, 36, 62, 92 | 0.36082 | 0.5604562737642586
10, 34, 63, 36, 11, 92 | 0.36059 | 0.5654752851711027
10, 34, 63, 37, 36, 65 | 0.37687 | 0.5894862604540024
10, 34, 63, 37, 36, 81 | 0.37667 | 0.5764939251177783
10, 34, 63, 37, 36, 11 | 0.37413 | 0.5218508997429306
10, 34, 63, 37, 36, 92 | 0.37057 | 0.5732319391634981
10, 34, 63, 37, 65, 81 | 0.37826 | 0.5576493925117778
10, 34, 63, 37, 65, 11 | 0.37364 | 0.5303190685014366
10, 34, 63, 37, 65, 92 | 0.37085 | 0.5700380228136882
10, 34, 63, 37, 81, 11 | 0.37553 | 0.5185241191592318
10, 34, 63, 37, 81, 92 | 0.37175 | 0.5732319391634981
10, 34, 63, 37, 62, 11 | 0.36871 | 0.5229094208377438
10, 34, 63, 37, 62, 92 | 0.36605 | 0.5606083650190115
10, 34, 63, 37, 11, 92 | 0.36714 | 0.5698859315589354
10, 34, 37, 62, 11, 92 | 0.35262 | 0.5466159695817491
10, 34, 37, 81, 62, 11 | 0.35933 | 0.5037048238318463
10, 34, 37, 81, 62, 92 | 0.35619 | 0.5485931558935361
10, 34, 37, 81, 11, 92 | 0.35846 | 0.5586311787072243
10, 34, 37, 65, 81, 11 | 0.3637 | 0.5123242098896114
10, 34, 37, 65, 81, 92 | 0.36065 | 0.555893536121673
10, 34, 37, 65, 11, 92 | 0.35709 | 0.5526996197718631
10, 34, 37, 36, 65, 81 | 0.36427 | 0.5821968757748575
10, 34, 37, 36, 65, 11 | 0.36273 | 0.5136851655829426
10, 34, 37, 36, 65, 92 | 0.3598 | 0.5554372623574144
10, 34, 37, 36, 81, 11 | 0.36292 | 0.5000756086496295
10, 34, 37, 36, 81, 92 | 0.359 | 0.5568060836501901
10, 34, 37, 36, 62, 11 | 0.35829 | 0.5085437774081355
10, 34, 37, 36, 62, 92 | 0.3555 | 0.5481368821292776
10, 34, 37, 36, 11, 92 | 0.35761 | 0.5574144486692015
10, 34, 36, 62, 11, 92 | 0.34759 | 0.5450950570342206
10, 34, 36, 81, 62, 11 | 0.35427 | 0.510812036897021
10, 34, 36, 81, 62, 92 | 0.35166 | 0.547680608365019
10, 34, 36, 81, 11, 92 | 0.35274 | 0.5514828897338403
10, 34, 36, 65, 81, 11 | 0.35992 | 0.5186753364584908
10, 34, 36, 65, 81, 92 | 0.3575 | 0.5526996197718631
10, 34, 36, 65, 62, 11 | 0.3516 | 0.5215484651444126
10, 34, 36, 65, 62, 92 | 0.35013 | 0.5411406844106463
10, 34, 36, 65, 11, 92 | 0.3533 | 0.5492015209125475
10, 34, 65, 62, 11, 92 | 0.34465 | 0.5361216730038023
10, 34, 65, 81, 62, 11 | 0.3529 | 0.519128988356268
10, 34, 65, 81, 62, 92 | 0.35125 | 0.5414448669201521
10, 34, 65, 81, 11, 92 | 0.35459 | 0.5502661596958175
10, 34, 81, 62, 11, 92 | 0.34876 | 0.545703422053232
34, 23, 81, 62, 11, 92 | 0.31355 | 0.4866920152091255
34, 65, 81, 62, 11, 92 | 0.33044 | 0.5057034220532319
34, 36, 65, 62, 11, 92 | 0.33018 | 0.5043346007604562
34, 36, 65, 81, 62, 11 | 0.33848 | 0.4994707394525934
34, 36, 65, 81, 62, 92 | 0.3372 | 0.5160456273764259
34, 36, 65, 81, 11, 92 | 0.34014 | 0.5206083650190114
34, 36, 81, 62, 11, 92 | 0.33462 | 0.5186311787072243
34, 37, 36, 62, 11, 92 | 0.33762 | 0.5175665399239544
34, 37, 36, 81, 62, 11 | 0.3448 | 0.484953878723726
34, 37, 36, 81, 62, 92 | 0.34198 | 0.5248669201520912
34, 37, 36, 81, 11, 92 | 0.34373 | 0.5291254752851711
34, 37, 36, 65, 81, 11 | 0.34879 | 0.49251474368667775
34, 37, 36, 65, 81, 92 | 0.34622 | 0.5286692015209126
34, 37, 36, 65, 62, 11 | 0.33972 | 0.4923635263874187
34, 37, 36, 65, 62, 92 | 0.33815 | 0.5133079847908745
34, 37, 36, 65, 11, 92 | 0.34196 | 0.521977186311787
34, 37, 65, 62, 11, 92 | 0.33124 | 0.5026615969581749
34, 37, 65, 81, 62, 11 | 0.3401 | 0.48646605171631635
34, 37, 65, 81, 62, 92 | 0.33806 | 0.5145247148288974
34, 37, 65, 81, 11, 92 | 0.34203 | 0.5238022813688213
34, 37, 81, 62, 11, 92 | 0.33794 | 0.5207604562737642
34, 63, 37, 62, 11, 92 | 0.34422 | 0.5269961977186312
34, 63, 37, 81, 62, 11 | 0.35539 | 0.49463178587630424
34, 63, 37, 81, 62, 92 | 0.3523 | 0.5387072243346007
34, 63, 37, 81, 11, 92 | 0.35295 | 0.547680608365019
34, 63, 37, 65, 81, 11 | 0.3598 | 0.5047633449266596
34, 63, 37, 65, 81, 92 | 0.35685 | 0.5467680608365019
34, 63, 37, 65, 62, 11 | 0.34782 | 0.49931952215333436
34, 63, 37, 65, 62, 92 | 0.34607 | 0.523041825095057
34, 63, 37, 65, 11, 92 | 0.34898 | 0.5350570342205323
34, 63, 37, 36, 65, 81 | 0.36443 | 0.5295065707909744
34, 63, 37, 36, 65, 11 | 0.35888 | 0.5100559504007258
34, 63, 37, 36, 65, 92 | 0.35635 | 0.545703422053232
34, 63, 37, 36, 81, 62 | 0.36001 | 0.5818852027382833
34, 63, 37, 36, 81, 11 | 0.36144 | 0.49810978375926207
34, 63, 37, 36, 81, 92 | 0.35775 | 0.5513307984790875
34, 63, 37, 36, 62, 11 | 0.35419 | 0.5041584757296235
34, 63, 37, 36, 62, 92 | 0.35184 | 0.5370342205323194
34, 63, 37, 36, 11, 92 | 0.35218 | 0.5455513307984791
34, 63, 36, 62, 11, 92 | 0.34046 | 0.5291254752851711
34, 63, 36, 81, 62, 11 | 0.35127 | 0.5067291698170271
34, 63, 36, 81, 62, 92 | 0.3489 | 0.5399239543726235
34, 63, 36, 81, 11, 92 | 0.3481 | 0.542509505703422
34, 63, 36, 65, 81, 11 | 0.3568 | 0.5136851655829426
34, 63, 36, 65, 81, 92 | 0.35453 | 0.5453992395437263
34, 63, 36, 65, 62, 11 | 0.34577 | 0.5142900347799788
34, 63, 36, 65, 62, 92 | 0.34474 | 0.5271482889733841
34, 63, 36, 65, 11, 92 | 0.34618 | 0.5352091254752852
34, 63, 65, 62, 11, 92 | 0.33395 | 0.5136121673003802
34, 63, 65, 81, 62, 11 | 0.34685 | 0.5073340390140632
34, 63, 65, 81, 62, 92 | 0.34525 | 0.5288212927756654
34, 63, 65, 81, 11, 92 | 0.34712 | 0.5376425855513308
34, 63, 81, 62, 11, 92 | 0.3413 | 0.531254752851711
63, 23, 81, 62, 11, 92 | 0.32997 | 0.5130038022813688
63, 65, 23, 62, 11, 92 | 0.32179 | 0.4970342205323194
63, 65, 23, 81, 62, 11 | 0.33466 | 0.49432935127778616
63, 65, 23, 81, 62, 92 | 0.33331 | 0.5119391634980989
63, 65, 23, 81, 11, 92 | 0.33501 | 0.5213688212927756
63, 65, 81, 62, 11, 92 | 0.32892 | 0.5064638783269962
63, 36, 65, 62, 11, 92 | 0.32868 | 0.5061596958174905
63, 36, 65, 81, 62, 11 | 0.33801 | 0.49810978375926207
63, 36, 65, 81, 62, 92 | 0.33651 | 0.5180228136882129
63, 36, 65, 81, 11, 92 | 0.33605 | 0.5201520912547528
63, 36, 65, 23, 81, 62 | 0.34292 | 0.5997893628225381
63, 36, 65, 23, 81, 11 | 0.34548 | 0.5015877816422198
63, 36, 65, 23, 81, 92 | 0.34336 | 0.5309505703422053
63, 36, 65, 23, 62, 11 | 0.33437 | 0.5008316951459247
63, 36, 65, 23, 62, 92 | 0.3334 | 0.5126996197718631
63, 36, 65, 23, 11, 92 | 0.33468 | 0.5213688212927756
63, 36, 23, 62, 11, 92 | 0.32975 | 0.5148288973384031
63, 36, 23, 81, 62, 11 | 0.34067 | 0.4931196128837139
63, 36, 23, 81, 62, 92 | 0.33832 | 0.5259315589353613
63, 36, 23, 81, 11, 92 | 0.33653 | 0.5273003802281369
63, 36, 81, 62, 11, 92 | 0.33113 | 0.5184790874524715
63, 37, 36, 62, 11, 92 | 0.33659 | 0.5184790874524715
63, 37, 36, 81, 62, 11 | 0.34467 | 0.4826856192348405
63, 37, 36, 81, 62, 92 | 0.3416 | 0.5263878326996198
63, 37, 36, 81, 11, 92 | 0.33889 | 0.5276045627376426
63, 37, 36, 23, 81, 62 | 0.35168 | 0.5598999473407056
63, 37, 36, 23, 81, 11 | 0.35231 | 0.484953878723726
63, 37, 36, 23, 81, 92 | 0.34852 | 0.5396197718631178
63, 37, 36, 23, 62, 11 | 0.34588 | 0.4923635263874187
63, 37, 36, 23, 62, 92 | 0.34349 | 0.5257794676806083
63, 37, 36, 23, 11, 92 | 0.34293 | 0.5329277566539924
63, 37, 36, 65, 23, 81 | 0.35531 | 0.520332258864369
63, 37, 36, 65, 23, 11 | 0.34964 | 0.5006804778466657
63, 37, 36, 65, 23, 92 | 0.3474 | 0.5318631178707224
63, 37, 36, 65, 81, 62 | 0.34656 | 0.5758293838862559
63, 37, 36, 65, 81, 11 | 0.34799 | 0.4911537879933464
63, 37, 36, 65, 81, 92 | 0.34526 | 0.5297338403041825
63, 37, 36, 65, 62, 11 | 0.34136 | 0.4932708301829729
63, 37, 36, 65, 62, 92 | 0.33973 | 0.5151330798479088
63, 37, 36, 65, 11, 92 | 0.34027 | 0.5222813688212927
63, 37, 65, 62, 11, 92 | 0.33239 | 0.503574144486692
63, 37, 65, 81, 62, 11 | 0.34184 | 0.48707092091335247
63, 37, 65, 81, 62, 92 | 0.33968 | 0.516958174904943
63, 37, 65, 81, 11, 92 | 0.34046 | 0.5234980988593156
63, 37, 65, 23, 81, 11 | 0.34992 | 0.4947830031755633
63, 37, 65, 23, 81, 92 | 0.34727 | 0.5321673003802282
63, 37, 65, 23, 62, 11 | 0.33793 | 0.4875245728111296
63, 37, 65, 23, 62, 92 | 0.33641 | 0.507680608365019
63, 37, 65, 23, 11, 92 | 0.33912 | 0.5193916349809886
63, 37, 23, 62, 11, 92 | 0.33531 | 0.5126996197718631
63, 37, 23, 81, 62, 11 | 0.3463 | 0.4835929230303947
63, 37, 23, 81, 62, 92 | 0.34339 | 0.5248669201520912
63, 37, 23, 81, 11, 92 | 0.34312 | 0.532319391634981
63, 37, 81, 62, 11, 92 | 0.33701 | 0.5190874524714829
37, 23, 81, 62, 11, 92 | 0.32915 | 0.5070722433460076
37, 65, 23, 62, 11, 92 | 0.32163 | 0.48927756653992394
37, 65, 23, 81, 62, 11 | 0.33031 | 0.47451988507485254
37, 65, 23, 81, 62, 92 | 0.32845 | 0.4997718631178707
37, 65, 23, 81, 11, 92 | 0.33262 | 0.5101140684410647
37, 65, 81, 62, 11, 92 | 0.32344 | 0.49247148288973386
37, 36, 65, 62, 11, 92 | 0.3239 | 0.49155893536121675
37, 36, 65, 81, 62, 11 | 0.32942 | 0.4742174504763345
37, 36, 65, 81, 62, 92 | 0.32757 | 0.49931558935361214
37, 36, 65, 81, 11, 92 | 0.32943 | 0.5009885931558935
37, 36, 65, 23, 81, 11 | 0.3399 | 0.4820807500378043
37, 36, 65, 23, 81, 92 | 0.33745 | 0.5163498098859316
37, 36, 65, 23, 62, 11 | 0.33069 | 0.48177831543928623
37, 36, 65, 23, 62, 92 | 0.32919 | 0.5015969581749049
37, 36, 65, 23, 11, 92 | 0.33306 | 0.5107224334600761
37, 36, 23, 62, 11, 92 | 0.32942 | 0.508745247148289
37, 36, 23, 81, 62, 11 | 0.33661 | 0.47451988507485254
37, 36, 23, 81, 62, 92 | 0.33373 | 0.5152851711026616
37, 36, 23, 81, 11, 92 | 0.33486 | 0.5184790874524715
37, 36, 81, 62, 11, 92 | 0.3261 | 0.5029657794676806
36, 23, 81, 62, 11, 92 | 0.32424 | 0.504638783269962
36, 65, 23, 62, 11, 92 | 0.31894 | 0.4917110266159696
36, 65, 23, 81, 62, 11 | 0.32729 | 0.4860123998185392
36, 65, 23, 81, 62, 92 | 0.32605 | 0.5019011406844106
36, 65, 23, 81, 11, 92 | 0.3291 | 0.5069201520912547
36, 65, 81, 62, 11, 92 | 0.32049 | 0.4903422053231939
65, 23, 81, 62, 11, 92 | 0.31859 | 0.48866920152091253
