36, 65, 23, 81, 62, 11, 92 | 0.35735 | 0.5428136882129277
37, 36, 23, 81, 62, 11, 92 | 0.36562 | 0.5587832699619771
37, 36, 65, 23, 62, 11, 92 | 0.36053 | 0.5461596958174905
37, 36, 65, 23, 81, 11, 92 | 0.36892 | 0.5586311787072243
37, 36, 65, 81, 62, 11, 92 | 0.35947 | 0.5429657794676807
37, 65, 23, 81, 62, 11, 92 | 0.36025 | 0.544638783269962
63, 37, 23, 81, 62, 11, 92 | 0.37462 | 0.569277566539924
63, 37, 65, 23, 62, 11, 92 | 0.36731 | 0.5531558935361217
63, 37, 65, 23, 81, 11, 92 | 0.37792 | 0.5741444866920152
63, 37, 65, 81, 62, 11, 92 | 0.37078 | 0.5598479087452471
63, 37, 36, 65, 62, 11, 92 | 0.37037 | 0.5587832699619771
63, 37, 36, 65, 81, 62, 11 | 0.3773 | 0.5351580220777257
63, 37, 36, 65, 81, 62, 92 | 0.37504 | 0.5668441064638783
63, 37, 36, 65, 81, 11, 92 | 0.37617 | 0.5714068441064639
63, 37, 36, 65, 23, 81, 11 | 0.38575 | 0.5396945410554967
63, 37, 36, 65, 23, 81, 92 | 0.38292 | 0.5800760456273765
63, 37, 36, 65, 23, 11, 92 | 0.37763 | 0.574296577946768
63, 37, 36, 23, 62, 11, 92 | 0.37412 | 0.5704942965779468
63, 37, 36, 23, 81, 62, 11 | 0.38257 | 0.5328897625888401
63, 37, 36, 23, 81, 62, 92 | 0.37951 | 0.5767300380228136
63, 37, 36, 23, 81, 11, 92 | 0.37981 | 0.5817490494296578
63, 37, 36, 81, 62, 11, 92 | 0.37293 | 0.5701901140684411
63, 36, 23, 81, 62, 11, 92 | 0.36911 | 0.5674524714828897
63, 36, 65, 23, 62, 11, 92 | 0.3636 | 0.5554372623574144
63, 36, 65, 23, 81, 62, 11 | 0.37332 | 0.5402994102525329
63, 36, 65, 23, 81, 62, 92 | 0.37155 | 0.5645627376425856
63, 36, 65, 23, 81, 11, 92 | 0.37366 | 0.5714068441064639
63, 36, 65, 81, 62, 11, 92 | 0.36702 | 0.5587832699619771
63, 65, 23, 81, 62, 11, 92 | 0.364 | 0.5537642585551331
34, 63, 65, 81, 62, 11, 92 | 0.37517 | 0.569277566539924
34, 63, 36, 65, 62, 11, 92 | 0.37423 | 0.567148288973384
34, 63, 36, 65, 81, 11, 92 | 0.38419 | 0.5834220532319392
34, 63, 36, 81, 62, 11, 92 | 0.37886 | 0.5803802281368822
34, 63, 37, 36, 62, 11, 92 | 0.38184 | 0.5794676806083651
34, 63, 37, 36, 81, 62, 11 | 0.39027 | 0.5424164524421594
34, 63, 37, 36, 81, 62, 92 | 0.38722 | 0.5861596958174905
34, 63, 37, 36, 81, 11, 92 | 0.38828 | 0.591787072243346
34, 63, 37, 36, 65, 81, 11 | 0.39427 | 0.5487675790110389
34, 63, 37, 36, 65, 81, 92 | 0.39129 | 0.5914828897338403
34, 63, 37, 36, 65, 11, 92 | 0.38617 | 0.5849429657794677
34, 63, 37, 65, 62, 11, 92 | 0.37634 | 0.5662357414448669
34, 63, 37, 65, 81, 11, 92 | 0.38694 | 0.5872243346007605
34, 63, 37, 81, 62, 11, 92 | 0.38284 | 0.5825095057034221
34, 37, 65, 81, 62, 11, 92 | 0.36919 | 0.5575665399239543
34, 37, 36, 65, 62, 11, 92 | 0.36898 | 0.5549809885931559
34, 37, 36, 65, 81, 11, 92 | 0.37716 | 0.5685171102661597
34, 37, 36, 81, 62, 11, 92 | 0.37323 | 0.5676045627376426
34, 36, 65, 81, 62, 11, 92 | 0.36774 | 0.5549809885931559
10, 34, 65, 81, 62, 11, 92 | 0.38055 | 0.5794676806083651
10, 34, 36, 65, 62, 11, 92 | 0.37931 | 0.578555133079848
10, 34, 36, 65, 81, 11, 92 | 0.38693 | 0.5892015209125475
10, 34, 36, 81, 62, 11, 92 | 0.38143 | 0.5869201520912547
10, 34, 37, 36, 62, 11, 92 | 0.38533 | 0.588745247148289
10, 34, 37, 36, 81, 11, 92 | 0.38944 | 0.5966539923954373
10, 34, 37, 36, 65, 81, 11 | 0.39413 | 0.5484651444125208
10, 34, 37, 36, 65, 81, 92 | 0.39092 | 0.5946768060836501
10, 34, 37, 36, 65, 11, 92 | 0.3895 | 0.5928517110266159
10, 34, 37, 65, 81, 11, 92 | 0.39034 | 0.594828897338403
10, 34, 37, 81, 62, 11, 92 | 0.38622 | 0.5910266159695817
10, 34, 63, 37, 65, 81, 11 | 0.40694 | 0.5663087857250869
10, 34, 63, 37, 36, 65, 11 | 0.40559 | 0.5657039165280509
10, 34, 63, 37, 36, 81, 11 | 0.40612 | 0.5546650536821413
10, 34, 63, 36, 62, 11, 92 | 0.38938 | 0.5995437262357415
10, 34, 63, 36, 81, 62, 11 | 0.39732 | 0.5614698321487979
10, 34, 63, 36, 65, 81, 11 | 0.40277 | 0.5687282625132315
10, 34, 63, 65, 62, 11, 92 | 0.38688 | 0.5920912547528517
10, 63, 23, 81, 62, 11, 92 | 0.38168 | 0.5892015209125475
10, 63, 65, 23, 62, 11, 92 | 0.37682 | 0.5814448669201521
10, 63, 65, 23, 81, 11, 92 | 0.38666 | 0.5955893536121672
10, 63, 65, 81, 62, 11, 92 | 0.37969 | 0.5822053231939164
10, 63, 36, 65, 62, 11, 92 | 0.37853 | 0.5800760456273765
10, 63, 36, 65, 81, 62, 11 | 0.38521 | 0.5554211401784365
10, 63, 36, 65, 81, 62, 92 | 0.38304 | 0.5858555133079848
10, 63, 36, 65, 81, 11, 92 | 0.38381 | 0.5901140684410646
10, 63, 36, 65, 23, 81, 11 | 0.39317 | 0.55799183426584
10, 63, 36, 65, 23, 81, 92 | 0.39036 | 0.5981749049429658
10, 63, 36, 65, 23, 11, 92 | 0.38526 | 0.5946768060836501
10, 63, 36, 23, 62, 11, 92 | 0.38024 | 0.5892015209125475
10, 63, 36, 23, 81, 62, 11 | 0.38829 | 0.549674882806593
10, 63, 36, 23, 81, 62, 92 | 0.38531 | 0.5923954372623574
10, 63, 36, 23, 81, 11, 92 | 0.38525 | 0.5968060836501902
10, 63, 36, 81, 62, 11, 92 | 0.3787 | 0.5861596958174905
10, 63, 37, 36, 62, 11, 92 | 0.38466 | 0.5902661596958175
10, 63, 37, 36, 81, 62, 11 | 0.39016 | 0.5424164524421594
10, 63, 37, 36, 81, 62, 92 | 0.38673 | 0.5919391634980988
10, 63, 37, 36, 81, 11, 92 | 0.38563 | 0.5957414448669202
10, 63, 37, 36, 23, 81, 11 | 0.3985 | 0.5433237562377136
10, 63, 37, 36, 23, 62, 11 | 0.39398 | 0.5528504460910328
10, 63, 37, 36, 23, 62, 92 | 0.39094 | 0.5965019011406845
10, 63, 37, 36, 65, 23, 11 | 0.39774 | 0.5587479207621352
10, 63, 37, 36, 65, 81, 11 | 0.39382 | 0.549070013609557
10, 63, 37, 36, 65, 81, 92 | 0.39048 | 0.5972623574144487
10, 63, 37, 36, 65, 11, 92 | 0.38853 | 0.5945247148288973
10, 63, 37, 65, 62, 11, 92 | 0.38374 | 0.5837262357414449
10, 63, 37, 65, 81, 11, 92 | 0.38944 | 0.5961977186311787
10, 63, 37, 65, 23, 81, 11 | 0.39877 | 0.5582942688643581
10, 63, 37, 65, 23, 11, 92 | 0.39121 | 0.5981749049429658
10, 63, 37, 23, 62, 11, 92 | 0.38739 | 0.5928517110266159
10, 63, 37, 23, 81, 62, 11 | 0.39512 | 0.549674882806593
10, 63, 37, 23, 81, 62, 92 | 0.39192 | 0.5957414448669202
10, 63, 37, 81, 62, 11, 92 | 0.38568 | 0.5913307984790874
10, 37, 23, 81, 62, 11, 92 | 0.37897 | 0.5826615969581749
10, 37, 65, 23, 62, 11, 92 | 0.37441 | 0.5726235741444867
10, 37, 65, 23, 81, 11, 92 | 0.3825 | 0.5857034220532319
10, 37, 65, 81, 62, 11, 92 | 0.37312 | 0.5703422053231939
10, 37, 36, 65, 62, 11, 92 | 0.37272 | 0.5686692015209125
10, 37, 36, 65, 81, 62, 11 | 0.37622 | 0.5356116739755028
10, 37, 36, 65, 81, 62, 92 | 0.37368 | 0.5715589353612167
10, 37, 36, 65, 81, 11, 92 | 0.37636 | 0.5761216730038022
10, 37, 36, 65, 23, 81, 11 | 0.38659 | 0.54075306215031
10, 37, 36, 65, 23, 81, 92 | 0.38342 | 0.5863117870722433
10, 37, 36, 65, 23, 11, 92 | 0.38191 | 0.5853992395437262
10, 37, 36, 23, 62, 11, 92 | 0.37832 | 0.5828136882129278
10, 37, 36, 23, 81, 62, 11 | 0.38313 | 0.5339482836836534
10, 37, 36, 23, 81, 62, 92 | 0.37973 | 0.5829657794676806
10, 37, 36, 23, 81, 11, 92 | 0.38209 | 0.5899619771863118
10, 37, 36, 81, 62, 11, 92 | 0.37277 | 0.5752091254752851
10, 36, 23, 81, 62, 11, 92 | 0.37268 | 0.5761216730038022
10, 36, 65, 23, 62, 11, 92 | 0.36986 | 0.5686692015209125
10, 36, 65, 23, 81, 11, 92 | 0.37756 | 0.5796197718631179
10, 36, 65, 81, 62, 11, 92 | 0.36866 | 0.5647148288973384
10, 65, 23, 81, 62, 11, 92 | 0.37074 | 0.5677566539923954
42, 10, 65, 81, 62, 11, 92 | 0.37477 | 0.5925475285171102
42, 10, 36, 65, 62, 11, 92 | 0.3752 | 0.5893536121673004
42, 10, 36, 65, 81, 11, 92 | 0.37675 | 0.5933079847908745
42, 10, 36, 23, 62, 11, 92 | 0.37943 | 0.5990874524714829
42, 10, 36, 81, 62, 11, 92 | 0.3724 | 0.5911787072243346
42, 10, 37, 36, 65, 23, 11 | 0.39406 | 0.5557235747769544
42, 10, 63, 37, 65, 23, 11 | 0.40796 | 0.5743233025858158
42, 10, 63, 36, 81, 62, 11 | 0.38962 | 0.5588991380613942
42, 10, 63, 36, 65, 23, 11 | 0.39925 | 0.5723574776954483
42, 34, 65, 81, 62, 11, 92 | 0.37338 | 0.5852471482889734
42, 34, 36, 65, 81, 11, 92 | 0.37959 | 0.5899619771863118
42, 34, 36, 81, 62, 11, 92 | 0.37498 | 0.5879847908745247
42, 34, 37, 36, 62, 11, 92 | 0.3824 | 0.5946768060836501
42, 34, 37, 36, 81, 11, 92 | 0.3843 | 0.5995437262357415
42, 34, 37, 36, 65, 11, 92 | 0.38572 | 0.5977186311787073
42, 34, 37, 81, 62, 11, 92 | 0.38131 | 0.5984790874524715
42, 34, 63, 37, 65, 81, 11 | 0.40222 | 0.5601088764554665
42, 34, 63, 36, 65, 81, 11 | 0.39616 | 0.5631332224406472
42, 63, 23, 81, 62, 11, 92 | 0.37738 | 0.5955893536121672
42, 63, 65, 23, 62, 11, 92 | 0.37426 | 0.5860076045627376
42, 63, 65, 81, 62, 11, 92 | 0.375 | 0.588745247148289
42, 63, 36, 65, 62, 11, 92 | 0.37594 | 0.5858555133079848
42, 63, 36, 65, 81, 62, 11 | 0.38008 | 0.5530016633902919
42, 63, 36, 65, 81, 62, 92 | 0.37754 | 0.5890494296577947
42, 63, 36, 65, 81, 11, 92 | 0.37904 | 0.5916349809885931
42, 63, 36, 65, 23, 81, 11 | 0.3876 | 0.5546650536821413
42, 63, 36, 65, 23, 11, 92 | 0.38236 | 0.5983269961977187
42, 63, 36, 23, 62, 11, 92 | 0.37833 | 0.594828897338403
42, 63, 36, 23, 81, 62, 11 | 0.38351 | 0.5507334039014063
42, 63, 36, 23, 81, 62, 92 | 0.38019 | 0.5986311787072244
42, 63, 36, 81, 62, 11, 92 | 0.37484 | 0.5916349809885931
42, 63, 37, 36, 81, 62, 11 | 0.38738 | 0.5437774081354907
42, 63, 37, 36, 65, 23, 11 | 0.39578 | 0.5585967034628762
42, 63, 37, 65, 62, 11, 92 | 0.38293 | 0.5942205323193916
42, 63, 37, 65, 23, 81, 11 | 0.39524 | 0.5530016633902919
42, 37, 23, 81, 62, 11, 92 | 0.375 | 0.5923954372623574
42, 37, 65, 23, 81, 11, 92 | 0.37777 | 0.5952851711026615
42, 37, 65, 81, 62, 11, 92 | 0.36866 | 0.5806844106463879
42, 37, 36, 65, 62, 11, 92 | 0.37017 | 0.5765779467680608
42, 37, 36, 65, 81, 11, 92 | 0.37161 | 0.580532319391635
42, 37, 36, 65, 23, 11, 92 | 0.37907 | 0.5928517110266159
42, 37, 36, 23, 62, 11, 92 | 0.37635 | 0.5914828897338403
42, 37, 36, 23, 81, 62, 11 | 0.37871 | 0.5344019355814306
42, 37, 36, 23, 81, 62, 92 | 0.37471 | 0.5925475285171102
42, 37, 36, 23, 81, 11, 92 | 0.37776 | 0.595893536121673
42, 37, 36, 81, 62, 11, 92 | 0.36899 | 0.5819011406844107
42, 36, 23, 81, 62, 11, 92 | 0.36705 | 0.5811406844106464
42, 36, 65, 23, 62, 11, 92 | 0.36576 | 0.5747528517110266
42, 36, 65, 23, 81, 11, 92 | 0.3711 | 0.5834220532319392
42, 36, 65, 81, 62, 11, 92 | 0.36261 | 0.5685171102661597
42, 65, 23, 81, 62, 11, 92 | 0.36448 | 0.5755133079847908
33, 42, 65, 81, 62, 11, 92 | 0.39616 | 0.5908745247148289
33, 42, 36, 65, 62, 11, 92 | 0.3973 | 0.5904182509505703
33, 42, 36, 65, 81, 11, 92 | 0.4003 | 0.5951330798479088
33, 42, 36, 81, 62, 11, 92 | 0.39672 | 0.5955893536121672
33, 42, 37, 36, 81, 62, 11 | 0.40635 | 0.5617722667473158
33, 42, 37, 36, 65, 23, 11 | 0.41593 | 0.5790110388628459
33, 42, 37, 65, 62, 11, 92 | 0.40267 | 0.5961977186311787
33, 42, 63, 37, 81, 62, 11 | 0.41917 | 0.5788598215635868
33, 42, 63, 37, 65, 23, 11 | 0.42561 | 0.5918645092998639
33, 42, 63, 37, 36, 23, 11 | 0.42763 | 0.5883865114169061
33, 42, 63, 37, 36, 62, 11 | 0.41983 | 0.5843036443369122
33, 42, 63, 36, 81, 62, 11 | 0.41166 | 0.5820353848480266
33, 42, 63, 36, 65, 23, 11 | 0.41883 | 0.5954937244820807
33, 42, 63, 65, 62, 11, 92 | 0.40535 | 0.5998479087452472
33, 42, 63, 65, 23, 81, 11 | 0.41832 | 0.5908059882050507
33, 42, 34, 63, 65, 81, 11 | 0.42653 | 0.5988205050657796
33, 42, 10, 63, 81, 62, 11 | 0.42097 | 0.596401028277635
33, 42, 10, 37, 65, 23, 11 | 0.42634 | 0.5929230303946772
33, 42, 10, 36, 65, 23, 11 | 0.41939 | 0.5929230303946772
33, 10, 23, 81, 62, 11, 92 | 0.40553 | 0.5926996197718631
33, 10, 65, 23, 81, 11, 92 | 0.41016 | 0.5951330798479088
33, 10, 65, 81, 62, 11, 92 | 0.40166 | 0.580532319391635
33, 10, 36, 65, 62, 11, 92 | 0.40097 | 0.5809885931558936
33, 10, 36, 65, 81, 11, 92 | 0.40616 | 0.5875285171102662
33, 10, 36, 65, 23, 81, 11 | 0.41538 | 0.5814305156509905
33, 10, 36, 65, 23, 11, 92 | 0.4093 | 0.5960456273764259
33, 10, 36, 23, 62, 11, 92 | 0.40473 | 0.593916349809886
33, 10, 36, 23, 81, 11, 92 | 0.40994 | 0.6
33, 10, 36, 81, 62, 11, 92 | 0.40151 | 0.5870722433460076
33, 10, 37, 36, 62, 11, 92 | 0.40596 | 0.5910266159695817
33, 10, 37, 36, 81, 62, 11 | 0.40991 | 0.5613186148495388
33, 10, 37, 36, 81, 62, 92 | 0.40763 | 0.5934600760456273
33, 10, 37, 36, 81, 11, 92 | 0.40727 | 0.5930038022813688
33, 10, 37, 36, 23, 81, 11 | 0.41993 | 0.5654014819295328
33, 10, 37, 36, 65, 23, 11 | 0.4187 | 0.579313473461364
33, 10, 37, 36, 65, 81, 11 | 0.41315 | 0.5690306971117496
33, 10, 37, 36, 65, 81, 92 | 0.41126 | 0.5952851711026615
33, 10, 37, 36, 65, 11, 92 | 0.40949 | 0.591787072243346
33, 10, 37, 65, 62, 11, 92 | 0.40438 | 0.5849429657794677
33, 10, 37, 65, 81, 11, 92 | 0.40994 | 0.5926996197718631
33, 10, 37, 65, 23, 81, 11 | 0.41924 | 0.5781037350672917
33, 10, 37, 65, 23, 11, 92 | 0.41331 | 0.5993916349809886
33, 10, 37, 23, 62, 11, 92 | 0.40976 | 0.5971102661596959
33, 10, 37, 81, 62, 11, 92 | 0.40653 | 0.5913307984790874
33, 10, 63, 37, 62, 11, 92 | 0.41461 | 0.5986311787072244
33, 10, 63, 37, 81, 62, 11 | 0.42106 | 0.5781037350672917
33, 10, 63, 37, 23, 81, 11 | 0.42941 | 0.5802207772569182
33, 10, 63, 37, 65, 23, 11 | 0.42676 | 0.5932254649931952
33, 10, 63, 37, 65, 81, 11 | 0.4247 | 0.5847572962346892
33, 10, 63, 37, 36, 65, 23 | 0.4308 | 0.5815559864275327
33, 10, 63, 37, 36, 65, 11 | 0.42375 | 0.5844548616361712
33, 10, 63, 37, 36, 23, 11 | 0.42822 | 0.583547557840617
33, 10, 63, 37, 36, 81, 11 | 0.42214 | 0.5688794798124905
33, 10, 63, 37, 36, 62, 11 | 0.42004 | 0.5809768637532133
33, 10, 63, 36, 62, 11, 92 | 0.4087 | 0.5974144486692016
33, 10, 63, 36, 81, 62, 11 | 0.41547 | 0.5818841675487676
33, 10, 63, 36, 23, 81, 11 | 0.42302 | 0.5809768637532133
33, 10, 63, 36, 23, 62, 11 | 0.41719 | 0.5892938152124603
33, 10, 63, 36, 65, 23, 81 | 0.42744 | 0.5983139102405157
33, 10, 63, 36, 65, 23, 11 | 0.42183 | 0.5948888552850446
33, 10, 63, 36, 65, 81, 11 | 0.42005 | 0.5868743384243157
33, 10, 63, 65, 62, 11, 92 | 0.4076 | 0.5899619771863118
33, 10, 63, 65, 23, 81, 11 | 0.42318 | 0.5947376379857856
33, 10, 63, 23, 62, 11, 92 | 0.40947 | 0.5978707224334601
33, 10, 63, 81, 62, 11, 92 | 0.40986 | 0.5968060836501902
33, 10, 34, 63, 36, 81, 11 | 0.43174 | 0.592166943898382
33, 10, 34, 63, 37, 81, 11 | 0.43659 | 0.5903523363072736
33, 10, 34, 37, 65, 81, 11 | 0.42622 | 0.5855133827309844
33, 10, 34, 37, 36, 81, 11 | 0.42628 | 0.5740208679872978
33, 10, 34, 36, 65, 81, 11 | 0.42379 | 0.5895962498109784
33, 34, 65, 81, 62, 11, 92 | 0.39937 | 0.5711026615969582
33, 34, 36, 65, 62, 11, 92 | 0.39911 | 0.5703422053231939
33, 34, 36, 65, 81, 11, 92 | 0.40853 | 0.5847908745247148
33, 34, 36, 81, 62, 11, 92 | 0.40372 | 0.5828136882129278
33, 34, 37, 36, 62, 11, 92 | 0.4054 | 0.5809885931558936
33, 34, 37, 36, 81, 11, 92 | 0.41162 | 0.5911787072243346
33, 34, 37, 36, 65, 81, 11 | 0.41533 | 0.5697867836080448
33, 34, 37, 36, 65, 81, 92 | 0.41373 | 0.5916349809885931
33, 34, 37, 36, 65, 11, 92 | 0.4092 | 0.5849429657794677
33, 34, 37, 65, 62, 11, 92 | 0.39945 | 0.5674524714828897
33, 34, 37, 65, 81, 11, 92 | 0.4095 | 0.5844866920152091
33, 34, 37, 81, 62, 11, 92 | 0.40583 | 0.5820532319391635
33, 34, 63, 37, 62, 11, 92 | 0.41073 | 0.5832699619771863
33, 34, 63, 37, 65, 81, 11 | 0.42399 | 0.5815817329502495
33, 34, 63, 37, 65, 11, 92 | 0.41482 | 0.5905703422053232
33, 34, 63, 37, 36, 65, 81 | 0.42884 | 0.5896355070666998
33, 34, 63, 37, 36, 65, 11 | 0.42322 | 0.5844548616361712
33, 34, 63, 37, 36, 81, 11 | 0.42624 | 0.575079389082111
33, 34, 63, 36, 62, 11, 92 | 0.40804 | 0.587680608365019
33, 34, 63, 36, 81, 62, 11 | 0.41748 | 0.5824890367458038
33, 34, 63, 36, 81, 62, 92 | 0.4162 | 0.5995437262357415
33, 34, 63, 36, 65, 81, 11 | 0.42221 | 0.588084076818388
33, 34, 63, 36, 65, 11, 92 | 0.41296 | 0.5934600760456273
33, 34, 63, 65, 62, 11, 92 | 0.40178 | 0.5730798479087452
33, 34, 63, 65, 81, 11, 92 | 0.41378 | 0.5951330798479088
33, 34, 63, 81, 62, 11, 92 | 0.40866 | 0.5898098859315589
33, 63, 23, 81, 62, 11, 92 | 0.39918 | 0.5768821292775665
33, 63, 65, 23, 62, 11, 92 | 0.39143 | 0.5606083650190115
33, 63, 65, 23, 81, 11, 92 | 0.4036 | 0.5823574144486692
33, 63, 65, 81, 62, 11, 92 | 0.39718 | 0.5700380228136882
33, 63, 36, 65, 62, 11, 92 | 0.39686 | 0.569277566539924
33, 63, 36, 65, 81, 62, 11 | 0.4051 | 0.5755330409798881
33, 63, 36, 65, 81, 62, 92 | 0.40452 | 0.5819011406844107
33, 63, 36, 65, 81, 11, 92 | 0.40394 | 0.5825095057034221
33, 63, 36, 65, 23, 81, 11 | 0.41258 | 0.5787086042643278
33, 63, 36, 65, 23, 81, 92 | 0.41146 | 0.5933079847908745
33, 63, 36, 65, 23, 11, 92 | 0.40315 | 0.5825095057034221
33, 63, 36, 23, 62, 11, 92 | 0.39891 | 0.578403041825095
33, 63, 36, 23, 81, 62, 11 | 0.40857 | 0.5719038257976713
33, 63, 36, 23, 81, 62, 92 | 0.40722 | 0.5899619771863118
33, 63, 36, 23, 81, 11, 92 | 0.40598 | 0.5904182509505703
33, 63, 36, 81, 62, 11, 92 | 0.39979 | 0.5829657794676806
33, 63, 37, 36, 62, 11, 92 | 0.40371 | 0.5802281368821293
33, 63, 37, 36, 81, 62, 11 | 0.41081 | 0.5628307878421291
33, 63, 37, 36, 81, 62, 92 | 0.40888 | 0.5896577946768061
33, 63, 37, 36, 81, 11, 92 | 0.40664 | 0.5893536121673004
33, 63, 37, 36, 23, 81, 11 | 0.41865 | 0.5646453954332376
33, 63, 37, 36, 23, 62, 11 | 0.41216 | 0.5711477393013761
33, 63, 37, 36, 23, 62, 92 | 0.41086 | 0.5884410646387833
33, 63, 37, 36, 23, 11, 92 | 0.41049 | 0.5933079847908745
33, 63, 37, 36, 65, 23, 81 | 0.42111 | 0.583064716092239
33, 63, 37, 36, 65, 23, 11 | 0.41538 | 0.5781037350672917
33, 63, 37, 36, 65, 23, 92 | 0.41424 | 0.5930038022813688
33, 63, 37, 36, 65, 81, 11 | 0.41355 | 0.5691819144110086
33, 63, 37, 36, 65, 81, 92 | 0.41196 | 0.5908745247148289
33, 63, 37, 36, 65, 62, 11 | 0.40723 | 0.570845304702858
33, 63, 37, 36, 65, 62, 92 | 0.40653 | 0.5790114068441065
33, 63, 37, 36, 65, 11, 92 | 0.40687 | 0.5822053231939164
33, 63, 37, 65, 62, 11, 92 | 0.3996 | 0.5660836501901141
33, 63, 37, 65, 81, 62, 11 | 0.40771 | 0.5669136549221231
33, 63, 37, 65, 81, 62, 92 | 0.40666 | 0.5803802281368822
33, 63, 37, 65, 81, 11, 92 | 0.40721 | 0.5831178707224335
33, 63, 37, 65, 23, 81, 11 | 0.41572 | 0.5734159987902616
33, 63, 37, 65, 23, 81, 92 | 0.4143 | 0.5925475285171102
33, 63, 37, 65, 23, 11, 92 | 0.40656 | 0.5788593155893537
33, 63, 37, 23, 62, 11, 92 | 0.40318 | 0.5735361216730038
33, 63, 37, 23, 81, 62, 11 | 0.41256 | 0.5643429608347195
33, 63, 37, 23, 81, 62, 92 | 0.41092 | 0.5867680608365019
33, 63, 37, 23, 81, 11, 92 | 0.41083 | 0.5916349809885931
33, 63, 37, 81, 62, 11, 92 | 0.40417 | 0.5806844106463879
33, 37, 23, 81, 62, 11, 92 | 0.39858 | 0.5733840304182509
33, 37, 65, 23, 62, 11, 92 | 0.39134 | 0.5581749049429657
33, 37, 65, 23, 81, 11, 92 | 0.40168 | 0.5747528517110266
33, 37, 65, 81, 62, 11, 92 | 0.39271 | 0.5606083650190115
33, 37, 36, 65, 62, 11, 92 | 0.39283 | 0.5604562737642586
33, 37, 36, 65, 81, 62, 11 | 0.39792 | 0.553908967185846
33, 37, 36, 65, 81, 62, 92 | 0.39681 | 0.568212927756654
33, 37, 36, 65, 81, 11, 92 | 0.39842 | 0.5683650190114068
33, 37, 36, 65, 23, 81, 11 | 0.40796 | 0.5613186148495388
33, 37, 36, 65, 23, 81, 92 | 0.40637 | 0.5829657794676806
33, 37, 36, 65, 23, 11, 92 | 0.40183 | 0.5764258555133079
33, 37, 36, 23, 62, 11, 92 | 0.39861 | 0.5761216730038022
33, 37, 36, 23, 81, 62, 11 | 0.40515 | 0.553757749886587
33, 37, 36, 23, 81, 62, 92 | 0.40309 | 0.5825095057034221
33, 37, 36, 23, 81, 11, 92 | 0.40438 | 0.584638783269962
33, 37, 36, 81, 62, 11, 92 | 0.39557 | 0.5709505703422053
33, 36, 23, 81, 62, 11, 92 | 0.39513 | 0.5736882129277566
33, 36, 65, 23, 62, 11, 92 | 0.38961 | 0.5606083650190115
33, 36, 65, 23, 81, 11, 92 | 0.3993 | 0.5738403041825095
33, 36, 65, 81, 62, 11, 92 | 0.3908 | 0.5601520912547528
33, 65, 23, 81, 62, 11, 92 | 0.38943 | 0.5580228136882129
30, 33, 37, 36, 81, 62, 11 | 0.43085 | 0.5889913806139422
30, 33, 37, 36, 23, 81, 11 | 0.43954 | 0.5933766822924542
30, 33, 37, 36, 65, 81, 11 | 0.43342 | 0.5967034628761531
30, 33, 63, 37, 81, 62, 11 | 0.43982 | 0.5986692877665205
30, 33, 63, 37, 65, 23, 81 | 0.44978 | 0.5919910736424497
30, 33, 63, 37, 36, 65, 23 | 0.44935 | 0.5940378090159961
30, 33, 63, 37, 36, 81, 11 | 0.44161 | 0.5956449417813398
30, 33, 63, 36, 65, 23, 81 | 0.4472 | 0.5901314158194892
30, 33, 34, 63, 36, 65, 81 | 0.4557 | 0.5981899330523184
30, 33, 10, 37, 36, 65, 23 | 0.45139 | 0.5948860882210373
30, 42, 37, 36, 65, 23, 11 | 0.41436 | 0.5823378194465447
30, 42, 63, 37, 81, 62, 11 | 0.41893 | 0.5805232118554363
30, 42, 63, 37, 65, 23, 11 | 0.42555 | 0.5938303341902313
30, 42, 63, 37, 36, 65, 11 | 0.42189 | 0.5888401633146833
30, 42, 63, 37, 36, 23, 11 | 0.42595 | 0.5903523363072736
30, 42, 63, 37, 36, 62, 11 | 0.41907 | 0.5859670346287615
30, 42, 63, 36, 81, 62, 11 | 0.41064 | 0.5855133827309844
30, 42, 63, 36, 65, 23, 11 | 0.41807 | 0.5992741569635567
30, 42, 63, 65, 23, 81, 11 | 0.41798 | 0.5939815514894904
30, 42, 10, 37, 65, 23, 11 | 0.42651 | 0.5953425071828217
30, 42, 10, 36, 65, 23, 11 | 0.41903 | 0.5960985936791169
30, 10, 36, 65, 23, 81, 11 | 0.4145 | 0.5864206865265387
30, 10, 37, 36, 81, 62, 11 | 0.40902 | 0.5672160895206412
30, 10, 37, 36, 65, 23, 11 | 0.41781 | 0.5829426886435808
30, 10, 37, 65, 23, 81, 11 | 0.419 | 0.5832451232420989
30, 10, 63, 37, 81, 62, 11 | 0.42206 | 0.5840012097383941
30, 10, 63, 37, 23, 81, 11 | 0.4292 | 0.5858158173295025
30, 10, 63, 37, 65, 23, 11 | 0.42744 | 0.5992741569635567
30, 10, 63, 37, 65, 81, 11 | 0.42524 | 0.5908059882050507
30, 10, 63, 37, 36, 65, 23 | 0.43024 | 0.5942801745031507
30, 10, 63, 37, 36, 65, 11 | 0.42384 | 0.5905035536065326
30, 10, 63, 37, 36, 23, 11 | 0.42751 | 0.5876304249206109
30, 10, 63, 37, 36, 62, 11 | 0.42037 | 0.5859670346287615
30, 10, 63, 36, 81, 62, 11 | 0.41547 | 0.5867231211250568
30, 10, 63, 36, 23, 81, 11 | 0.42193 | 0.5859670346287615
30, 10, 63, 36, 65, 81, 11 | 0.42004 | 0.5933766822924542
30, 10, 34, 63, 36, 81, 11 | 0.43065 | 0.5970058974746711
30, 10, 34, 63, 37, 81, 11 | 0.43633 | 0.5953425071828217
30, 10, 34, 37, 65, 81, 11 | 0.42616 | 0.5892938152124603
30, 10, 34, 36, 65, 81, 11 | 0.42296 | 0.5935278995917133
30, 34, 37, 36, 65, 81, 11 | 0.41339 | 0.5735672160895207
30, 34, 63, 37, 65, 81, 11 | 0.42317 | 0.5840012097383941
30, 34, 63, 37, 36, 65, 11 | 0.42197 | 0.5888401633146833
30, 34, 63, 37, 36, 81, 11 | 0.42405 | 0.5785573869650688
30, 34, 63, 36, 81, 62, 11 | 0.41567 | 0.5868743384243157
30, 34, 63, 36, 65, 81, 11 | 0.42053 | 0.592318161197641
30, 63, 36, 65, 81, 62, 11 | 0.40427 | 0.5809768637532133
30, 63, 36, 65, 23, 81, 11 | 0.41116 | 0.583849992439135
30, 63, 36, 23, 81, 62, 11 | 0.40698 | 0.5764403447754423
30, 63, 37, 36, 81, 62, 11 | 0.40944 | 0.5673673068199002
30, 63, 37, 36, 23, 81, 11 | 0.41646 | 0.5702404355058218
30, 63, 37, 36, 23, 62, 11 | 0.41102 | 0.5761379101769243
30, 63, 37, 36, 65, 23, 81 | 0.4194 | 0.5950905033473841
30, 63, 37, 36, 65, 23, 11 | 0.41434 | 0.5826402540450627
30, 63, 37, 36, 65, 81, 11 | 0.41239 | 0.5738696506880387
30, 63, 37, 65, 23, 81, 11 | 0.41512 | 0.5767427793739603
30, 63, 37, 23, 81, 62, 11 | 0.41213 | 0.5681233933161953
30, 37, 36, 65, 23, 81, 11 | 0.40586 | 0.5670648722213821
30, 37, 36, 23, 81, 62, 11 | 0.40266 | 0.5608649629517617
