7, 42, 91, 68, 78, 31, 32, 60, 46, 4, 70, 71, 40 | 0.6764307692307693 | 0.39215686274509803
7, 42, 91, 68, 78, 31, 32, 60, 80, 46, 4, 79, 40 | 0.6793846153846154 | 0.39215686274509803
7, 45, 91, 68, 78, 31, 32, 60, 46, 4, 70, 71, 40 | 0.6788923076923077 | 0.39215686274509803
7, 45, 91, 68, 78, 31, 32, 60, 80, 46, 4, 79, 40 | 0.6818461538461539 | 0.39215686274509803
7, 91, 68, 78, 31, 32, 60, 80, 46, 4, 70, 79, 40 | 0.6626461538461539 | 0.39215686274509803
7, 91, 68, 78, 31, 32, 60, 80, 46, 4, 70, 71, 40 | 0.6626461538461539 | 0.39215686274509803
7, 91, 68, 78, 31, 32, 60, 46, 4, 70, 79, 71, 40 | 0.6596923076923077 | 0.39215686274509803
119, 45, 91, 68, 78, 31, 32, 60, 46, 4, 70, 71, 40 | 0.6912 | 0.39215686274509803
119, 45, 91, 68, 78, 31, 32, 60, 80, 46, 4, 79, 40 | 0.6926769230769231 | 0.39215686274509803
119, 91, 68, 78, 31, 32, 60, 80, 46, 4, 70, 79, 40 | 0.6734769230769231 | 0.39215686274509803
119, 91, 68, 78, 31, 32, 60, 80, 46, 4, 70, 71, 40 | 0.6734769230769231 | 0.39215686274509803
119, 91, 68, 78, 31, 32, 60, 46, 4, 70, 79, 71, 40 | 0.672 | 0.39215686274509803
41, 119, 68, 78, 31, 32, 60, 80, 46, 4, 70, 79, 40 | 0.6897230769230769 | 0.39215686274509803
41, 119, 68, 78, 31, 32, 60, 80, 46, 4, 70, 71, 40 | 0.6897230769230769 | 0.39215686274509803
41, 119, 68, 78, 31, 32, 60, 46, 4, 70, 79, 71, 40 | 0.6882461538461538 | 0.39215686274509803
41, 119, 91, 68, 78, 31, 32, 55, 46, 70, 79, 71, 40 | 0.7217230769230769 | 0.3137254901960784
41, 119, 91, 68, 78, 31, 32, 55, 80, 46, 70, 79, 40 | 0.7236923076923077 | 0.3137254901960784
41, 119, 91, 68, 78, 31, 32, 55, 80, 46, 70, 71, 40 | 0.7236923076923077 | 0.3137254901960784
41, 119, 91, 68, 78, 31, 32, 55, 60, 80, 46, 70, 79 | 0.7424 | 0.3333333333333333
41, 119, 91, 68, 78, 31, 32, 55, 60, 80, 46, 70, 71 | 0.7424 | 0.3333333333333333
41, 119, 91, 68, 78, 31, 32, 55, 60, 46, 70, 79, 71 | 0.7404307692307692 | 0.3333333333333333
41, 119, 91, 68, 78, 31, 32, 60, 46, 70, 79, 71, 40 | 0.7271384615384615 | 0.23529411764705882
41, 119, 91, 68, 78, 31, 32, 60, 80, 46, 70, 79, 40 | 0.7291076923076923 | 0.23529411764705882
41, 119, 91, 68, 78, 31, 32, 60, 80, 46, 70, 71, 40 | 0.7291076923076923 | 0.23529411764705882
41, 119, 45, 91, 68, 78, 31, 32, 60, 80, 46, 79, 40 | 0.7483076923076923 | 0.23529411764705882
41, 119, 45, 91, 68, 78, 31, 32, 60, 46, 70, 71, 40 | 0.7463384615384615 | 0.23529411764705882
41, 119, 45, 91, 68, 78, 31, 32, 55, 60, 46, 70, 71 | 0.7596307692307692 | 0.3333333333333333
41, 119, 45, 91, 68, 78, 31, 32, 55, 60, 80, 46, 79 | 0.7616 | 0.3333333333333333
41, 119, 45, 91, 68, 78, 31, 32, 55, 80, 46, 79, 40 | 0.7606153846153846 | 0.3137254901960784
41, 119, 45, 91, 68, 78, 31, 32, 55, 46, 70, 71, 40 | 0.7586461538461539 | 0.3137254901960784
41, 119, 45, 68, 78, 31, 32, 60, 46, 4, 70, 71, 40 | 0.7074461538461538 | 0.39215686274509803
41, 119, 45, 68, 78, 31, 32, 60, 80, 46, 4, 79, 40 | 0.7089230769230769 | 0.39215686274509803
41, 119, 42, 91, 68, 78, 31, 32, 60, 80, 46, 79, 40 | 0.7537230769230769 | 0.23529411764705882
41, 119, 42, 91, 68, 78, 31, 32, 60, 46, 70, 71, 40 | 0.7517538461538461 | 0.23529411764705882
41, 119, 42, 91, 68, 78, 31, 32, 55, 60, 46, 70, 71 | 0.7492923076923077 | 0.3333333333333333
41, 119, 42, 91, 68, 78, 31, 32, 55, 60, 80, 46, 79 | 0.7512615384615384 | 0.3333333333333333
41, 119, 42, 91, 68, 78, 31, 32, 55, 80, 46, 79, 40 | 0.7325538461538461 | 0.3137254901960784
41, 119, 42, 91, 68, 78, 31, 32, 55, 46, 70, 71, 40 | 0.7305846153846154 | 0.3137254901960784
41, 119, 42, 68, 78, 31, 32, 60, 46, 4, 70, 71, 40 | 0.7143384615384616 | 0.39215686274509803
41, 7, 68, 78, 31, 32, 60, 80, 46, 4, 70, 79, 40 | 0.7025230769230769 | 0.39215686274509803
41, 7, 68, 78, 31, 32, 60, 80, 46, 4, 70, 71, 40 | 0.7025230769230769 | 0.39215686274509803
41, 7, 68, 78, 31, 32, 60, 46, 4, 70, 79, 71, 40 | 0.6995692307692307 | 0.39215686274509803
41, 7, 91, 68, 31, 32, 60, 80, 46, 4, 70, 79, 40 | 0.7148307692307693 | 0.39215686274509803
41, 7, 91, 68, 31, 32, 60, 80, 46, 4, 70, 71, 40 | 0.7148307692307693 | 0.39215686274509803
41, 7, 91, 68, 31, 32, 60, 46, 4, 70, 79, 71, 40 | 0.7118769230769231 | 0.39215686274509803
41, 7, 91, 68, 78, 31, 60, 80, 46, 4, 70, 79, 40 | 0.6912 | 0.39215686274509803
41, 7, 91, 68, 78, 31, 60, 80, 46, 4, 70, 71, 40 | 0.6912 | 0.39215686274509803
41, 7, 91, 68, 78, 31, 60, 46, 4, 70, 79, 71, 40 | 0.6882461538461538 | 0.39215686274509803
41, 7, 91, 68, 78, 31, 32, 55, 46, 70, 79, 71, 40 | 0.7062153846153846 | 0.3137254901960784
41, 7, 91, 68, 78, 31, 32, 55, 80, 46, 70, 79, 40 | 0.7116307692307692 | 0.3137254901960784
41, 7, 91, 68, 78, 31, 32, 55, 80, 46, 70, 71, 40 | 0.7116307692307692 | 0.3137254901960784
41, 7, 91, 68, 78, 31, 32, 55, 60, 80, 46, 70, 79 | 0.7303384615384615 | 0.3333333333333333
41, 7, 91, 68, 78, 31, 32, 55, 60, 80, 46, 70, 71 | 0.7303384615384615 | 0.3333333333333333
41, 7, 91, 68, 78, 31, 32, 55, 60, 46, 70, 79, 71 | 0.7268923076923077 | 0.3333333333333333
41, 7, 91, 68, 78, 31, 32, 60, 4, 70, 79, 71, 40 | 0.7044923076923076 | 0.39215686274509803
41, 7, 91, 68, 78, 31, 32, 60, 46, 4, 79, 71, 40 | 0.7000615384615385 | 0.39215686274509803
41, 7, 91, 68, 78, 31, 32, 60, 46, 4, 70, 79, 71 | 0.7049846153846154 | 0.3333333333333333
41, 7, 91, 68, 78, 31, 32, 60, 46, 4, 70, 79, 40 | 0.7000615384615385 | 0.39215686274509803
41, 7, 91, 68, 78, 31, 32, 60, 46, 4, 70, 71, 40 | 0.7177846153846154 | 0.39215686274509803
41, 7, 91, 68, 78, 31, 32, 60, 46, 70, 79, 71, 40 | 0.7143384615384616 | 0.23529411764705882
41, 7, 91, 68, 78, 31, 32, 60, 80, 46, 70, 79, 40 | 0.7177846153846154 | 0.23529411764705882
41, 7, 91, 68, 78, 31, 32, 60, 80, 46, 70, 71, 40 | 0.7177846153846154 | 0.23529411764705882
41, 7, 91, 68, 78, 31, 32, 60, 80, 46, 4, 70, 79 | 0.7079384615384615 | 0.3333333333333333
41, 7, 91, 68, 78, 31, 32, 60, 80, 46, 4, 70, 71 | 0.7079384615384615 | 0.3333333333333333
41, 7, 91, 68, 78, 31, 32, 60, 80, 46, 4, 70, 40 | 0.7030153846153846 | 0.39215686274509803
41, 7, 91, 68, 78, 31, 32, 60, 80, 46, 4, 79, 40 | 0.7207384615384616 | 0.39215686274509803
41, 7, 91, 68, 78, 31, 32, 60, 80, 46, 4, 71, 40 | 0.7030153846153846 | 0.39215686274509803
41, 7, 91, 68, 78, 31, 32, 60, 80, 4, 70, 79, 40 | 0.7074461538461538 | 0.39215686274509803
41, 7, 91, 68, 78, 31, 32, 60, 80, 4, 70, 71, 40 | 0.7074461538461538 | 0.39215686274509803
41, 7, 91, 68, 78, 31, 32, 80, 46, 4, 70, 79, 40 | 0.6971076923076923 | 0.1568627450980392
41, 7, 91, 68, 78, 31, 32, 80, 46, 4, 70, 71, 40 | 0.6971076923076923 | 0.1568627450980392
41, 7, 91, 68, 78, 31, 32, 46, 4, 70, 79, 71, 40 | 0.6921846153846154 | 0.1568627450980392
41, 7, 91, 68, 78, 32, 60, 80, 46, 4, 70, 79, 40 | 0.6912 | 0.39215686274509803
41, 7, 91, 68, 78, 32, 60, 80, 46, 4, 70, 71, 40 | 0.6912 | 0.39215686274509803
41, 7, 91, 68, 78, 32, 60, 46, 4, 70, 79, 71, 40 | 0.6882461538461538 | 0.39215686274509803
41, 7, 91, 78, 31, 32, 60, 80, 46, 4, 70, 79, 40 | 0.7148307692307693 | 0.39215686274509803
41, 7, 91, 78, 31, 32, 60, 80, 46, 4, 70, 71, 40 | 0.7148307692307693 | 0.39215686274509803
41, 7, 91, 78, 31, 32, 60, 46, 4, 70, 79, 71, 40 | 0.7118769230769231 | 0.39215686274509803
41, 7, 64, 91, 78, 31, 32, 80, 46, 4, 70, 79, 40 | 0.7192615384615385 | 0.39215686274509803
41, 7, 64, 91, 78, 31, 32, 80, 46, 4, 70, 71, 40 | 0.7192615384615385 | 0.39215686274509803
41, 7, 64, 91, 78, 31, 32, 46, 4, 70, 79, 71, 40 | 0.7163076923076923 | 0.39215686274509803
41, 7, 64, 91, 68, 78, 31, 32, 4, 70, 79, 71, 40 | 0.7104 | 0.39215686274509803
41, 7, 64, 91, 68, 78, 31, 32, 80, 4, 70, 79, 40 | 0.7133538461538461 | 0.39215686274509803
41, 7, 64, 91, 68, 78, 31, 32, 80, 4, 70, 71, 40 | 0.7133538461538461 | 0.39215686274509803
41, 7, 64, 91, 68, 31, 32, 80, 46, 4, 70, 79, 40 | 0.7192615384615385 | 0.39215686274509803
41, 7, 64, 91, 68, 31, 32, 80, 46, 4, 70, 71, 40 | 0.7192615384615385 | 0.39215686274509803
41, 7, 64, 91, 68, 31, 32, 46, 4, 70, 79, 71, 40 | 0.7163076923076923 | 0.39215686274509803
41, 7, 45, 64, 91, 68, 31, 32, 46, 4, 70, 71, 40 | 0.7340307692307693 | 0.39215686274509803
41, 7, 45, 64, 91, 68, 31, 32, 80, 46, 4, 79, 40 | 0.7369846153846153 | 0.39215686274509803
41, 7, 45, 64, 91, 68, 78, 31, 32, 80, 4, 79, 40 | 0.7310769230769231 | 0.39215686274509803
41, 7, 45, 64, 91, 68, 78, 31, 32, 4, 70, 71, 40 | 0.7281230769230769 | 0.39215686274509803
41, 7, 45, 64, 91, 78, 31, 32, 46, 4, 70, 71, 40 | 0.7340307692307693 | 0.39215686274509803
41, 7, 45, 64, 91, 78, 31, 32, 80, 46, 4, 79, 40 | 0.7369846153846153 | 0.39215686274509803
41, 7, 45, 91, 78, 31, 32, 60, 46, 4, 70, 71, 40 | 0.7310769230769231 | 0.39215686274509803
41, 7, 45, 91, 78, 31, 32, 60, 80, 46, 4, 79, 40 | 0.7340307692307693 | 0.39215686274509803
41, 7, 45, 91, 68, 78, 32, 60, 46, 4, 70, 71, 40 | 0.7074461538461538 | 0.39215686274509803
41, 7, 45, 91, 68, 78, 32, 60, 80, 46, 4, 79, 40 | 0.7104 | 0.39215686274509803
41, 7, 45, 91, 68, 78, 31, 32, 46, 4, 70, 71, 40 | 0.7291076923076923 | 0.1568627450980392
41, 7, 45, 91, 68, 78, 31, 32, 80, 46, 4, 79, 40 | 0.7340307692307693 | 0.1568627450980392
41, 7, 45, 91, 68, 78, 31, 32, 60, 80, 4, 79, 40 | 0.7266461538461538 | 0.39215686274509803
41, 7, 45, 91, 68, 78, 31, 32, 60, 80, 46, 4, 79 | 0.7271384615384615 | 0.3333333333333333
41, 7, 45, 91, 68, 78, 31, 32, 60, 80, 46, 4, 40 | 0.7222153846153846 | 0.39215686274509803
41, 7, 45, 91, 68, 78, 31, 32, 60, 80, 46, 79, 40 | 0.7369846153846153 | 0.23529411764705882
41, 7, 45, 91, 68, 78, 31, 32, 60, 46, 70, 71, 40 | 0.7335384615384616 | 0.23529411764705882
41, 7, 45, 91, 68, 78, 31, 32, 60, 46, 4, 70, 71 | 0.7241846153846154 | 0.3333333333333333
41, 7, 45, 91, 68, 78, 31, 32, 60, 46, 4, 70, 40 | 0.7192615384615385 | 0.39215686274509803
41, 7, 45, 91, 68, 78, 31, 32, 60, 46, 4, 79, 40 | 0.7192615384615385 | 0.39215686274509803
41, 7, 45, 91, 68, 78, 31, 32, 60, 46, 4, 71, 40 | 0.7192615384615385 | 0.39215686274509803
41, 7, 45, 91, 68, 78, 31, 32, 60, 4, 70, 71, 40 | 0.7236923076923077 | 0.39215686274509803
41, 7, 45, 91, 68, 78, 31, 32, 55, 60, 46, 70, 71 | 0.7460923076923077 | 0.3333333333333333
41, 7, 45, 91, 68, 78, 31, 32, 55, 60, 80, 46, 79 | 0.7495384615384615 | 0.3333333333333333
41, 7, 45, 91, 68, 78, 31, 32, 55, 80, 46, 79, 40 | 0.7485538461538461 | 0.3137254901960784
41, 7, 45, 91, 68, 78, 31, 32, 55, 46, 70, 71, 40 | 0.7431384615384615 | 0.3137254901960784
41, 7, 45, 91, 68, 78, 31, 60, 46, 4, 70, 71, 40 | 0.7074461538461538 | 0.39215686274509803
41, 7, 45, 91, 68, 78, 31, 60, 80, 46, 4, 79, 40 | 0.7104 | 0.39215686274509803
41, 7, 45, 91, 68, 31, 32, 60, 46, 4, 70, 71, 40 | 0.7310769230769231 | 0.39215686274509803
41, 7, 45, 91, 68, 31, 32, 60, 80, 46, 4, 79, 40 | 0.7340307692307693 | 0.39215686274509803
41, 7, 45, 68, 78, 31, 32, 60, 46, 4, 70, 71, 40 | 0.7187692307692307 | 0.39215686274509803
41, 7, 45, 68, 78, 31, 32, 60, 80, 46, 4, 79, 40 | 0.7217230769230769 | 0.39215686274509803
41, 7, 42, 91, 68, 78, 31, 32, 60, 80, 46, 79, 40 | 0.7424 | 0.23529411764705882
41, 7, 42, 91, 68, 78, 31, 32, 60, 46, 70, 71, 40 | 0.7389538461538462 | 0.23529411764705882
41, 7, 42, 91, 68, 78, 31, 32, 55, 60, 46, 70, 71 | 0.7357538461538462 | 0.3333333333333333
41, 7, 42, 91, 68, 78, 31, 32, 55, 60, 80, 46, 79 | 0.7392 | 0.3333333333333333
41, 7, 42, 91, 68, 78, 31, 32, 55, 80, 46, 79, 40 | 0.7204923076923077 | 0.3137254901960784
41, 7, 42, 91, 68, 78, 31, 32, 55, 46, 70, 71, 40 | 0.715076923076923 | 0.3137254901960784
41, 7, 42, 68, 78, 31, 32, 60, 46, 4, 70, 71, 40 | 0.7217230769230769 | 0.39215686274509803
41, 7, 42, 68, 78, 31, 32, 60, 80, 46, 4, 79, 40 | 0.7246769230769231 | 0.39215686274509803
41, 45, 91, 68, 78, 31, 32, 60, 46, 4, 70, 71, 40 | 0.7232 | 0.39215686274509803
41, 45, 91, 68, 78, 31, 32, 60, 80, 46, 4, 79, 40 | 0.7276307692307692 | 0.39215686274509803
41, 91, 68, 78, 31, 32, 60, 80, 46, 4, 70, 79, 40 | 0.7084307692307692 | 0.39215686274509803
41, 91, 68, 78, 31, 32, 60, 80, 46, 4, 70, 71, 40 | 0.7084307692307692 | 0.39215686274509803
41, 91, 68, 78, 31, 32, 60, 46, 4, 70, 79, 71, 40 | 0.704 | 0.39215686274509803
14, 41, 7, 42, 45, 91, 68, 78, 31, 32, 60, 46, 40 | 0.788923076923077 | 0.39215686274509803
14, 41, 7, 68, 78, 31, 32, 60, 46, 4, 70, 71, 40 | 0.7296 | 0.47058823529411764
14, 41, 119, 42, 45, 91, 68, 78, 31, 32, 60, 46, 40 | 0.8014769230769231 | 0.39215686274509803
14, 41, 119, 68, 78, 31, 32, 60, 46, 4, 70, 71, 40 | 0.718276923076923 | 0.47058823529411764
54, 41, 7, 42, 91, 68, 78, 31, 32, 55, 46, 70, 71 | 0.7810461538461538 | 0.3333333333333333
54, 41, 7, 42, 91, 68, 78, 31, 32, 55, 80, 46, 79 | 0.7864615384615384 | 0.3333333333333333
54, 41, 7, 45, 91, 68, 78, 31, 32, 55, 46, 70, 71 | 0.7884307692307693 | 0.3333333333333333
54, 41, 7, 45, 91, 68, 78, 31, 32, 55, 80, 46, 79 | 0.7938461538461539 | 0.3333333333333333
54, 41, 7, 45, 91, 68, 78, 31, 32, 80, 46, 4, 79 | 0.7714461538461539 | 0.3333333333333333
54, 41, 7, 45, 91, 68, 78, 31, 32, 46, 4, 70, 71 | 0.766523076923077 | 0.3333333333333333
54, 41, 7, 91, 68, 78, 31, 32, 46, 4, 70, 79, 71 | 0.7532307692307693 | 0.3333333333333333
54, 41, 7, 91, 68, 78, 31, 32, 80, 46, 4, 70, 79 | 0.7581538461538462 | 0.3333333333333333
54, 41, 7, 91, 68, 78, 31, 32, 80, 46, 4, 70, 71 | 0.7581538461538462 | 0.3333333333333333
54, 41, 7, 91, 68, 78, 31, 32, 55, 80, 46, 70, 79 | 0.7805538461538462 | 0.3333333333333333
54, 41, 7, 91, 68, 78, 31, 32, 55, 80, 46, 70, 71 | 0.7805538461538462 | 0.3333333333333333
54, 41, 7, 91, 68, 78, 31, 32, 55, 46, 70, 79, 71 | 0.7751384615384616 | 0.3333333333333333
54, 41, 119, 42, 91, 68, 78, 31, 32, 55, 46, 70, 71 | 0.7965538461538462 | 0.3333333333333333
54, 41, 119, 42, 91, 68, 78, 31, 32, 55, 80, 46, 79 | 0.7985230769230769 | 0.3333333333333333
54, 41, 119, 45, 91, 68, 78, 31, 32, 55, 46, 70, 71 | 0.8039384615384615 | 0.3333333333333333
54, 41, 119, 45, 91, 68, 78, 31, 32, 55, 80, 46, 79 | 0.8059076923076923 | 0.3333333333333333
54, 41, 119, 91, 68, 78, 31, 32, 55, 80, 46, 70, 79 | 0.7926153846153846 | 0.3333333333333333
54, 41, 119, 91, 68, 78, 31, 32, 55, 80, 46, 70, 71 | 0.7926153846153846 | 0.3333333333333333
54, 41, 119, 91, 68, 78, 31, 32, 55, 46, 70, 79, 71 | 0.7906461538461539 | 0.3333333333333333
117, 14, 41, 42, 45, 91, 68, 78, 31, 32, 60, 46, 40 | 0.7945846153846153 | 0.39215686274509803
117, 41, 91, 68, 78, 31, 32, 60, 46, 4, 70, 71, 40 | 0.7355076923076923 | 0.39215686274509803
117, 41, 91, 68, 78, 31, 32, 60, 80, 46, 4, 79, 40 | 0.7399384615384615 | 0.39215686274509803
44, 117, 91, 68, 78, 31, 32, 60, 46, 4, 70, 71, 40 | 0.7255384615384616 | 0.39215686274509803
44, 117, 91, 68, 78, 31, 32, 60, 80, 46, 4, 79, 40 | 0.7255384615384616 | 0.39215686274509803
44, 54, 119, 45, 91, 68, 78, 31, 32, 55, 46, 70, 71 | 0.8152615384615385 | 0.3333333333333333
44, 54, 119, 45, 91, 68, 78, 31, 32, 55, 80, 46, 79 | 0.8152615384615385 | 0.3333333333333333
44, 54, 119, 91, 68, 78, 31, 32, 55, 80, 46, 70, 79 | 0.8019692307692308 | 0.3333333333333333
44, 54, 119, 91, 68, 78, 31, 32, 55, 80, 46, 70, 71 | 0.8019692307692308 | 0.3333333333333333
44, 54, 119, 91, 68, 78, 31, 32, 55, 46, 70, 79, 71 | 0.8019692307692308 | 0.3333333333333333
44, 41, 7, 64, 78, 31, 32, 80, 46, 4, 70, 79, 40 | 0.772676923076923 | 0.39215686274509803
44, 41, 7, 64, 78, 31, 32, 80, 46, 4, 70, 71, 40 | 0.772676923076923 | 0.39215686274509803
44, 41, 7, 64, 78, 31, 32, 46, 4, 70, 79, 71, 40 | 0.772676923076923 | 0.39215686274509803
44, 41, 7, 64, 68, 31, 32, 80, 46, 4, 70, 79, 40 | 0.772676923076923 | 0.39215686274509803
44, 41, 7, 64, 68, 31, 32, 80, 46, 4, 70, 71, 40 | 0.772676923076923 | 0.39215686274509803
44, 41, 7, 64, 68, 31, 32, 46, 4, 70, 79, 71, 40 | 0.772676923076923 | 0.39215686274509803
44, 41, 7, 68, 31, 32, 60, 80, 46, 4, 70, 79, 40 | 0.769723076923077 | 0.39215686274509803
44, 41, 7, 68, 31, 32, 60, 80, 46, 4, 70, 71, 40 | 0.769723076923077 | 0.39215686274509803
44, 41, 7, 68, 31, 32, 60, 46, 4, 70, 79, 71, 40 | 0.769723076923077 | 0.39215686274509803
44, 41, 7, 78, 31, 32, 60, 80, 46, 4, 70, 79, 40 | 0.769723076923077 | 0.39215686274509803
44, 41, 7, 78, 31, 32, 60, 80, 46, 4, 70, 71, 40 | 0.769723076923077 | 0.39215686274509803
44, 41, 7, 78, 31, 32, 60, 46, 4, 70, 79, 71, 40 | 0.769723076923077 | 0.39215686274509803
44, 41, 119, 64, 91, 68, 31, 32, 46, 70, 79, 71, 40 | 0.7908923076923077 | 0.23529411764705882
44, 41, 119, 64, 91, 68, 31, 32, 80, 46, 70, 79, 40 | 0.7908923076923077 | 0.23529411764705882
44, 41, 119, 64, 91, 68, 31, 32, 80, 46, 70, 71, 40 | 0.7908923076923077 | 0.23529411764705882
44, 41, 119, 64, 91, 78, 31, 32, 46, 70, 79, 71, 40 | 0.7908923076923077 | 0.23529411764705882
44, 41, 119, 64, 91, 78, 31, 32, 80, 46, 70, 79, 40 | 0.7908923076923077 | 0.23529411764705882
44, 41, 119, 64, 91, 78, 31, 32, 80, 46, 70, 71, 40 | 0.7908923076923077 | 0.23529411764705882
44, 41, 119, 91, 78, 31, 32, 60, 46, 70, 79, 71, 40 | 0.7879384615384616 | 0.23529411764705882
44, 41, 119, 91, 78, 31, 32, 60, 80, 46, 70, 79, 40 | 0.7879384615384616 | 0.23529411764705882
44, 41, 119, 91, 78, 31, 32, 60, 80, 46, 70, 71, 40 | 0.7879384615384616 | 0.23529411764705882
44, 41, 119, 91, 68, 31, 32, 60, 46, 70, 79, 71, 40 | 0.7879384615384616 | 0.23529411764705882
44, 41, 119, 91, 68, 31, 32, 60, 80, 46, 70, 79, 40 | 0.7879384615384616 | 0.23529411764705882
44, 41, 119, 91, 68, 31, 32, 60, 80, 46, 70, 71, 40 | 0.7879384615384616 | 0.23529411764705882
44, 119, 68, 78, 31, 32, 60, 80, 46, 4, 70, 79, 40 | 0.7052307692307692 | 0.39215686274509803
44, 119, 68, 78, 31, 32, 60, 80, 46, 4, 70, 71, 40 | 0.7052307692307692 | 0.39215686274509803
44, 119, 68, 78, 31, 32, 60, 46, 4, 70, 79, 71, 40 | 0.7052307692307692 | 0.39215686274509803
44, 119, 91, 68, 78, 31, 32, 55, 46, 70, 79, 71, 40 | 0.7064615384615385 | 0.3137254901960784
44, 119, 91, 68, 78, 31, 32, 55, 80, 46, 70, 79, 40 | 0.7064615384615385 | 0.3137254901960784
44, 119, 91, 68, 78, 31, 32, 55, 80, 46, 70, 71, 40 | 0.7064615384615385 | 0.3137254901960784
44, 119, 91, 68, 78, 31, 32, 55, 60, 80, 46, 70, 79 | 0.7310769230769231 | 0.3333333333333333
44, 119, 91, 68, 78, 31, 32, 55, 60, 80, 46, 70, 71 | 0.7310769230769231 | 0.3333333333333333
44, 119, 91, 68, 78, 31, 32, 55, 60, 46, 70, 79, 71 | 0.7310769230769231 | 0.3333333333333333
44, 119, 91, 68, 78, 31, 32, 60, 46, 70, 79, 71, 40 | 0.72 | 0.23529411764705882
44, 119, 91, 68, 78, 31, 32, 60, 80, 46, 70, 79, 40 | 0.72 | 0.23529411764705882
44, 119, 91, 68, 78, 31, 32, 60, 80, 46, 70, 71, 40 | 0.72 | 0.23529411764705882
44, 119, 45, 91, 68, 78, 31, 32, 60, 80, 46, 79, 40 | 0.7392 | 0.23529411764705882
44, 119, 45, 91, 68, 78, 31, 32, 60, 46, 70, 71, 40 | 0.7392 | 0.23529411764705882
44, 119, 45, 91, 68, 78, 31, 32, 55, 60, 46, 70, 71 | 0.7502769230769231 | 0.3333333333333333
44, 119, 45, 91, 68, 78, 31, 32, 55, 60, 80, 46, 79 | 0.7502769230769231 | 0.3333333333333333
44, 119, 45, 91, 68, 78, 31, 32, 55, 80, 46, 79, 40 | 0.7433846153846154 | 0.3137254901960784
44, 119, 45, 91, 68, 78, 31, 32, 55, 46, 70, 71, 40 | 0.7433846153846154 | 0.3137254901960784
44, 119, 45, 68, 78, 31, 32, 60, 46, 4, 70, 71, 40 | 0.7244307692307692 | 0.39215686274509803
44, 119, 45, 68, 78, 31, 32, 60, 80, 46, 4, 79, 40 | 0.7244307692307692 | 0.39215686274509803
44, 7, 68, 78, 31, 32, 60, 80, 46, 4, 70, 79, 40 | 0.7057230769230769 | 0.39215686274509803
44, 7, 68, 78, 31, 32, 60, 80, 46, 4, 70, 71, 40 | 0.7057230769230769 | 0.39215686274509803
44, 7, 68, 78, 31, 32, 60, 46, 4, 70, 79, 71, 40 | 0.7057230769230769 | 0.39215686274509803
44, 7, 45, 68, 78, 31, 32, 60, 46, 4, 70, 71, 40 | 0.7249230769230769 | 0.39215686274509803
44, 7, 45, 68, 78, 31, 32, 60, 80, 46, 4, 79, 40 | 0.7249230769230769 | 0.39215686274509803
44, 45, 91, 68, 78, 31, 32, 60, 46, 4, 70, 71, 40 | 0.7132307692307692 | 0.39215686274509803
44, 45, 91, 68, 78, 31, 32, 60, 80, 46, 4, 79, 40 | 0.7132307692307692 | 0.39215686274509803
44, 91, 68, 78, 31, 32, 60, 80, 46, 4, 70, 79, 40 | 0.6940307692307692 | 0.39215686274509803
44, 91, 68, 78, 31, 32, 60, 80, 46, 4, 70, 71, 40 | 0.6940307692307692 | 0.39215686274509803
44, 91, 68, 78, 31, 32, 60, 46, 4, 70, 79, 71, 40 | 0.6940307692307692 | 0.39215686274509803
43, 41, 7, 64, 91, 68, 31, 32, 46, 4, 70, 71, 40 | 0.7980307692307692 | 0.39215686274509803
43, 41, 7, 64, 91, 68, 31, 32, 80, 46, 4, 79, 40 | 0.8009846153846154 | 0.39215686274509803
43, 41, 7, 64, 91, 78, 31, 32, 46, 4, 70, 71, 40 | 0.7980307692307692 | 0.39215686274509803
43, 41, 7, 64, 91, 78, 31, 32, 80, 46, 4, 79, 40 | 0.8009846153846154 | 0.39215686274509803
43, 41, 7, 91, 78, 31, 32, 60, 46, 4, 70, 71, 40 | 0.7950769230769231 | 0.39215686274509803
43, 41, 7, 91, 78, 31, 32, 60, 80, 46, 4, 79, 40 | 0.7980307692307692 | 0.39215686274509803
43, 41, 7, 91, 68, 31, 32, 60, 46, 4, 70, 71, 40 | 0.7950769230769231 | 0.39215686274509803
43, 41, 7, 91, 68, 31, 32, 60, 80, 46, 4, 79, 40 | 0.7980307692307692 | 0.39215686274509803
43, 119, 91, 68, 78, 31, 32, 60, 46, 4, 70, 71, 40 | 0.7433846153846154 | 0.39215686274509803
43, 119, 91, 68, 78, 31, 32, 60, 80, 46, 4, 79, 40 | 0.7448615384615385 | 0.39215686274509803
43, 7, 91, 68, 78, 31, 32, 60, 46, 4, 70, 71, 40 | 0.7310769230769231 | 0.39215686274509803
43, 7, 91, 68, 78, 31, 32, 60, 80, 46, 4, 79, 40 | 0.7340307692307693 | 0.39215686274509803
17, 44, 91, 68, 31, 32, 60, 80, 46, 4, 70, 79, 40 | 0.7302153846153846 | 0.39215686274509803
17, 44, 91, 68, 31, 32, 60, 80, 46, 4, 70, 71, 40 | 0.7302153846153846 | 0.39215686274509803
17, 44, 91, 68, 31, 32, 60, 46, 4, 70, 79, 71, 40 | 0.7302153846153846 | 0.39215686274509803
17, 44, 91, 78, 31, 32, 60, 80, 46, 4, 70, 79, 40 | 0.7302153846153846 | 0.39215686274509803
17, 44, 91, 78, 31, 32, 60, 80, 46, 4, 70, 71, 40 | 0.7302153846153846 | 0.39215686274509803
17, 44, 91, 78, 31, 32, 60, 46, 4, 70, 79, 71, 40 | 0.7302153846153846 | 0.39215686274509803
17, 44, 45, 91, 78, 31, 32, 60, 46, 4, 70, 71, 40 | 0.7494153846153846 | 0.39215686274509803
17, 44, 45, 91, 78, 31, 32, 60, 80, 46, 4, 79, 40 | 0.7494153846153846 | 0.39215686274509803
17, 44, 45, 91, 68, 31, 32, 60, 46, 4, 70, 71, 40 | 0.7494153846153846 | 0.39215686274509803
17, 44, 45, 91, 68, 31, 32, 60, 80, 46, 4, 79, 40 | 0.7494153846153846 | 0.39215686274509803
17, 41, 91, 68, 31, 32, 60, 80, 46, 4, 70, 79, 40 | 0.7453538461538461 | 0.39215686274509803
17, 41, 91, 68, 31, 32, 60, 80, 46, 4, 70, 71, 40 | 0.7453538461538461 | 0.39215686274509803
17, 41, 91, 68, 31, 32, 60, 46, 4, 70, 79, 71, 40 | 0.7409230769230769 | 0.39215686274509803
17, 41, 91, 78, 31, 32, 60, 80, 46, 4, 70, 79, 40 | 0.7453538461538461 | 0.39215686274509803
17, 41, 91, 78, 31, 32, 60, 80, 46, 4, 70, 71, 40 | 0.7453538461538461 | 0.39215686274509803
17, 41, 91, 78, 31, 32, 60, 46, 4, 70, 79, 71, 40 | 0.7409230769230769 | 0.39215686274509803
17, 41, 45, 91, 78, 31, 32, 60, 46, 4, 70, 71, 40 | 0.7601230769230769 | 0.39215686274509803
17, 41, 45, 91, 78, 31, 32, 60, 80, 46, 4, 79, 40 | 0.7645538461538461 | 0.39215686274509803
17, 41, 45, 91, 68, 31, 32, 60, 46, 4, 70, 71, 40 | 0.7601230769230769 | 0.39215686274509803
17, 41, 45, 91, 68, 31, 32, 60, 80, 46, 4, 79, 40 | 0.7645538461538461 | 0.39215686274509803
69, 44, 91, 78, 31, 32, 60, 80, 46, 4, 70, 71, 40 | 0.7649230769230769 | 0.39215686274509803
69, 44, 45, 91, 78, 31, 32, 60, 46, 4, 70, 71, 40 | 0.7841230769230769 | 0.39215686274509803
69, 41, 91, 78, 31, 32, 60, 80, 46, 4, 70, 71, 40 | 0.7793230769230769 | 0.39215686274509803
69, 41, 45, 91, 78, 31, 32, 60, 46, 4, 70, 71, 40 | 0.7940923076923077 | 0.39215686274509803
77, 44, 45, 64, 91, 68, 78, 31, 32, 80, 4, 79, 40 | 0.7915076923076924 | 0.39215686274509803
77, 44, 45, 91, 68, 78, 31, 32, 60, 80, 4, 79, 40 | 0.7885538461538462 | 0.39215686274509803
77, 44, 45, 91, 68, 31, 32, 60, 80, 46, 4, 79, 40 | 0.7841230769230769 | 0.39215686274509803
77, 41, 45, 64, 91, 68, 78, 31, 32, 80, 4, 79, 40 | 0.8073846153846154 | 0.39215686274509803
77, 41, 45, 91, 68, 78, 31, 32, 60, 80, 4, 79, 40 | 0.8029538461538461 | 0.39215686274509803
77, 41, 45, 91, 68, 31, 32, 60, 80, 46, 4, 79, 40 | 0.7985230769230769 | 0.39215686274509803
