90, 91 | 0.9954461538461539 | 0.0
36, 37 | 0.9998769230769231 | 0.0
36, 54 | 0.932923076923077 | 0.3142857142857143
36, 64 | 0.8886153846153846 | 0.32
36, 60 | 0.8886153846153846 | 0.2608695652173913
39, 110 | 0.9614769230769231 | 0.45544554455445546
39, 1 | 0.9644307692307692 | 0.432073544433095
39, 94 | 0.9142153846153847 | 0.345821325648415
39, 38 | 0.9998769230769231 | 0.0
39, 58 | 0.9132307692307692 | 0.2709677419354839
39, 102 | 0.9152 | 0.23618090452261306
39, 48 | 0.9033846153846153 | 0.0
39, 17 | 0.7970461538461538 | 0.424
39, 117 | 0.7616 | 0.4965034965034965
39, 119 | 0.7694769230769231 | 0.23076923076923078
39, 7 | 0.7650461538461538 | 0.27053140096618356
39, 31 | 0.7616 | 0.0
39, 32 | 0.7616 | 0.0
59, 24 | 0.9821538461538462 | 0.409435551811289
59, 1 | 0.9299692307692308 | 0.3922369765066394
59, 61 | 0.9289846153846154 | 0.0
59, 66 | 0.8585846153846154 | 0.21875
59, 29 | 0.8497230769230769 | 0.2
59, 48 | 0.7433846153846154 | 0.5
59, 101 | 0.8142769230769231 | 0.11764705882352941
59, 95 | 0.7965538461538462 | 0.0
59, 117 | 0.7266461538461538 | 0.36363636363636365
59, 14 | 0.7197538461538462 | 0.373134328358209
59, 42 | 0.696123076923077 | 0.3617021276595745
59, 45 | 0.7079384615384615 | 0.21311475409836064
59, 31 | 0.6724923076923077 | 0.5
59, 32 | 0.6724923076923077 | 0.5
59, 60 | 0.7049846153846154 | 0.0
59, 80 | 0.6971076923076923 | 0.046875
59, 70 | 0.6921846153846154 | 0.0
59, 79 | 0.6902153846153846 | 0.0
59, 71 | 0.6902153846153846 | 0.0
63, 24 | 0.9585230769230769 | 0.3993260320134794
63, 1 | 0.9004307692307693 | 0.3922369765066394
63, 52 | 0.8285538461538462 | 0.4891922639362912
63, 61 | 0.8374153846153846 | 0.21247892074198987
63, 66 | 0.8910769230769231 | 0.0
63, 29 | 0.8201846153846154 | 0.2
63, 114 | 0.7463384615384615 | 0.4748603351955307
63, 48 | 0.7138461538461538 | 0.5
63, 101 | 0.7906461538461539 | 0.08823529411764706
63, 95 | 0.7670153846153847 | 0.0
63, 117 | 0.7089230769230769 | 0.27972027972027974
63, 14 | 0.7020307692307692 | 0.2835820895522388
63, 42 | 0.6665846153846153 | 0.3617021276595745
63, 45 | 0.679876923076923 | 0.19672131147540983
63, 64 | 0.6813538461538462 | 0.0
63, 31 | 0.6429538461538462 | 0.5
63, 32 | 0.6429538461538462 | 0.5
63, 60 | 0.6414769230769231 | 0.5
63, 80 | 0.6675692307692308 | 0.046875
63, 70 | 0.6626461538461539 | 0.0
63, 79 | 0.660676923076923 | 0.0
63, 71 | 0.660676923076923 | 0.0
24, 2 | 0.9230769230769231 | 0.34600760456273766
24, 93 | 0.9762461538461539 | 0.1975806451612903
24, 56 | 0.8580923076923077 | 0.4110169491525424
24, 28 | 0.8344615384615385 | 0.42403628117913833
24, 23 | 0.9998769230769231 | 0.0
24, 116 | 0.8088615384615384 | 0.420584498094028
24, 99 | 0.7556923076923077 | 0.2926829268292683
24, 98 | 0.7497846153846154 | 0.28205128205128205
24, 111 | 0.7044923076923076 | 0.42990654205607476
24, 107 | 0.6611692307692307 | 0.5
24, 44 | 0.7044923076923076 | 0.18801996672212978
24, 41 | 0.6729846153846154 | 0.31297709923664124
24, 15 | 0.6532923076923077 | 0.46153846153846156
24, 68 | 0.6552615384615385 | 0.0
24, 78 | 0.6552615384615385 | 0.0
24, 55 | 0.6473846153846153 | 0.07913669064748201
24, 46 | 0.6375384615384615 | 0.12195121951219512
24, 4 | 0.6205538461538461 | 0.3495575221238938
53, 52 | 0.9998769230769231 | 0.0
53, 61 | 0.7527384615384616 | 0.3642495784148398
53, 66 | 0.7443692307692308 | 0.375
53, 29 | 0.7266461538461538 | 0.4
53, 114 | 0.7192615384615385 | 0.4245810055865922
53, 101 | 0.7325538461538461 | 0.17647058823529413
53, 95 | 0.7266461538461538 | 0.0
53, 107 | 0.6557538461538461 | 0.4230769230769231
53, 44 | 0.6461538461538462 | 0.46589018302828616
53, 14 | 0.6931692307692308 | 0.04477611940298507
53, 15 | 0.6459076923076923 | 0.38461538461538464
53, 42 | 0.6596923076923077 | 0.0
53, 45 | 0.6217846153846154 | 0.39344262295081966
53, 91 | 0.6409846153846154 | 0.0
53, 55 | 0.6355692307692308 | 0.0
53, 80 | 0.6301538461538462 | 0.0
53, 4 | 0.6227692307692307 | 0.0
53, 70 | 0.6222769230769231 | 0.0
53, 79 | 0.6203076923076923 | 0.0
53, 71 | 0.6203076923076923 | 0.0
53, 40 | 0.5937230769230769 | 0.47058823529411764
67, 110 | 0.8182153846153846 | 0.4594059405940594
67, 1 | 0.8206769230769231 | 0.4371807967313585
67, 56 | 0.8526769230769231 | 0.3474576271186441
67, 10 | 0.7655384615384615 | 0.45869297163995065
67, 6 | 0.7475692307692308 | 0.48921319796954316
67, 116 | 0.7852307692307692 | 0.39135959339263027
67, 61 | 0.766523076923077 | 0.2563237774030354
67, 11 | 0.7000615384615385 | 0.4724137931034483
67, 66 | 0.7620923076923077 | 0.25
67, 29 | 0.7443692307692308 | 0.26666666666666666
67, 77 | 0.7030153846153846 | 0.3333333333333333
67, 69 | 0.7798153846153846 | 0.0
67, 16 | 0.6764307692307693 | 0.4391304347826087
67, 48 | 0.6557538461538461 | 0.5
67, 111 | 0.7020307692307692 | 0.2757009345794392
67, 101 | 0.7089230769230769 | 0.20588235294117646
67, 17 | 0.6542769230769231 | 0.432
67, 95 | 0.7089230769230769 | 0.0
67, 117 | 0.6390153846153847 | 0.36363636363636365
67, 14 | 0.6301538461538462 | 0.3880597014925373
67, 119 | 0.609476923076923 | 0.41346153846153844
67, 42 | 0.6025846153846154 | 0.425531914893617
67, 45 | 0.6025846153846154 | 0.4098360655737705
67, 68 | 0.6203076923076923 | 0.0
67, 78 | 0.5966769230769231 | 0.3333333333333333
67, 31 | 0.5848615384615384 | 0.5
67, 32 | 0.5848615384615384 | 0.5
67, 80 | 0.6045538461538461 | 0.125
67, 46 | 0.5848615384615384 | 0.4146341463414634
67, 70 | 0.6045538461538461 | 0.0
67, 79 | 0.6025846153846154 | 0.0
67, 71 | 0.6025846153846154 | 0.0
76, 110 | 0.8182153846153846 | 0.4396039603960396
76, 1 | 0.8147692307692308 | 0.4290091930541369
76, 56 | 0.8487384615384616 | 0.3347457627118644
76, 10 | 0.7606153846153846 | 0.44636251541307026
76, 6 | 0.7406769230769231 | 0.4815989847715736
76, 116 | 0.7793230769230769 | 0.3811944091486658
76, 61 | 0.7606153846153846 | 0.24283305227655985
76, 11 | 0.6951384615384616 | 0.45517241379310347
76, 66 | 0.7522461538461539 | 0.25
76, 29 | 0.734523076923077 | 0.26666666666666666
76, 77 | 0.7699692307692307 | 0.0
76, 69 | 0.6931692307692308 | 0.3333333333333333
76, 16 | 0.6665846153846153 | 0.4391304347826087
76, 48 | 0.6459076923076923 | 0.5
76, 111 | 0.6921846153846154 | 0.2757009345794392
76, 101 | 0.699076923076923 | 0.20588235294117646
76, 17 | 0.6444307692307693 | 0.432
76, 95 | 0.699076923076923 | 0.0
76, 117 | 0.6291692307692308 | 0.36363636363636365
76, 14 | 0.6222769230769231 | 0.373134328358209
76, 119 | 0.6055384615384616 | 0.3557692307692308
76, 42 | 0.5927384615384615 | 0.425531914893617
76, 45 | 0.5927384615384615 | 0.4098360655737705
76, 68 | 0.5868307692307693 | 0.3333333333333333
76, 78 | 0.6104615384615385 | 0.0
76, 31 | 0.5750153846153846 | 0.5
76, 32 | 0.5750153846153846 | 0.5
76, 80 | 0.6025846153846154 | 0.0
76, 46 | 0.5750153846153846 | 0.4146341463414634
76, 70 | 0.5947076923076923 | 0.0
76, 79 | 0.5927384615384615 | 0.0
76, 71 | 0.5927384615384615 | 0.0
2, 110 | 0.8684307692307692 | 0.29504950495049503
2, 1 | 0.9998769230769231 | 0.0
2, 52 | 0.7517538461538461 | 0.459613196814562
2, 10 | 0.7320615384615384 | 0.4636251541307028
2, 94 | 0.7355076923076923 | 0.3631123919308357
2, 9 | 0.6916923076923077 | 0.4475743348982786
2, 38 | 0.7916307692307692 | 0.11464968152866242
2, 58 | 0.734523076923077 | 0.2903225806451613
2, 102 | 0.7409230769230769 | 0.24120603015075376
2, 61 | 0.7921230769230769 | 0.06070826306913996
2, 66 | 0.7837538461538461 | 0.0625
2, 29 | 0.7837538461538461 | 0.0
2, 77 | 0.6774153846153846 | 0.3076923076923077
2, 69 | 0.6774153846153846 | 0.3076923076923077
2, 48 | 0.7305846153846154 | 0.0
2, 101 | 0.7128615384615384 | 0.029411764705882353
2, 17 | 0.6257230769230769 | 0.416
2, 95 | 0.6774153846153846 | 0.0
2, 117 | 0.6419692307692307 | 0.11888111888111888
2, 14 | 0.6006153846153847 | 0.373134328358209
2, 119 | 0.5907692307692308 | 0.28846153846153844
2, 7 | 0.5917538461538462 | 0.2753623188405797
2, 42 | 0.5799384615384615 | 0.32978723404255317
2, 45 | 0.5828923076923077 | 0.2786885245901639
2, 31 | 0.5888 | 0.0
2, 32 | 0.5888 | 0.0
2, 80 | 0.5730461538461539 | 0.125
2, 70 | 0.571076923076923 | 0.03571428571428571
2, 79 | 0.571076923076923 | 0.0
2, 71 | 0.571076923076923 | 0.0
110, 93 | 0.7936 | 0.39314516129032256
110, 3 | 0.7384615384615385 | 0.4638949671772429
110, 28 | 0.7837538461538461 | 0.3401360544217687
110, 52 | 0.7812923076923077 | 0.3435722411831627
110, 23 | 0.7502769230769231 | 0.3909952606635071
110, 11 | 0.6670769230769231 | 0.4051724137931034
110, 114 | 0.7138461538461538 | 0.18063314711359404
110, 99 | 0.660676923076923 | 0.3252032520325203
110, 98 | 0.657723076923077 | 0.3034188034188034
110, 16 | 0.6350769230769231 | 0.391304347826087
110, 111 | 0.7079384615384615 | 0.0
110, 101 | 0.5976615384615385 | 0.5
110, 43 | 0.6087384615384616 | 0.39276139410187666
110, 37 | 0.6350769230769231 | 0.14634146341463414
110, 95 | 0.5769846153846154 | 0.5
110, 107 | 0.6508307692307692 | 0.0
110, 44 | 0.5892923076923077 | 0.3777038269550749
110, 54 | 0.6134153846153846 | 0.15714285714285714
110, 14 | 0.5814153846153847 | 0.3619402985074627
110, 41 | 0.5833846153846154 | 0.3320610687022901
110, 15 | 0.5976615384615385 | 0.2153846153846154
110, 42 | 0.5558153846153846 | 0.3670212765957447
110, 45 | 0.5540923076923077 | 0.36885245901639346
110, 64 | 0.5563076923076923 | 0.2
110, 91 | 0.5602461538461538 | 0.14666666666666667
110, 68 | 0.532676923076923 | 0.5
110, 78 | 0.532676923076923 | 0.5
110, 55 | 0.5656615384615384 | 0.0
110, 60 | 0.5533538461538462 | 0.17391304347826086
110, 46 | 0.5275076923076923 | 0.5
110, 4 | 0.5444923076923077 | 0.1504424778761062
110, 70 | 0.5257846153846154 | 0.48214285714285715
110, 79 | 0.5238153846153846 | 0.5
110, 71 | 0.5238153846153846 | 0.5
110, 40 | 0.5420307692307692 | 0.10784313725490197
93, 1 | 0.8699076923076923 | 0.2083758937691522
93, 10 | 0.7025230769230769 | 0.4636251541307028
93, 6 | 0.7017846153846153 | 0.4498730964467005
93, 94 | 0.8300307692307692 | 0.0
93, 9 | 0.6537846153846154 | 0.47417840375586856
93, 38 | 0.7177846153846154 | 0.25796178343949044
93, 58 | 0.734523076923077 | 0.1935483870967742
93, 102 | 0.7399384615384615 | 0.1440536013400335
93, 61 | 0.7625846153846154 | 0.06070826306913996
93, 66 | 0.7542153846153846 | 0.0625
93, 13 | 0.638523076923077 | 0.4658493870402802
93, 29 | 0.7187692307692307 | 0.13333333333333333
93, 114 | 0.6360615384615385 | 0.441340782122905
93, 77 | 0.6478769230769231 | 0.3076923076923077
93, 69 | 0.6478769230769231 | 0.3076923076923077
93, 48 | 0.7010461538461539 | 0.0
93, 101 | 0.6537846153846154 | 0.17647058823529413
93, 17 | 0.6020923076923077 | 0.384
93, 37 | 0.5897846153846154 | 0.3719512195121951
93, 95 | 0.6478769230769231 | 0.0
93, 117 | 0.6124307692307692 | 0.11888111888111888
93, 54 | 0.5828923076923077 | 0.3142857142857143
93, 14 | 0.571076923076923 | 0.373134328358209
93, 119 | 0.5661538461538461 | 0.2403846153846154
93, 7 | 0.5718153846153846 | 0.18115942028985507
93, 42 | 0.5415384615384615 | 0.425531914893617
93, 45 | 0.5666461538461538 | 0.13114754098360656
93, 64 | 0.5444923076923077 | 0.24
93, 31 | 0.5592615384615385 | 0.0
93, 32 | 0.5592615384615385 | 0.0
93, 60 | 0.5385846153846154 | 0.2608695652173913
93, 80 | 0.5494153846153846 | 0.03125
93, 70 | 0.5415384615384615 | 0.03571428571428571
93, 79 | 0.5415384615384615 | 0.0
93, 71 | 0.5415384615384615 | 0.0
1, 56 | 0.718276923076923 | 0.4915254237288136
1, 3 | 0.7217230769230769 | 0.4671772428884026
1, 28 | 0.9014153846153846 | 0.034013605442176874
1, 23 | 0.8206769230769231 | 0.1848341232227488
1, 6 | 0.6784 | 0.4936548223350254
1, 116 | 0.7133538461538461 | 0.4027954256670902
1, 11 | 0.6739692307692308 | 0.3275862068965517
1, 13 | 0.6375384615384615 | 0.44658493870402804
1, 114 | 0.6552615384615385 | 0.34450651769087526
1, 99 | 0.6966153846153846 | 0.11382113821138211
1, 98 | 0.6848 | 0.11965811965811966
1, 16 | 0.6089846153846153 | 0.4391304347826087
1, 111 | 0.6129230769230769 | 0.37850467289719625
1, 43 | 0.5868307692307693 | 0.4289544235924933
1, 37 | 0.6296615384615385 | 0.08536585365853659
1, 107 | 0.590276923076923 | 0.2948717948717949
1, 44 | 0.5996307692307692 | 0.20465890183028287
1, 54 | 0.5883076923076923 | 0.22857142857142856
1, 41 | 0.5971692307692308 | 0.10687022900763359
1, 15 | 0.5705846153846154 | 0.3076923076923077
1, 64 | 0.5380923076923076 | 0.24
1, 91 | 0.5469538461538461 | 0.12
1, 68 | 0.5528615384615385 | 0.0
1, 78 | 0.5528615384615385 | 0.0
1, 55 | 0.5449846153846154 | 0.07913669064748201
1, 60 | 0.5321846153846154 | 0.2608695652173913
1, 46 | 0.5366153846153846 | 0.0975609756097561
1, 4 | 0.5316923076923077 | 0.10619469026548672
1, 40 | 0.5243076923076923 | 0.1568627450980392
56, 52 | 0.6926769230769231 | 0.4732650739476678
56, 10 | 0.6670769230769231 | 0.4932182490752158
56, 94 | 0.8004923076923077 | 0.01729106628242075
56, 9 | 0.7187692307692307 | 0.19248826291079812
56, 38 | 0.7315692307692307 | 0.13694267515923567
56, 58 | 0.7699692307692307 | 0.0
56, 102 | 0.7458461538461538 | 0.04355108877721943
56, 13 | 0.6690461538461538 | 0.2732049036777583
56, 114 | 0.6537846153846154 | 0.2849162011173184
56, 48 | 0.6774153846153846 | 0.0
56, 17 | 0.5784615384615385 | 0.384
56, 37 | 0.5956923076923077 | 0.18902439024390244
56, 107 | 0.5888 | 0.19230769230769232
56, 117 | 0.5474461538461538 | 0.4125874125874126
56, 54 | 0.6025846153846154 | 0.0
56, 41 | 0.5307076923076923 | 0.48854961832061067
56, 15 | 0.5632 | 0.23076923076923078
56, 119 | 0.5602461538461538 | 0.0673076923076923
56, 7 | 0.5639384615384615 | 0.026570048309178744
56, 64 | 0.5179076923076923 | 0.28
56, 91 | 0.5238153846153846 | 0.2
56, 31 | 0.5356307692307692 | 0.0
56, 32 | 0.5356307692307692 | 0.0
56, 55 | 0.5331692307692307 | 0.0
56, 60 | 0.512 | 0.30434782608695654
56, 4 | 0.5152 | 0.09292035398230089
56, 40 | 0.5149538461538462 | 0.0
3, 28 | 0.6926769230769231 | 0.4410430839002268
3, 52 | 0.6808615384615384 | 0.4664391353811149
3, 23 | 0.6665846153846153 | 0.4786729857819905
3, 10 | 0.6742153846153847 | 0.43834771886559803
3, 6 | 0.8379076923076924 | 0.0
3, 116 | 0.6456615384615385 | 0.4949174078780178
3, 94 | 0.6626461538461539 | 0.37752161383285304
3, 9 | 0.6323692307692308 | 0.42018779342723006
3, 38 | 0.6331076923076923 | 0.40764331210191085
3, 58 | 0.6547692307692308 | 0.32903225806451614
3, 102 | 0.6464 | 0.3316582914572864
3, 61 | 0.6183384615384615 | 0.42327150084317033
3, 11 | 0.5927384615384615 | 0.5
3, 66 | 0.6124307692307692 | 0.4270833333333333
3, 13 | 0.6178461538461538 | 0.4028021015761821
3, 29 | 0.5947076923076923 | 0.45555555555555555
3, 114 | 0.590276923076923 | 0.4692737430167598
3, 77 | 0.5828923076923077 | 0.4230769230769231
3, 69 | 0.5828923076923077 | 0.4230769230769231
3, 16 | 0.5632 | 0.5
3, 48 | 0.5917538461538462 | 0.3333333333333333
3, 111 | 0.5568 | 0.4929906542056075
3, 101 | 0.5504 | 0.5
3, 17 | 0.5612307692307692 | 0.3973333333333333
3, 37 | 0.532676923076923 | 0.4878048780487805
3, 95 | 0.529723076923077 | 0.5
3, 44 | 0.5329230769230769 | 0.43926788685524126
3, 117 | 0.5324307692307693 | 0.4143356643356643
3, 54 | 0.5208615384615385 | 0.4857142857142857
3, 14 | 0.5169230769230769 | 0.4925373134328358
3, 15 | 0.5149538461538462 | 0.49230769230769234
3, 119 | 0.5208615384615385 | 0.3076923076923077
3, 7 | 0.551876923076923 | 0.0
3, 42 | 0.49723076923076925 | 0.48936170212765956
3, 45 | 0.49501538461538463 | 0.5
3, 64 | 0.48738461538461536 | 0.49333333333333335
3, 91 | 0.5016615384615385 | 0.3
3, 68 | 0.48541538461538464 | 0.5
3, 78 | 0.48541538461538464 | 0.5
3, 31 | 0.49723076923076925 | 0.3333333333333333
3, 32 | 0.49723076923076925 | 0.3333333333333333
3, 55 | 0.48541538461538464 | 0.48201438848920863
3, 60 | 0.4844307692307692 | 0.4927536231884058
3, 80 | 0.48344615384615386 | 0.46875
3, 4 | 0.5056 | 0.0
3, 70 | 0.4780307692307692 | 0.49107142857142855
3, 79 | 0.47655384615384616 | 0.5
3, 71 | 0.47655384615384616 | 0.5
3, 40 | 0.47556923076923074 | 0.49019607843137253
28, 52 | 0.7399384615384615 | 0.2935153583617747
28, 10 | 0.6956307692307693 | 0.34525277435265106
28, 6 | 0.6375384615384615 | 0.47588832487309646
28, 94 | 0.6468923076923077 | 0.37752161383285304
28, 9 | 0.6409846153846154 | 0.3427230046948357
28, 38 | 0.7138461538461538 | 0.09554140127388536
28, 58 | 0.6468923076923077 | 0.3032258064516129
28, 102 | 0.6513230769230769 | 0.2613065326633166
28, 61 | 0.7044923076923076 | 0.07419898819561552
28, 66 | 0.7000615384615385 | 0.0625
28, 29 | 0.7000615384615385 | 0.0
28, 77 | 0.5937230769230769 | 0.3076923076923077
28, 69 | 0.5937230769230769 | 0.3076923076923077
28, 48 | 0.6468923076923077 | 0.0
28, 101 | 0.6291692307692308 | 0.029411764705882353
28, 17 | 0.5420307692307692 | 0.416
28, 95 | 0.5937230769230769 | 0.0
28, 107 | 0.5228307692307692 | 0.4230769230769231
28, 117 | 0.5700923076923077 | 0.03496503496503497
28, 14 | 0.5632 | 0.022388059701492536
28, 15 | 0.5070769230769231 | 0.4307692307692308
28, 119 | 0.5051076923076923 | 0.3076923076923077
28, 7 | 0.5065846153846154 | 0.2898550724637681
28, 42 | 0.5090461538461538 | 0.19148936170212766
28, 45 | 0.4992 | 0.2786885245901639
28, 31 | 0.5051076923076923 | 0.0
28, 32 | 0.5051076923076923 | 0.0
28, 55 | 0.5016615384615385 | 0.014388489208633094
28, 80 | 0.48738461538461536 | 0.15625
28, 4 | 0.4657230769230769 | 0.4336283185840708
28, 70 | 0.48738461538461536 | 0.03571428571428571
28, 79 | 0.48738461538461536 | 0.0
28, 71 | 0.48738461538461536 | 0.0
52, 23 | 0.6926769230769231 | 0.3744075829383886
52, 10 | 0.6454153846153846 | 0.46732429099876693
52, 6 | 0.6808615384615384 | 0.3604060913705584
52, 116 | 0.7281230769230769 | 0.23761118170266837
52, 94 | 0.7399384615384615 | 0.10086455331412104
52, 9 | 0.6276923076923077 | 0.38028169014084506
52, 38 | 0.6572307692307693 | 0.27388535031847133
52, 58 | 0.6454153846153846 | 0.3032258064516129
52, 102 | 0.6454153846153846 | 0.27638190954773867
52, 11 | 0.5922461538461539 | 0.4413793103448276
52, 13 | 0.6414769230769231 | 0.2574430823117338
52, 99 | 0.5922461538461539 | 0.34146341463414637
52, 98 | 0.5863384615384616 | 0.3333333333333333
52, 77 | 0.6099692307692308 | 0.23076923076923078
52, 69 | 0.6099692307692308 | 0.23076923076923078
52, 16 | 0.5469538461538461 | 0.4956521739130435
52, 48 | 0.6454153846153846 | 0.0
52, 111 | 0.5390769230769231 | 0.4953271028037383
52, 17 | 0.6099692307692308 | 0.04
52, 43 | 0.5252923076923077 | 0.4959785522788204
52, 37 | 0.5390769230769231 | 0.34146341463414637
52, 117 | 0.5036307692307692 | 0.4965034965034965
52, 54 | 0.5272615384615384 | 0.3142857142857143
52, 41 | 0.513476923076923 | 0.37404580152671757
52, 119 | 0.5036307692307692 | 0.3076923076923077
52, 7 | 0.5036307692307692 | 0.30434782608695654
52, 64 | 0.49772307692307693 | 0.12
52, 68 | 0.5036307692307692 | 0.0
52, 78 | 0.5036307692307692 | 0.0
52, 31 | 0.5036307692307692 | 0.0
52, 32 | 0.5036307692307692 | 0.0
52, 60 | 0.49772307692307693 | 0.043478260869565216
52, 46 | 0.4859076923076923 | 0.12195121951219512
23, 10 | 0.6188307692307692 | 0.4907521578298397
23, 6 | 0.6313846153846154 | 0.44352791878172587
23, 94 | 0.7335384615384616 | 0.069164265129683
23, 9 | 0.6232615384615384 | 0.3395931142410016
23, 38 | 0.6803692307692307 | 0.14331210191082802
23, 58 | 0.6971076923076923 | 0.07741935483870968
23, 102 | 0.6808615384615384 | 0.09715242881072027
23, 61 | 0.7074461538461538 | 0.0
23, 11 | 0.5888 | 0.3931034482758621
23, 66 | 0.699076923076923 | 0.0
23, 13 | 0.5912615384615385 | 0.37478108581436076
23, 29 | 0.6459076923076923 | 0.13333333333333333
23, 114 | 0.5986461538461538 | 0.30726256983240224
23, 77 | 0.5750153846153846 | 0.3076923076923077
23, 69 | 0.5750153846153846 | 0.3076923076923077
23, 16 | 0.5582769230769231 | 0.3695652173913043
23, 48 | 0.6281846153846153 | 0.0
23, 101 | 0.5809230769230769 | 0.17647058823529413
23, 17 | 0.5233230769230769 | 0.416
23, 43 | 0.5144615384615384 | 0.46112600536193027
23, 37 | 0.5641846153846154 | 0.07926829268292683
23, 95 | 0.5750153846153846 | 0.0
23, 107 | 0.49230769230769234 | 0.5
23, 117 | 0.5405538461538462 | 0.11188811188811189
23, 54 | 0.5218461538461538 | 0.22857142857142856
23, 14 | 0.4982153846153846 | 0.373134328358209
23, 119 | 0.5169230769230769 | 0.009615384615384616
23, 7 | 0.5092923076923077 | 0.07971014492753623
23, 42 | 0.48935384615384614 | 0.20212765957446807
23, 45 | 0.4937846153846154 | 0.13114754098360656
23, 64 | 0.47163076923076924 | 0.24
23, 91 | 0.45292307692307693 | 0.49333333333333335
23, 31 | 0.4864 | 0.0
23, 32 | 0.4864 | 0.0
23, 60 | 0.4657230769230769 | 0.2608695652173913
23, 80 | 0.47852307692307694 | 0.0
23, 70 | 0.4706461538461538 | 0.0
23, 79 | 0.4686769230769231 | 0.0
23, 71 | 0.4686769230769231 | 0.0
23, 40 | 0.4420923076923077 | 0.47058823529411764
10, 6 | 0.6253538461538461 | 0.4171954314720812
10, 116 | 0.6055384615384616 | 0.4675984752223634
10, 94 | 0.6168615384615385 | 0.3631123919308357
10, 9 | 0.7138461538461538 | 0.0
10, 38 | 0.5740307692307692 | 0.43471337579617836
10, 58 | 0.5784615384615385 | 0.4129032258064516
10, 102 | 0.5612307692307692 | 0.4489112227805695
10, 61 | 0.551876923076923 | 0.4772344013490725
10, 11 | 0.6848 | 0.0
10, 66 | 0.5499076923076923 | 0.46875
10, 13 | 0.5636923076923077 | 0.415061295971979
10, 29 | 0.5499076923076923 | 0.43333333333333335
10, 114 | 0.5993846153846154 | 0.2430167597765363
10, 99 | 0.5528615384615385 | 0.36585365853658536
10, 98 | 0.5410461538461538 | 0.38461538461538464
10, 77 | 0.5144615384615384 | 0.5
10, 69 | 0.5144615384615384 | 0.5
10, 16 | 0.5499076923076923 | 0.3347826086956522
10, 48 | 0.5056 | 0.5
10, 101 | 0.5144615384615384 | 0.4264705882352941
10, 43 | 0.5164307692307692 | 0.36193029490616624
10, 37 | 0.5563076923076923 | 0.027439024390243903
10, 95 | 0.4790153846153846 | 0.5
10, 107 | 0.5174153846153846 | 0.23076923076923078
10, 44 | 0.4809846153846154 | 0.4475873544093178
10, 54 | 0.5213538461538462 | 0.11428571428571428
10, 41 | 0.48196923076923076 | 0.35877862595419846
10, 15 | 0.4996923076923077 | 0.2153846153846154
10, 119 | 0.4617846153846154 | 0.3894230769230769
10, 7 | 0.45821538461538464 | 0.4214975845410628
10, 42 | 0.45587692307692307 | 0.3882978723404255
10, 45 | 0.46129230769230767 | 0.3114754098360656
10, 64 | 0.4657230769230769 | 0.1
10, 91 | 0.4539076923076923 | 0.26
10, 68 | 0.4347076923076923 | 0.5
10, 78 | 0.4347076923076923 | 0.5
10, 31 | 0.4347076923076923 | 0.5
10, 32 | 0.4347076923076923 | 0.5
10, 60 | 0.4657230769230769 | 0.021739130434782608
10, 80 | 0.4307692307692308 | 0.5
10, 46 | 0.43175384615384615 | 0.4634146341463415
10, 4 | 0.4358153846153846 | 0.34292035398230086
10, 70 | 0.42683076923076924 | 0.5
10, 79 | 0.4258461538461538 | 0.5
10, 71 | 0.4258461538461538 | 0.5
10, 40 | 0.43766153846153844 | 0.23529411764705882
6, 116 | 0.6072615384615384 | 0.43392630241423125
6, 94 | 0.6003692307692308 | 0.37824207492795386
6, 9 | 0.6016 | 0.3208137715179969
6, 38 | 0.5942153846153846 | 0.3328025477707006
6, 58 | 0.6045538461538461 | 0.2903225806451613
6, 102 | 0.5956923076923077 | 0.2931323283082077
6, 61 | 0.5622153846153846 | 0.403035413153457
6, 11 | 0.5484307692307693 | 0.4379310344827586
6, 66 | 0.5563076923076923 | 0.40625
6, 13 | 0.5558153846153846 | 0.4028021015761821
6, 29 | 0.532676923076923 | 0.45555555555555555
6, 114 | 0.5536 | 0.37337057728119183
6, 99 | 0.5331692307692307 | 0.40040650406504064
6, 98 | 0.5257846153846154 | 0.4017094017094017
6, 77 | 0.5208615384615385 | 0.4230769230769231
6, 69 | 0.5208615384615385 | 0.4230769230769231
6, 16 | 0.5149538461538462 | 0.4391304347826087
6, 48 | 0.529723076923077 | 0.3333333333333333
6, 111 | 0.4947692307692308 | 0.4929906542056075
6, 101 | 0.4883692307692308 | 0.5
6, 17 | 0.4992 | 0.3973333333333333
6, 43 | 0.4891076923076923 | 0.44906166219839144
6, 37 | 0.4937846153846154 | 0.3445121951219512
6, 95 | 0.4676923076923077 | 0.5
6, 107 | 0.4952615384615385 | 0.30128205128205127
6, 44 | 0.48086153846153845 | 0.3718801996672213
6, 117 | 0.4704 | 0.4143356643356643
6, 54 | 0.4588307692307692 | 0.4857142857142857
6, 14 | 0.4704 | 0.375
6, 41 | 0.4657230769230769 | 0.3969465648854962
6, 15 | 0.48073846153846156 | 0.275
6, 119 | 0.45833846153846153 | 0.3125
6, 7 | 0.4898461538461538 | 0.0
6, 42 | 0.45144615384615383 | 0.31382978723404253
6, 45 | 0.4329846153846154 | 0.5
6, 64 | 0.42535384615384614 | 0.49333333333333335
6, 91 | 0.4470153846153846 | 0.2
6, 68 | 0.42338461538461536 | 0.5
6, 78 | 0.42338461538461536 | 0.5
6, 31 | 0.4352 | 0.3333333333333333
6, 32 | 0.4352 | 0.3333333333333333
6, 55 | 0.45464615384615387 | 0.025179856115107913
6, 60 | 0.4224 | 0.4927536231884058
6, 80 | 0.42141538461538464 | 0.46875
6, 46 | 0.4211692307692308 | 0.45121951219512196
6, 4 | 0.44356923076923077 | 0.0
6, 70 | 0.416 | 0.49107142857142855
6, 79 | 0.41452307692307694 | 0.5
6, 71 | 0.41452307692307694 | 0.5
6, 40 | 0.42141538461538464 | 0.3333333333333333
116, 94 | 0.6542769230769231 | 0.21902017291066284
116, 9 | 0.6483692307692308 | 0.1705790297339593
116, 38 | 0.5804307692307692 | 0.37579617834394907
116, 58 | 0.6119384615384615 | 0.2645161290322581
116, 102 | 0.6011076923076923 | 0.2730318257956449
116, 61 | 0.5824 | 0.33220910623946037
116, 66 | 0.5824 | 0.3125
116, 13 | 0.5577846153846154 | 0.39404553415061294
116, 29 | 0.5764923076923076 | 0.28888888888888886
116, 114 | 0.6518153846153846 | 0.0
116, 16 | 0.5085538461538461 | 0.4652173913043478
116, 48 | 0.5292307692307693 | 0.3333333333333333
116, 101 | 0.5292307692307693 | 0.29411764705882354
116, 43 | 0.48886153846153846 | 0.4477211796246649
116, 37 | 0.5252923076923077 | 0.14634146341463414
116, 95 | 0.4937846153846154 | 0.3333333333333333
116, 107 | 0.5292307692307693 | 0.07692307692307693
116, 44 | 0.46966153846153846 | 0.4442595673876872
116, 117 | 0.5282461538461538 | 0.0
116, 54 | 0.5252923076923077 | 0.0
116, 14 | 0.4849230769230769 | 0.26119402985074625
116, 41 | 0.4534153846153846 | 0.48854961832061067
116, 15 | 0.4996923076923077 | 0.12307692307692308
116, 119 | 0.4898461538461538 | 0.0
116, 7 | 0.4630153846153846 | 0.2584541062801932
116, 42 | 0.45636923076923075 | 0.2553191489361702
116, 45 | 0.45833846153846153 | 0.21311475409836064
116, 64 | 0.4553846153846154 | 0.08
116, 91 | 0.4603076923076923 | 0.013333333333333334
116, 31 | 0.4347076923076923 | 0.3333333333333333
116, 32 | 0.4347076923076923 | 0.3333333333333333
116, 55 | 0.45144615384615383 | 0.06474820143884892
116, 60 | 0.4553846153846154 | 0.0
116, 80 | 0.4297846153846154 | 0.328125
116, 4 | 0.44184615384615383 | 0.022123893805309734
116, 70 | 0.4238769230769231 | 0.3392857142857143
116, 79 | 0.4228923076923077 | 0.3333333333333333
116, 71 | 0.4228923076923077 | 0.3333333333333333
116, 40 | 0.43766153846153844 | 0.0
94, 61 | 0.5233230769230769 | 0.3777403035413153
94, 11 | 0.5750153846153846 | 0.18275862068965518
94, 66 | 0.5188923076923077 | 0.375
94, 29 | 0.5366153846153846 | 0.26666666666666666
94, 114 | 0.5115076923076923 | 0.3575418994413408
94, 99 | 0.5366153846153846 | 0.1951219512195122
94, 98 | 0.5248 | 0.20512820512820512
94, 77 | 0.4657230769230769 | 0.46153846153846156
94, 69 | 0.4657230769230769 | 0.46153846153846156
94, 16 | 0.5366153846153846 | 0.1391304347826087
94, 111 | 0.5523692307692307 | 0.0
94, 101 | 0.5425230769230769 | 0.0
94, 43 | 0.5016615384615385 | 0.128686327077748
94, 95 | 0.5011692307692308 | 0.0
94, 107 | 0.448 | 0.3076923076923077
94, 44 | 0.46744615384615384 | 0.1497504159733777
94, 14 | 0.4706461538461538 | 0.022388059701492536
94, 41 | 0.4470153846153846 | 0.183206106870229
94, 15 | 0.43815384615384617 | 0.24615384615384617
94, 42 | 0.4342153846153846 | 0.0
94, 45 | 0.4081230769230769 | 0.26229508196721313
94, 91 | 0.39187692307692307 | 0.32
94, 68 | 0.41255384615384616 | 0.0
94, 78 | 0.41255384615384616 | 0.0
94, 55 | 0.4091076923076923 | 0.014388489208633094
94, 80 | 0.3968 | 0.125
94, 46 | 0.40221538461538464 | 0.0
94, 4 | 0.39606153846153846 | 0.022123893805309734
94, 70 | 0.3968 | 0.0
94, 79 | 0.3948307692307692 | 0.0
94, 71 | 0.3948307692307692 | 0.0
94, 40 | 0.36824615384615383 | 0.47058823529411764
9, 38 | 0.48393846153846154 | 0.45222929936305734
9, 102 | 0.46966153846153846 | 0.4723618090452261
9, 61 | 0.5444923076923077 | 0.21247892074198987
9, 11 | 0.6001230769230769 | 0.0
9, 66 | 0.5361230769230769 | 0.21875
9, 13 | 0.49083076923076924 | 0.37302977232924694
9, 29 | 0.5095384615384615 | 0.26666666666666666
9, 114 | 0.4704 | 0.4106145251396648
9, 99 | 0.4947692307692308 | 0.25609756097560976
9, 98 | 0.4918153846153846 | 0.23076923076923078
9, 77 | 0.4918153846153846 | 0.23076923076923078
9, 69 | 0.4918153846153846 | 0.23076923076923078
9, 16 | 0.5001846153846153 | 0.18043478260869567
9, 48 | 0.4209230769230769 | 0.5
9, 111 | 0.5233230769230769 | 0.009345794392523364
9, 101 | 0.48 | 0.17647058823529413
9, 17 | 0.4430769230769231 | 0.304
9, 43 | 0.4598153846153846 | 0.20911528150134048
9, 37 | 0.39926153846153845 | 0.47560975609756095
9, 95 | 0.4740923076923077 | 0.0
9, 44 | 0.42067692307692306 | 0.28286189683860236
9, 117 | 0.4174769230769231 | 0.2692307692307692
9, 54 | 0.3894153846153846 | 0.45714285714285713
9, 14 | 0.4278153846153846 | 0.1417910447761194
9, 41 | 0.40713846153846156 | 0.2824427480916031
9, 42 | 0.3889230769230769 | 0.19680851063829788
9, 45 | 0.38104615384615387 | 0.26229508196721313
9, 91 | 0.3515076923076923 | 0.5
9, 68 | 0.38547692307692305 | 0.0
9, 78 | 0.38547692307692305 | 0.0
9, 31 | 0.35003076923076926 | 0.5
9, 32 | 0.35003076923076926 | 0.5
9, 55 | 0.3515076923076923 | 0.460431654676259
9, 80 | 0.37661538461538463 | 0.015625
9, 46 | 0.3721846153846154 | 0.04878048780487805
9, 70 | 0.3687384615384615 | 0.017857142857142856
9, 79 | 0.36775384615384615 | 0.0
9, 71 | 0.36775384615384615 | 0.0
9, 40 | 0.3411692307692308 | 0.47058823529411764
38, 61 | 0.49083076923076924 | 0.3777403035413153
38, 11 | 0.5602461538461538 | 0.1206896551724138
38, 66 | 0.4864 | 0.375
38, 13 | 0.45735384615384617 | 0.47285464098073554
38, 29 | 0.5041230769230769 | 0.26666666666666666
38, 114 | 0.5577846153846154 | 0.0595903165735568
38, 99 | 0.512 | 0.16260162601626016
38, 98 | 0.5060923076923077 | 0.1452991452991453
38, 77 | 0.43323076923076925 | 0.46153846153846156
38, 69 | 0.43323076923076925 | 0.46153846153846156
38, 16 | 0.5218461538461538 | 0.06086956521739131
38, 111 | 0.5110153846153846 | 0.04205607476635514
38, 101 | 0.5041230769230769 | 0.029411764705882353
38, 43 | 0.4706461538461538 | 0.12064343163538874
38, 37 | 0.43913846153846153 | 0.1951219512195122
38, 95 | 0.4686769230769231 | 0.0
38, 107 | 0.4352 | 0.1794871794871795
38, 44 | 0.4324923076923077 | 0.16638935108153077
38, 54 | 0.4036923076923077 | 0.3142857142857143
38, 14 | 0.43224615384615384 | 0.06716417910447761
38, 41 | 0.4174769230769231 | 0.16030534351145037
38, 15 | 0.4046769230769231 | 0.25384615384615383
38, 42 | 0.3928615384615385 | 0.09574468085106383
38, 45 | 0.3977846153846154 | 0.01639344262295082
38, 64 | 0.37415384615384617 | 0.12
38, 91 | 0.3830153846153846 | 0.0
38, 68 | 0.38006153846153845 | 0.0
38, 78 | 0.38006153846153845 | 0.0
38, 55 | 0.37661538461538463 | 0.014388489208633094
38, 60 | 0.37415384615384617 | 0.043478260869565216
38, 80 | 0.36430769230769233 | 0.125
38, 46 | 0.36233846153846155 | 0.12195121951219512
38, 4 | 0.3633230769230769 | 0.02654867256637168
38, 70 | 0.36430769230769233 | 0.0
38, 79 | 0.36233846153846155 | 0.0
38, 71 | 0.36233846153846155 | 0.0
38, 40 | 0.34855384615384616 | 0.21568627450980393
58, 61 | 0.4691692307692308 | 0.43844856661045534
58, 11 | 0.571076923076923 | 0.06896551724137931
58, 66 | 0.46473846153846154 | 0.4375
58, 13 | 0.4484923076923077 | 0.4903677758318739
58, 29 | 0.5001846153846153 | 0.26666666666666666
58, 114 | 0.5341538461538462 | 0.1340782122905028
58, 99 | 0.5415384615384615 | 0.024390243902439025
58, 98 | 0.5356307692307692 | 0.0
58, 77 | 0.4292923076923077 | 0.46153846153846156
58, 69 | 0.4292923076923077 | 0.46153846153846156
58, 16 | 0.5139692307692307 | 0.0782608695652174
58, 111 | 0.5129846153846154 | 0.014018691588785047
58, 101 | 0.5001846153846153 | 0.029411764705882353
58, 43 | 0.47556923076923074 | 0.07238605898123325
58, 37 | 0.4312615384615385 | 0.21951219512195122
58, 95 | 0.46473846153846154 | 0.0
58, 107 | 0.4411076923076923 | 0.11538461538461539
58, 44 | 0.42412307692307694 | 0.19633943427620631
58, 54 | 0.4430769230769231 | 0.0
58, 14 | 0.4352 | 0.014925373134328358
58, 41 | 0.42633846153846156 | 0.061068702290076333
58, 15 | 0.4135384615384615 | 0.15384615384615385
58, 42 | 0.3859692307692308 | 0.1276595744680851
58, 45 | 0.39384615384615385 | 0.01639344262295082
58, 64 | 0.37316923076923075 | 0.08
58, 68 | 0.37612307692307695 | 0.0
58, 78 | 0.37612307692307695 | 0.0
58, 55 | 0.37366153846153843 | 0.0
58, 60 | 0.37316923076923075 | 0.0
58, 80 | 0.36627692307692306 | 0.03125
58, 46 | 0.36430769230769233 | 0.024390243902439025
58, 4 | 0.34215384615384614 | 0.336283185840708
58, 70 | 0.3603692307692308 | 0.0
58, 79 | 0.3584 | 0.0
58, 71 | 0.3584 | 0.0
58, 40 | 0.35544615384615386 | 0.0
102, 61 | 0.4534153846153846 | 0.4536256323777403
102, 11 | 0.5568 | 0.07931034482758621
102, 66 | 0.4534153846153846 | 0.4375
102, 13 | 0.4534153846153846 | 0.43257443082311736
102, 29 | 0.48886153846153846 | 0.26666666666666666
102, 114 | 0.5228307692307692 | 0.1340782122905028
102, 99 | 0.5361230769230769 | 0.0
102, 98 | 0.5243076923076923 | 0.0
102, 77 | 0.41796923076923076 | 0.46153846153846156
102, 69 | 0.41796923076923076 | 0.46153846153846156
102, 16 | 0.5016615384615385 | 0.08260869565217391
102, 111 | 0.5006769230769231 | 0.018691588785046728
102, 101 | 0.4947692307692308 | 0.0
102, 43 | 0.4657230769230769 | 0.064343163538874
102, 37 | 0.4120615384615385 | 0.2682926829268293
102, 95 | 0.4534153846153846 | 0.0
102, 107 | 0.4297846153846154 | 0.11538461538461539
102, 44 | 0.39876923076923076 | 0.2911813643926789
102, 54 | 0.43175384615384615 | 0.0
102, 14 | 0.4228923076923077 | 0.022388059701492536
102, 41 | 0.4228923076923077 | 0.0
102, 15 | 0.4032 | 0.14615384615384616
102, 42 | 0.37464615384615385 | 0.1276595744680851
102, 45 | 0.384 | 0.0
102, 64 | 0.3648 | 0.04
102, 68 | 0.3648 | 0.0
102, 78 | 0.3648 | 0.0
102, 55 | 0.3569230769230769 | 0.07913669064748201
102, 60 | 0.3588923076923077 | 0.043478260869565216
102, 80 | 0.34707692307692306 | 0.15625
102, 46 | 0.35446153846153844 | 0.0
102, 4 | 0.3357538461538462 | 0.24778761061946902
102, 70 | 0.34707692307692306 | 0.03571428571428571
102, 79 | 0.34707692307692306 | 0.0
102, 71 | 0.34707692307692306 | 0.0
102, 40 | 0.3441230769230769 | 0.0
61, 11 | 0.4868923076923077 | 0.31724137931034485
61, 13 | 0.5164307692307692 | 0.20140105078809106
61, 114 | 0.48541538461538464 | 0.2681564245810056
61, 99 | 0.5341538461538462 | 0.0
61, 98 | 0.5223384615384615 | 0.0
61, 77 | 0.416 | 0.46153846153846156
61, 69 | 0.416 | 0.46153846153846156
61, 16 | 0.4297846153846154 | 0.391304347826087
61, 48 | 0.3982769230769231 | 0.5
61, 111 | 0.4228923076923077 | 0.37850467289719625
61, 17 | 0.4219076923076923 | 0.296
61, 43 | 0.4164923076923077 | 0.32171581769436997
61, 37 | 0.4356923076923077 | 0.10975609756097561
61, 107 | 0.4366769230769231 | 0.057692307692307696
61, 44 | 0.4278153846153846 | 0.08153078202995008
61, 54 | 0.4297846153846154 | 0.0
61, 41 | 0.4209230769230769 | 0.0
61, 15 | 0.41107692307692306 | 0.06923076923076923
61, 119 | 0.3588923076923077 | 0.34615384615384615
61, 7 | 0.35003076923076926 | 0.42995169082125606
61, 64 | 0.3657846153846154 | 0.0
61, 91 | 0.3480615384615385 | 0.24
61, 68 | 0.36283076923076923 | 0.0
61, 78 | 0.36283076923076923 | 0.0
61, 31 | 0.3273846153846154 | 0.5
61, 32 | 0.3273846153846154 | 0.5
61, 55 | 0.35593846153846154 | 0.06474820143884892
61, 60 | 0.3598769230769231 | 0.0
61, 46 | 0.3524923076923077 | 0.0
61, 4 | 0.3406769230769231 | 0.12389380530973451
61, 40 | 0.34215384615384614 | 0.0
11, 66 | 0.4804923076923077 | 0.3125
11, 13 | 0.5070769230769231 | 0.2119089316987741
11, 29 | 0.47163076923076924 | 0.3
11, 114 | 0.45833846153846153 | 0.3463687150837989
11, 99 | 0.4361846153846154 | 0.3780487804878049
11, 98 | 0.4273230769230769 | 0.38461538461538464
11, 77 | 0.4539076923076923 | 0.2692307692307692
11, 69 | 0.4539076923076923 | 0.2692307692307692
11, 16 | 0.40221538461538464 | 0.48478260869565215
11, 48 | 0.4982153846153846 | 0.0
11, 111 | 0.39729230769230767 | 0.4696261682242991
11, 101 | 0.4066461538461538 | 0.39705882352941174
11, 17 | 0.4347076923076923 | 0.192
11, 43 | 0.3904 | 0.4289544235924933
11, 37 | 0.3672615384615385 | 0.49390243902439024
11, 95 | 0.3652923076923077 | 0.5
11, 107 | 0.40073846153846154 | 0.25
11, 44 | 0.3940923076923077 | 0.26622296173044924
11, 117 | 0.3997538461538461 | 0.1888111888111888
11, 54 | 0.36430769230769233 | 0.42857142857142855
11, 14 | 0.37366153846153843 | 0.332089552238806
11, 41 | 0.36824615384615383 | 0.35877862595419846
11, 15 | 0.38203076923076923 | 0.24615384615384617
11, 119 | 0.38498461538461537 | 0.028846153846153848
11, 7 | 0.38006153846153845 | 0.07246376811594203
11, 42 | 0.3396923076923077 | 0.4148936170212766
11, 45 | 0.3372307692307692 | 0.4262295081967213
11, 64 | 0.3342769230769231 | 0.34
11, 91 | 0.34166153846153846 | 0.24
11, 68 | 0.32098461538461537 | 0.5
11, 78 | 0.32098461538461537 | 0.5
11, 31 | 0.3564307692307692 | 0.0
11, 32 | 0.3564307692307692 | 0.0
11, 55 | 0.35396923076923076 | 0.0
11, 60 | 0.32836923076923075 | 0.3695652173913043
11, 80 | 0.31803076923076923 | 0.484375
11, 46 | 0.31655384615384613 | 0.4878048780487805
11, 4 | 0.33476923076923076 | 0.11504424778761062
11, 70 | 0.31409230769230767 | 0.48214285714285715
11, 79 | 0.31212307692307695 | 0.5
11, 71 | 0.31212307692307695 | 0.5
11, 40 | 0.32098461538461537 | 0.29411764705882354
66, 13 | 0.5115076923076923 | 0.18914185639229422
66, 114 | 0.47704615384615384 | 0.2681564245810056
66, 99 | 0.5257846153846154 | 0.0
66, 98 | 0.5139692307692307 | 0.0
66, 77 | 0.40763076923076924 | 0.46153846153846156
66, 69 | 0.40763076923076924 | 0.46153846153846156
66, 16 | 0.42141538461538464 | 0.391304347826087
66, 48 | 0.3899076923076923 | 0.5
66, 111 | 0.41452307692307694 | 0.37850467289719625
66, 17 | 0.4150153846153846 | 0.288
66, 43 | 0.4081230769230769 | 0.32171581769436997
66, 37 | 0.4273230769230769 | 0.10975609756097561
66, 107 | 0.42830769230769233 | 0.057692307692307696
66, 44 | 0.4256 | 0.03993344425956739
66, 54 | 0.42141538461538464 | 0.0
66, 41 | 0.41255384615384616 | 0.0
66, 15 | 0.4027076923076923 | 0.06923076923076923
66, 119 | 0.35052307692307694 | 0.34615384615384615
66, 7 | 0.3441230769230769 | 0.4057971014492754
66, 64 | 0.35741538461538463 | 0.0
66, 91 | 0.3396923076923077 | 0.24
66, 68 | 0.35446153846153844 | 0.0
66, 78 | 0.35446153846153844 | 0.0
66, 31 | 0.3190153846153846 | 0.5
66, 32 | 0.3190153846153846 | 0.5
66, 55 | 0.352 | 0.0
66, 60 | 0.3515076923076923 | 0.0
66, 46 | 0.3441230769230769 | 0.0
66, 4 | 0.33329230769230767 | 0.10619469026548672
66, 40 | 0.3337846153846154 | 0.0
13, 29 | 0.5115076923076923 | 0.13333333333333333
13, 114 | 0.5001846153846153 | 0.1713221601489758
13, 99 | 0.44947692307692305 | 0.3048780487804878
13, 98 | 0.44356923076923077 | 0.2948717948717949
13, 77 | 0.4347076923076923 | 0.3333333333333333
13, 69 | 0.4347076923076923 | 0.3333333333333333
13, 16 | 0.5075692307692308 | 0.0
13, 48 | 0.38744615384615383 | 0.5
13, 111 | 0.44504615384615387 | 0.2219626168224299
13, 101 | 0.48196923076923076 | 0.0
13, 17 | 0.4657230769230769 | 0.0
13, 43 | 0.4297846153846154 | 0.1903485254691689
13, 37 | 0.4081230769230769 | 0.21341463414634146
13, 95 | 0.44061538461538463 | 0.0
13, 107 | 0.4051692307692308 | 0.19230769230769232
13, 44 | 0.39187692307692307 | 0.2512479201331115
13, 117 | 0.3785846153846154 | 0.3076923076923077
13, 54 | 0.3657846153846154 | 0.38571428571428573
13, 14 | 0.41304615384615384 | 0.0
13, 41 | 0.3672615384615385 | 0.3320610687022901
13, 15 | 0.4091076923076923 | 0.0
13, 7 | 0.3372307692307692 | 0.4492753623188406
13, 42 | 0.3721846153846154 | 0.015957446808510637
13, 45 | 0.3633230769230769 | 0.08743169398907104
13, 64 | 0.3377230769230769 | 0.23333333333333334
13, 91 | 0.3460923076923077 | 0.12
13, 68 | 0.32836923076923075 | 0.3333333333333333
13, 78 | 0.32836923076923075 | 0.3333333333333333
13, 31 | 0.31655384615384613 | 0.5
13, 32 | 0.31655384615384613 | 0.5
13, 55 | 0.3480615384615385 | 0.02158273381294964
13, 60 | 0.3318153846153846 | 0.2536231884057971
13, 80 | 0.33821538461538464 | 0.09375
13, 46 | 0.32393846153846156 | 0.2926829268292683
13, 4 | 0.32984615384615384 | 0.12389380530973451
13, 70 | 0.3342769230769231 | 0.03571428571428571
13, 79 | 0.3342769230769231 | 0.0
13, 71 | 0.3342769230769231 | 0.0
13, 40 | 0.31803076923076923 | 0.2647058823529412
29, 114 | 0.45932307692307695 | 0.2681564245810056
29, 99 | 0.5080615384615385 | 0.0
29, 98 | 0.49624615384615384 | 0.0
29, 77 | 0.40763076923076924 | 0.38461538461538464
29, 69 | 0.40763076923076924 | 0.38461538461538464
29, 16 | 0.40073846153846154 | 0.4043478260869565
29, 48 | 0.40763076923076924 | 0.3333333333333333
29, 111 | 0.3968 | 0.37850467289719625
29, 17 | 0.4150153846153846 | 0.192
29, 43 | 0.3844923076923077 | 0.353887399463807
29, 37 | 0.4273230769230769 | 0.0
29, 107 | 0.4017230769230769 | 0.11538461538461539
29, 44 | 0.40196923076923075 | 0.07986688851913477
29, 54 | 0.4036923076923077 | 0.0
29, 41 | 0.3948307692307692 | 0.0
29, 15 | 0.38203076923076923 | 0.09230769230769231
29, 119 | 0.3446153846153846 | 0.23076923076923078
29, 7 | 0.3441230769230769 | 0.2318840579710145
29, 64 | 0.3219692307692308 | 0.24
29, 91 | 0.3396923076923077 | 0.0
29, 68 | 0.33673846153846154 | 0.0
29, 78 | 0.33673846153846154 | 0.0
29, 31 | 0.33673846153846154 | 0.0
29, 32 | 0.33673846153846154 | 0.0
29, 55 | 0.3342769230769231 | 0.0
29, 60 | 0.31606153846153845 | 0.2608695652173913
29, 46 | 0.3264 | 0.0
29, 4 | 0.3214769230769231 | 0.0
29, 40 | 0.31606153846153845 | 0.0
114, 99 | 0.4297846153846154 | 0.3170731707317073
114, 98 | 0.41796923076923076 | 0.3333333333333333
114, 77 | 0.47704615384615384 | 0.07692307692307693
114, 69 | 0.47704615384615384 | 0.07692307692307693
114, 16 | 0.4091076923076923 | 0.36086956521739133
114, 48 | 0.47704615384615384 | 0.0
114, 111 | 0.4425846153846154 | 0.1542056074766355
114, 101 | 0.3943384615384615 | 0.35294117647058826
114, 17 | 0.44898461538461537 | 0.0
114, 43 | 0.38104615384615387 | 0.3646112600536193
114, 95 | 0.3707076923076923 | 0.3333333333333333
114, 44 | 0.37735384615384615 | 0.23627287853577372
114, 117 | 0.4051692307692308 | 0.0
114, 14 | 0.3480615384615385 | 0.3656716417910448
114, 41 | 0.35396923076923076 | 0.3053435114503817
114, 119 | 0.3667692307692308 | 0.0
114, 7 | 0.35446153846153844 | 0.11594202898550725
114, 42 | 0.31803076923076923 | 0.42021276595744683
114, 68 | 0.33526153846153844 | 0.0
114, 78 | 0.33526153846153844 | 0.0
114, 31 | 0.33526153846153844 | 0.0
114, 32 | 0.33526153846153844 | 0.0
114, 55 | 0.3012923076923077 | 0.460431654676259
114, 80 | 0.3096615384615385 | 0.28125
114, 46 | 0.3249230769230769 | 0.0
114, 70 | 0.3017846153846154 | 0.32142857142857145
114, 79 | 0.2998153846153846 | 0.3333333333333333
114, 71 | 0.2998153846153846 | 0.3333333333333333
99, 98 | 0.4726153846153846 | 0.0
99, 77 | 0.43716923076923075 | 0.15384615384615385
99, 69 | 0.43716923076923075 | 0.15384615384615385
99, 16 | 0.4105846153846154 | 0.2565217391304348
99, 48 | 0.4548923076923077 | 0.0
99, 111 | 0.3908923076923077 | 0.29439252336448596
99, 101 | 0.4430769230769231 | 0.0
99, 17 | 0.3913846153846154 | 0.192
99, 43 | 0.37316923076923075 | 0.2868632707774799
99, 37 | 0.3446153846153846 | 0.36585365853658536
99, 95 | 0.4017230769230769 | 0.0
99, 107 | 0.33673846153846154 | 0.38461538461538464
99, 44 | 0.34584615384615386 | 0.2995008319467554
99, 117 | 0.3771076923076923 | 0.04195804195804196
99, 54 | 0.31113846153846153 | 0.5
99, 14 | 0.3495384615384615 | 0.1865671641791045
99, 41 | 0.30867692307692307 | 0.4847328244274809
99, 15 | 0.32393846153846156 | 0.36153846153846153
99, 119 | 0.3387076923076923 | 0.057692307692307696
99, 7 | 0.3426461538461538 | 0.014492753623188406
99, 42 | 0.32246153846153847 | 0.13297872340425532
99, 45 | 0.3204923076923077 | 0.13114754098360656
99, 64 | 0.2924307692307692 | 0.32
99, 91 | 0.31606153846153845 | 0.0
99, 68 | 0.27766153846153846 | 0.5
99, 78 | 0.27766153846153846 | 0.5
99, 31 | 0.3131076923076923 | 0.0
99, 32 | 0.3131076923076923 | 0.0
99, 55 | 0.27913846153846156 | 0.460431654676259
99, 60 | 0.28652307692307694 | 0.34782608695652173
99, 80 | 0.30523076923076925 | 0.0
99, 46 | 0.2732307692307692 | 0.4878048780487805
99, 4 | 0.2806153846153846 | 0.30973451327433627
99, 70 | 0.29735384615384614 | 0.0
99, 79 | 0.2953846153846154 | 0.0
99, 71 | 0.2953846153846154 | 0.0
99, 40 | 0.26732307692307694 | 0.5
98, 77 | 0.42535384615384614 | 0.15384615384615385
98, 69 | 0.42535384615384614 | 0.15384615384615385
98, 16 | 0.39876923076923076 | 0.2565217391304348
98, 48 | 0.4430769230769231 | 0.0
98, 111 | 0.3790769230769231 | 0.29439252336448596
98, 101 | 0.4312615384615385 | 0.0
98, 17 | 0.37956923076923077 | 0.192
98, 43 | 0.3633230769230769 | 0.2761394101876676
98, 37 | 0.3387076923076923 | 0.32926829268292684
98, 95 | 0.3899076923076923 | 0.0
98, 107 | 0.3249230769230769 | 0.38461538461538464
98, 44 | 0.336 | 0.28618968386023297
98, 117 | 0.3652923076923077 | 0.04195804195804196
98, 54 | 0.2993230769230769 | 0.5
98, 14 | 0.3406769230769231 | 0.16417910447761194
98, 41 | 0.3008 | 0.4541984732824427
98, 15 | 0.3150769230769231 | 0.3384615384615385
98, 119 | 0.3328 | 0.0
98, 7 | 0.3323076923076923 | 0.0
98, 42 | 0.31064615384615385 | 0.13297872340425532
98, 45 | 0.30867692307692307 | 0.13114754098360656
98, 64 | 0.2806153846153846 | 0.32
98, 91 | 0.30424615384615383 | 0.0
98, 68 | 0.26584615384615384 | 0.5
98, 78 | 0.26584615384615384 | 0.5
98, 31 | 0.3012923076923077 | 0.0
98, 32 | 0.3012923076923077 | 0.0
98, 55 | 0.26732307692307694 | 0.460431654676259
98, 60 | 0.2747076923076923 | 0.34782608695652173
98, 80 | 0.29341538461538463 | 0.0
98, 46 | 0.2614153846153846 | 0.4878048780487805
98, 4 | 0.2702769230769231 | 0.2831858407079646
98, 70 | 0.2855384615384615 | 0.0
98, 79 | 0.2835692307692308 | 0.0
98, 71 | 0.2835692307692308 | 0.0
98, 40 | 0.2555076923076923 | 0.5
77, 69 | 0.36627692307692306 | 0.41025641025641024
77, 16 | 0.4066461538461538 | 0.2217391304347826
77, 48 | 0.33673846153846154 | 0.5
77, 111 | 0.3790769230769231 | 0.29439252336448596
77, 101 | 0.37809230769230767 | 0.2647058823529412
77, 17 | 0.33821538461538464 | 0.416
77, 43 | 0.3785846153846154 | 0.19302949061662197
77, 37 | 0.39187692307692307 | 0.0
77, 95 | 0.33673846153846154 | 0.3333333333333333
77, 107 | 0.384 | 0.0
77, 44 | 0.3606153846153846 | 0.11980033277870217
77, 117 | 0.31803076923076923 | 0.3776223776223776
77, 54 | 0.36824615384615383 | 0.0
77, 14 | 0.3357538461538462 | 0.20149253731343283
77, 41 | 0.34166153846153846 | 0.13740458015267176
77, 15 | 0.3584 | 0.0
77, 119 | 0.29735384615384614 | 0.34615384615384615
77, 7 | 0.29686153846153845 | 0.34782608695652173
77, 42 | 0.30523076923076925 | 0.19148936170212766
77, 45 | 0.3027692307692308 | 0.19672131147540983
77, 64 | 0.30424615384615383 | 0.0
77, 91 | 0.30424615384615383 | 0.0
77, 68 | 0.27766153846153846 | 0.3333333333333333
77, 78 | 0.3012923076923077 | 0.0
77, 31 | 0.26584615384615384 | 0.5
77, 32 | 0.26584615384615384 | 0.5
77, 55 | 0.29883076923076923 | 0.0
77, 60 | 0.29833846153846155 | 0.0
77, 80 | 0.29341538461538463 | 0.0
77, 46 | 0.2732307692307692 | 0.2926829268292683
77, 4 | 0.28603076923076926 | 0.0
77, 70 | 0.2678153846153846 | 0.32142857142857145
77, 79 | 0.2835692307692308 | 0.0
77, 71 | 0.26584615384615384 | 0.3333333333333333
77, 40 | 0.2806153846153846 | 0.0
69, 16 | 0.4066461538461538 | 0.2217391304347826
69, 48 | 0.33673846153846154 | 0.5
69, 111 | 0.3790769230769231 | 0.29439252336448596
69, 101 | 0.37809230769230767 | 0.2647058823529412
69, 17 | 0.33821538461538464 | 0.416
69, 43 | 0.3785846153846154 | 0.19302949061662197
69, 37 | 0.39187692307692307 | 0.0
69, 95 | 0.33673846153846154 | 0.3333333333333333
69, 107 | 0.384 | 0.0
69, 44 | 0.3606153846153846 | 0.11980033277870217
69, 117 | 0.31803076923076923 | 0.3776223776223776
69, 54 | 0.36824615384615383 | 0.0
69, 14 | 0.3357538461538462 | 0.20149253731343283
69, 41 | 0.34166153846153846 | 0.13740458015267176
69, 15 | 0.3584 | 0.0
69, 119 | 0.29735384615384614 | 0.34615384615384615
69, 7 | 0.29686153846153845 | 0.34782608695652173
69, 42 | 0.30523076923076925 | 0.19148936170212766
69, 45 | 0.3027692307692308 | 0.19672131147540983
69, 64 | 0.30424615384615383 | 0.0
69, 91 | 0.30424615384615383 | 0.0
69, 68 | 0.3012923076923077 | 0.0
69, 78 | 0.27766153846153846 | 0.3333333333333333
69, 31 | 0.26584615384615384 | 0.5
69, 32 | 0.26584615384615384 | 0.5
69, 55 | 0.29883076923076923 | 0.0
69, 60 | 0.29833846153846155 | 0.0
69, 80 | 0.2756923076923077 | 0.28125
69, 46 | 0.2732307692307692 | 0.2926829268292683
69, 4 | 0.28603076923076926 | 0.0
69, 70 | 0.2855384615384615 | 0.0
69, 79 | 0.26584615384615384 | 0.3333333333333333
69, 71 | 0.2835692307692308 | 0.0
69, 40 | 0.2806153846153846 | 0.0
16, 48 | 0.43913846153846153 | 0.0
16, 111 | 0.3584 | 0.37383177570093457
16, 101 | 0.3357538461538462 | 0.45588235294117646
16, 17 | 0.41107692307692306 | 0.0
16, 43 | 0.3446153846153846 | 0.35656836461126007
16, 37 | 0.33476923076923076 | 0.32926829268292684
16, 95 | 0.3062153846153846 | 0.5
16, 107 | 0.3456 | 0.22435897435897437
16, 44 | 0.34584615384615386 | 0.1930116472545757
16, 117 | 0.3396923076923077 | 0.1958041958041958
16, 54 | 0.3268923076923077 | 0.2714285714285714
16, 14 | 0.3584 | 0.0
16, 41 | 0.3264 | 0.22519083969465647
16, 15 | 0.35446153846153844 | 0.0
16, 119 | 0.3288615384615385 | 0.0
16, 7 | 0.32246153846153847 | 0.057971014492753624
16, 42 | 0.28307692307692306 | 0.3882978723404255
16, 45 | 0.27815384615384614 | 0.4262295081967213
16, 64 | 0.2786461538461538 | 0.29333333333333333
16, 91 | 0.2816 | 0.25333333333333335
16, 68 | 0.2737230769230769 | 0.3333333333333333
16, 78 | 0.2737230769230769 | 0.3333333333333333
16, 31 | 0.29735384615384614 | 0.0
16, 32 | 0.29735384615384614 | 0.0
16, 55 | 0.2948923076923077 | 0.0
16, 60 | 0.27273846153846154 | 0.3188405797101449
16, 80 | 0.2628923076923077 | 0.421875
16, 46 | 0.26732307692307694 | 0.3252032520325203
16, 4 | 0.27618461538461536 | 0.10619469026548672
16, 70 | 0.2550153846153846 | 0.48214285714285715
16, 79 | 0.25304615384615387 | 0.5
16, 71 | 0.25304615384615387 | 0.5
16, 40 | 0.26732307692307694 | 0.18627450980392157
48, 111 | 0.42338461538461536 | 0.0
48, 101 | 0.4135384615384615 | 0.0
48, 43 | 0.3963076923076923 | 0.0
48, 37 | 0.37415384615384617 | 0.0
48, 95 | 0.3721846153846154 | 0.0
48, 107 | 0.36627692307692306 | 0.0
48, 44 | 0.3606153846153846 | 0.0
48, 54 | 0.35052307692307694 | 0.0
48, 14 | 0.3446153846153846 | 0.0
48, 41 | 0.34166153846153846 | 0.0
48, 15 | 0.3406769230769231 | 0.0
48, 42 | 0.30523076923076925 | 0.0
48, 45 | 0.3027692307692308 | 0.0
48, 64 | 0.28652307692307694 | 0.0
48, 91 | 0.28652307692307694 | 0.0
48, 68 | 0.2835692307692308 | 0.0
48, 78 | 0.2835692307692308 | 0.0
48, 55 | 0.2811076923076923 | 0.0
48, 60 | 0.2806153846153846 | 0.0
48, 80 | 0.2756923076923077 | 0.0
48, 46 | 0.2732307692307692 | 0.0
48, 4 | 0.2683076923076923 | 0.0
48, 70 | 0.2678153846153846 | 0.0
48, 79 | 0.26584615384615384 | 0.0
48, 71 | 0.26584615384615384 | 0.0
48, 40 | 0.2628923076923077 | 0.0
111, 101 | 0.3288615384615385 | 0.4117647058823529
111, 17 | 0.3598769230769231 | 0.192
111, 43 | 0.3350153846153846 | 0.3230563002680965
111, 37 | 0.3721846153846154 | 0.0
111, 95 | 0.29046153846153844 | 0.5
111, 107 | 0.36430769230769233 | 0.0
111, 44 | 0.3234461538461538 | 0.23793677204658903
111, 117 | 0.31606153846153845 | 0.2517482517482518
111, 54 | 0.3426461538461538 | 0.04285714285714286
111, 14 | 0.29686153846153845 | 0.34701492537313433
111, 41 | 0.3076923076923077 | 0.2480916030534351
111, 15 | 0.3377230769230769 | 0.007692307692307693
111, 119 | 0.3131076923076923 | 0.0
111, 7 | 0.31212307692307695 | 0.004830917874396135
111, 42 | 0.2752 | 0.30319148936170215
111, 45 | 0.27347692307692306 | 0.30327868852459017
111, 64 | 0.2816 | 0.04
111, 91 | 0.2806153846153846 | 0.05333333333333334
111, 68 | 0.24615384615384617 | 0.5
111, 78 | 0.24615384615384617 | 0.5
111, 31 | 0.2816 | 0.0
111, 32 | 0.2816 | 0.0
111, 55 | 0.27913846153846156 | 0.0
111, 60 | 0.2786461538461538 | 0.0
111, 80 | 0.24516923076923078 | 0.453125
111, 46 | 0.24393846153846155 | 0.45121951219512196
111, 4 | 0.26584615384615384 | 0.008849557522123894
111, 79 | 0.2372923076923077 | 0.5
111, 71 | 0.2372923076923077 | 0.5
111, 40 | 0.2594461538461538 | 0.029411764705882353
101, 17 | 0.38547692307692305 | 0.0
101, 43 | 0.31803076923076923 | 0.36193029490616624
101, 37 | 0.36233846153846155 | 0.0
101, 107 | 0.33673846153846154 | 0.11538461538461539
101, 44 | 0.3355076923076923 | 0.08985024958402663
101, 117 | 0.2884923076923077 | 0.3776223776223776
101, 54 | 0.3387076923076923 | 0.0
101, 41 | 0.32984615384615384 | 0.0
101, 15 | 0.3150769230769231 | 0.1076923076923077
101, 119 | 0.30326153846153847 | 0.0
101, 7 | 0.3027692307692308 | 0.0
101, 64 | 0.2510769230769231 | 0.32
101, 91 | 0.2747076923076923 | 0.0
101, 68 | 0.2717538461538462 | 0.0
101, 78 | 0.2717538461538462 | 0.0
101, 31 | 0.2717538461538462 | 0.0
101, 32 | 0.2717538461538462 | 0.0
101, 55 | 0.2692923076923077 | 0.0
101, 60 | 0.2510769230769231 | 0.2608695652173913
101, 46 | 0.25993846153846156 | 0.024390243902439025
101, 4 | 0.2564923076923077 | 0.0
101, 40 | 0.2510769230769231 | 0.0
17, 43 | 0.35052307692307694 | 0.09651474530831099
17, 37 | 0.3460923076923077 | 0.0
17, 95 | 0.3441230769230769 | 0.0
17, 107 | 0.33821538461538464 | 0.0
17, 44 | 0.31113846153846153 | 0.1447587354409318
17, 117 | 0.28996923076923076 | 0.2517482517482518
17, 54 | 0.32246153846153847 | 0.0
17, 14 | 0.31655384615384613 | 0.0
17, 41 | 0.2958769230769231 | 0.13740458015267176
17, 15 | 0.31261538461538463 | 0.0
17, 119 | 0.25156923076923077 | 0.34615384615384615
17, 7 | 0.24861538461538463 | 0.3719806763285024
17, 42 | 0.2771692307692308 | 0.0
17, 45 | 0.2747076923076923 | 0.0
17, 64 | 0.25846153846153846 | 0.0
17, 91 | 0.25255384615384613 | 0.08
17, 68 | 0.23187692307692306 | 0.3333333333333333
17, 78 | 0.23187692307692306 | 0.3333333333333333
17, 31 | 0.22006153846153848 | 0.5
17, 32 | 0.22006153846153848 | 0.5
17, 55 | 0.25156923076923077 | 0.02158273381294964
17, 60 | 0.25255384615384613 | 0.0
17, 80 | 0.24763076923076924 | 0.0
17, 46 | 0.22744615384615385 | 0.2926829268292683
17, 4 | 0.24024615384615386 | 0.0
17, 70 | 0.23975384615384615 | 0.0
17, 79 | 0.23778461538461537 | 0.0
17, 71 | 0.23778461538461537 | 0.0
17, 40 | 0.23483076923076923 | 0.0
43, 37 | 0.3027692307692308 | 0.2621951219512195
43, 95 | 0.28996923076923076 | 0.3333333333333333
43, 107 | 0.3027692307692308 | 0.22435897435897437
43, 44 | 0.3315692307692308 | 0.0
43, 117 | 0.3027692307692308 | 0.15384615384615385
43, 54 | 0.2870153846153846 | 0.25
43, 14 | 0.28307692307692306 | 0.2462686567164179
43, 41 | 0.31261538461538463 | 0.0
43, 15 | 0.2855384615384615 | 0.20384615384615384
43, 119 | 0.28603076923076926 | 0.0
43, 7 | 0.2816 | 0.03864734299516908
43, 42 | 0.27618461538461536 | 0.0
43, 45 | 0.2737230769230769 | 0.0
43, 64 | 0.23827692307692308 | 0.26
43, 91 | 0.24566153846153846 | 0.16
43, 68 | 0.2368 | 0.25
43, 78 | 0.2368 | 0.25
43, 31 | 0.2545230769230769 | 0.0
43, 32 | 0.2545230769230769 | 0.0
43, 55 | 0.25206153846153845 | 0.0
43, 60 | 0.23384615384615384 | 0.2608695652173913
43, 80 | 0.22892307692307692 | 0.28125
43, 46 | 0.2441846153846154 | 0.0
43, 4 | 0.2353230769230769 | 0.07079646017699115
43, 70 | 0.22104615384615384 | 0.32142857142857145
43, 79 | 0.21907692307692309 | 0.3333333333333333
43, 71 | 0.21907692307692309 | 0.3333333333333333
43, 40 | 0.23384615384615384 | 0.0
37, 95 | 0.32098461538461537 | 0.0
37, 107 | 0.2441846153846154 | 0.46153846153846156
37, 44 | 0.2862769230769231 | 0.15640599001663893
37, 117 | 0.30227692307692305 | 0.0
37, 14 | 0.28652307692307694 | 0.05223880597014925
37, 41 | 0.25993846153846156 | 0.2366412213740458
37, 15 | 0.2294153846153846 | 0.46923076923076923
37, 119 | 0.256 | 0.07692307692307693
37, 7 | 0.2491076923076923 | 0.14009661835748793
37, 42 | 0.23926153846153847 | 0.1595744680851064
37, 45 | 0.22793846153846153 | 0.26229508196721313
37, 91 | 0.19987692307692306 | 0.48
37, 68 | 0.23236923076923077 | 0.0
37, 78 | 0.23236923076923077 | 0.0
37, 31 | 0.23236923076923077 | 0.0
37, 32 | 0.23236923076923077 | 0.0
37, 55 | 0.22892307692307692 | 0.014388489208633094
37, 80 | 0.21858461538461538 | 0.09375
37, 46 | 0.21907692307692309 | 0.04878048780487805
37, 4 | 0.2048 | 0.22123893805309736
37, 70 | 0.21661538461538463 | 0.0
37, 79 | 0.21464615384615385 | 0.0
37, 71 | 0.21464615384615385 | 0.0
37, 40 | 0.18806153846153847 | 0.47058823529411764
95, 107 | 0.3131076923076923 | 0.0
95, 44 | 0.30744615384615387 | 0.0
95, 117 | 0.24713846153846153 | 0.3776223776223776
95, 54 | 0.29735384615384614 | 0.0
95, 41 | 0.2884923076923077 | 0.0
95, 15 | 0.2875076923076923 | 0.0
95, 119 | 0.2619076923076923 | 0.0
95, 7 | 0.2614153846153846 | 0.0
95, 64 | 0.23335384615384616 | 0.0
95, 91 | 0.23335384615384616 | 0.0
95, 68 | 0.2304 | 0.0
95, 78 | 0.2304 | 0.0
95, 31 | 0.2304 | 0.0
95, 32 | 0.2304 | 0.0
95, 55 | 0.22793846153846153 | 0.0
95, 60 | 0.22744615384615385 | 0.0
95, 46 | 0.22006153846153848 | 0.0
95, 4 | 0.21513846153846153 | 0.0
95, 40 | 0.20972307692307693 | 0.0
107, 44 | 0.27396923076923074 | 0.18635607321131448
107, 117 | 0.2884923076923077 | 0.04195804195804196
107, 54 | 0.22843076923076924 | 0.45714285714285713
107, 14 | 0.26387692307692306 | 0.16417910447761194
107, 41 | 0.25206153846153845 | 0.2366412213740458
107, 15 | 0.2235076923076923 | 0.45384615384615384
107, 119 | 0.256 | 0.0
107, 7 | 0.2496 | 0.057971014492753624
107, 42 | 0.2294153846153846 | 0.18085106382978725
107, 45 | 0.22596923076923076 | 0.19672131147540983
107, 64 | 0.19495384615384614 | 0.44
107, 91 | 0.20972307692307693 | 0.24
107, 68 | 0.22449230769230769 | 0.0
107, 78 | 0.22449230769230769 | 0.0
107, 31 | 0.22449230769230769 | 0.0
107, 32 | 0.22449230769230769 | 0.0
107, 55 | 0.19052307692307693 | 0.460431654676259
107, 60 | 0.18904615384615384 | 0.4782608695652174
107, 80 | 0.21661538461538463 | 0.0
107, 46 | 0.2112 | 0.04878048780487805
107, 4 | 0.18756923076923077 | 0.3893805309734513
107, 70 | 0.20873846153846154 | 0.0
107, 79 | 0.20676923076923076 | 0.0
107, 71 | 0.20676923076923076 | 0.0
107, 40 | 0.1801846153846154 | 0.47058823529411764
44, 117 | 0.2798769230769231 | 0.06293706293706294
44, 54 | 0.2779076923076923 | 0.05714285714285714
44, 14 | 0.2636307692307692 | 0.12313432835820895
44, 41 | 0.27692307692307694 | 0.0
44, 15 | 0.24984615384615386 | 0.20384615384615384
44, 119 | 0.24295384615384616 | 0.07211538461538461
44, 7 | 0.2374153846153846 | 0.12198067632850242
44, 42 | 0.2404923076923077 | 0.0
44, 45 | 0.23803076923076924 | 0.0
44, 64 | 0.21144615384615384 | 0.14
44, 91 | 0.1892923076923077 | 0.44
44, 68 | 0.20110769230769232 | 0.25
44, 78 | 0.20110769230769232 | 0.25
44, 31 | 0.21883076923076922 | 0.0
44, 32 | 0.21883076923076922 | 0.0
44, 55 | 0.1979076923076923 | 0.2697841726618705
44, 60 | 0.20701538461538463 | 0.13043478260869565
44, 80 | 0.20110769230769232 | 0.15625
44, 46 | 0.2084923076923077 | 0.0
44, 4 | 0.18843076923076924 | 0.2721238938053097
44, 70 | 0.20110769230769232 | 0.03571428571428571
44, 79 | 0.20110769230769232 | 0.0
44, 71 | 0.20110769230769232 | 0.0
44, 40 | 0.19815384615384615 | 0.0
117, 54 | 0.2786461538461538 | 0.0
117, 14 | 0.24024615384615386 | 0.2462686567164179
117, 41 | 0.26584615384615384 | 0.030534351145038167
117, 15 | 0.2688 | 0.0
117, 119 | 0.2432 | 0.0
117, 7 | 0.21883076923076922 | 0.23429951690821257
117, 42 | 0.21563076923076924 | 0.19148936170212766
117, 45 | 0.21316923076923078 | 0.19672131147540983
117, 64 | 0.21464615384615385 | 0.0
117, 91 | 0.20972307692307693 | 0.06666666666666667
117, 68 | 0.21169230769230768 | 0.0
117, 78 | 0.21169230769230768 | 0.0
117, 31 | 0.18806153846153847 | 0.3333333333333333
117, 32 | 0.18806153846153847 | 0.3333333333333333
117, 55 | 0.20923076923076922 | 0.0
117, 60 | 0.20873846153846154 | 0.0
117, 80 | 0.1851076923076923 | 0.296875
117, 46 | 0.20135384615384616 | 0.0
117, 4 | 0.19618461538461537 | 0.004424778761061947
117, 70 | 0.17723076923076922 | 0.3392857142857143
117, 79 | 0.17624615384615386 | 0.3333333333333333
117, 71 | 0.17624615384615386 | 0.3333333333333333
117, 40 | 0.19101538461538461 | 0.0
54, 14 | 0.2697846153846154 | 0.0
54, 41 | 0.23236923076923077 | 0.26717557251908397
54, 15 | 0.21858461538461538 | 0.36923076923076925
54, 119 | 0.24024615384615386 | 0.0
54, 7 | 0.23975384615384615 | 0.0
54, 42 | 0.22744615384615385 | 0.031914893617021274
54, 45 | 0.2043076923076923 | 0.26229508196721313
54, 91 | 0.21169230769230768 | 0.0
54, 68 | 0.20873846153846154 | 0.0
54, 78 | 0.20873846153846154 | 0.0
54, 31 | 0.20873846153846154 | 0.0
54, 32 | 0.20873846153846154 | 0.0
54, 55 | 0.20627692307692308 | 0.0
54, 80 | 0.20086153846153845 | 0.0
54, 46 | 0.1984 | 0.0
54, 4 | 0.19347692307692307 | 0.0
54, 70 | 0.1929846153846154 | 0.0
54, 79 | 0.19101538461538461 | 0.0
54, 71 | 0.19101538461538461 | 0.0
14, 41 | 0.24713846153846153 | 0.10687022900763359
14, 15 | 0.25993846153846156 | 0.0
14, 119 | 0.23335384615384616 | 0.009615384615384616
14, 7 | 0.23310769230769232 | 0.007246376811594203
14, 42 | 0.19003076923076923 | 0.3723404255319149
14, 45 | 0.19544615384615385 | 0.29508196721311475
14, 64 | 0.20578461538461537 | 0.0
14, 91 | 0.20578461538461537 | 0.0
14, 68 | 0.20283076923076923 | 0.0
14, 78 | 0.20283076923076923 | 0.0
14, 31 | 0.20283076923076923 | 0.0
14, 32 | 0.20283076923076923 | 0.0
14, 55 | 0.1678769230769231 | 0.4748201438848921
14, 60 | 0.19987692307692306 | 0.0
14, 80 | 0.16738461538461538 | 0.4375
14, 46 | 0.19249230769230768 | 0.0
14, 4 | 0.17107692307692307 | 0.29646017699115046
14, 70 | 0.16049230769230768 | 0.48214285714285715
14, 79 | 0.15852307692307693 | 0.5
14, 71 | 0.15852307692307693 | 0.5
14, 40 | 0.17427692307692308 | 0.1568627450980392
41, 15 | 0.23335384615384616 | 0.18461538461538463
41, 119 | 0.2235076923076923 | 0.07692307692307693
41, 7 | 0.22892307692307692 | 0.01932367149758454
41, 42 | 0.22153846153846155 | 0.0
41, 45 | 0.21907692307692309 | 0.0
41, 64 | 0.19101538461538461 | 0.16
41, 91 | 0.20283076923076923 | 0.0
41, 68 | 0.18215384615384617 | 0.25
41, 78 | 0.18215384615384617 | 0.25
41, 31 | 0.19987692307692306 | 0.0
41, 32 | 0.19987692307692306 | 0.0
41, 55 | 0.18166153846153846 | 0.2302158273381295
41, 60 | 0.1851076923076923 | 0.17391304347826086
41, 80 | 0.192 | 0.0
41, 46 | 0.18953846153846154 | 0.0
41, 4 | 0.17476923076923076 | 0.17699115044247787
41, 70 | 0.18412307692307692 | 0.0
41, 79 | 0.18215384615384617 | 0.0
41, 71 | 0.18215384615384617 | 0.0
41, 40 | 0.1792 | 0.0
15, 119 | 0.2294153846153846 | 0.009615384615384616
15, 7 | 0.22375384615384616 | 0.06038647342995169
15, 42 | 0.20381538461538462 | 0.18085106382978725
15, 45 | 0.20578461538461537 | 0.1366120218579235
15, 64 | 0.1782153846153846 | 0.32
15, 91 | 0.18116923076923078 | 0.28
15, 68 | 0.1988923076923077 | 0.0
15, 78 | 0.1988923076923077 | 0.0
15, 31 | 0.1988923076923077 | 0.0
15, 32 | 0.1988923076923077 | 0.0
15, 55 | 0.16492307692307692 | 0.460431654676259
15, 60 | 0.17427692307692308 | 0.3188405797101449
15, 80 | 0.19101538461538461 | 0.0
15, 46 | 0.1860923076923077 | 0.04065040650406504
15, 4 | 0.16024615384615384 | 0.42035398230088494
15, 70 | 0.18313846153846153 | 0.0
15, 79 | 0.18116923076923078 | 0.0
15, 71 | 0.18116923076923078 | 0.0
15, 40 | 0.15852307692307693 | 0.39215686274509803
119, 7 | 0.1723076923076923 | 0.3140096618357488
119, 42 | 0.19495384615384614 | 0.0
119, 45 | 0.19249230769230768 | 0.0
119, 64 | 0.1732923076923077 | 0.04
119, 91 | 0.17624615384615386 | 0.0
119, 68 | 0.1732923076923077 | 0.0
119, 78 | 0.1732923076923077 | 0.0
119, 31 | 0.14966153846153846 | 0.3333333333333333
119, 32 | 0.14966153846153846 | 0.3333333333333333
119, 55 | 0.16984615384615384 | 0.014388489208633094
119, 60 | 0.16738461538461538 | 0.043478260869565216
119, 80 | 0.1595076923076923 | 0.09375
119, 46 | 0.16295384615384614 | 0.0
119, 4 | 0.15163076923076924 | 0.11504424778761062
119, 70 | 0.15753846153846154 | 0.0
119, 79 | 0.15556923076923077 | 0.0
119, 71 | 0.15556923076923077 | 0.0
119, 40 | 0.15261538461538462 | 0.0
7, 42 | 0.19052307692307693 | 0.0425531914893617
7, 45 | 0.192 | 0.0
7, 64 | 0.17476923076923076 | 0.013333333333333334
7, 91 | 0.15556923076923077 | 0.2733333333333333
7, 68 | 0.1728 | 0.0
7, 78 | 0.1728 | 0.0
7, 31 | 0.14916923076923078 | 0.3333333333333333
7, 32 | 0.14916923076923078 | 0.3333333333333333
7, 55 | 0.1686153846153846 | 0.025179856115107913
7, 60 | 0.16886153846153845 | 0.014492753623188406
7, 80 | 0.16196923076923078 | 0.046875
7, 46 | 0.16246153846153846 | 0.0
7, 4 | 0.15753846153846154 | 0.0
7, 70 | 0.15655384615384615 | 0.008928571428571428
7, 79 | 0.15507692307692308 | 0.0
7, 71 | 0.15507692307692308 | 0.0
7, 40 | 0.15212307692307692 | 0.0
42, 45 | 0.18264615384615385 | 0.0
42, 64 | 0.1664 | 0.0
42, 91 | 0.15163076923076924 | 0.2
42, 68 | 0.16344615384615385 | 0.0
42, 78 | 0.16344615384615385 | 0.0
42, 31 | 0.16344615384615385 | 0.0
42, 32 | 0.16344615384615385 | 0.0
42, 55 | 0.14523076923076922 | 0.2302158273381295
42, 60 | 0.16049230769230768 | 0.0
42, 80 | 0.13784615384615384 | 0.28125
42, 46 | 0.1531076923076923 | 0.0
42, 4 | 0.1348923076923077 | 0.23893805309734514
42, 70 | 0.12996923076923078 | 0.32142857142857145
42, 79 | 0.128 | 0.3333333333333333
42, 71 | 0.128 | 0.3333333333333333
42, 40 | 0.14276923076923076 | 0.0
45, 64 | 0.14473846153846154 | 0.26
45, 91 | 0.16393846153846153 | 0.0
45, 68 | 0.1609846153846154 | 0.0
45, 78 | 0.1609846153846154 | 0.0
45, 31 | 0.1609846153846154 | 0.0
45, 32 | 0.1609846153846154 | 0.0
45, 55 | 0.15852307692307693 | 0.0
45, 60 | 0.1403076923076923 | 0.2608695652173913
45, 80 | 0.13538461538461538 | 0.28125
45, 46 | 0.15064615384615385 | 0.0
45, 4 | 0.14572307692307693 | 0.0
45, 70 | 0.1275076923076923 | 0.32142857142857145
45, 79 | 0.12553846153846154 | 0.3333333333333333
45, 71 | 0.12553846153846154 | 0.3333333333333333
45, 40 | 0.1403076923076923 | 0.0
64, 91 | 0.1476923076923077 | 0.0
64, 68 | 0.14473846153846154 | 0.0
64, 78 | 0.14473846153846154 | 0.0
64, 31 | 0.14473846153846154 | 0.0
64, 32 | 0.14473846153846154 | 0.0
64, 55 | 0.14227692307692308 | 0.0
64, 60 | 0.10781538461538462 | 0.5
64, 80 | 0.1339076923076923 | 0.046875
64, 46 | 0.13292307692307692 | 0.024390243902439025
64, 4 | 0.12947692307692307 | 0.0
64, 70 | 0.1289846153846154 | 0.0
64, 79 | 0.1270153846153846 | 0.0
64, 71 | 0.1270153846153846 | 0.0
64, 40 | 0.11224615384615384 | 0.23529411764705882
91, 68 | 0.14473846153846154 | 0.0
91, 78 | 0.14473846153846154 | 0.0
91, 31 | 0.14473846153846154 | 0.0
91, 32 | 0.14473846153846154 | 0.0
91, 55 | 0.14227692307692308 | 0.0
91, 60 | 0.1417846153846154 | 0.0
91, 80 | 0.1348923076923077 | 0.03125
91, 46 | 0.1344 | 0.0
91, 4 | 0.11273846153846154 | 0.3008849557522124
91, 70 | 0.1270153846153846 | 0.03571428571428571
91, 79 | 0.1270153846153846 | 0.0
91, 71 | 0.1270153846153846 | 0.0
91, 40 | 0.12406153846153846 | 0.0
68, 78 | 0.11815384615384615 | 0.3333333333333333
68, 31 | 0.1417846153846154 | 0.0
68, 32 | 0.1417846153846154 | 0.0
68, 55 | 0.1393230769230769 | 0.0
68, 60 | 0.13883076923076923 | 0.0
68, 80 | 0.1339076923076923 | 0.0
68, 46 | 0.11372307692307693 | 0.2926829268292683
68, 4 | 0.12652307692307693 | 0.0
68, 70 | 0.12603076923076922 | 0.0
68, 79 | 0.12406153846153846 | 0.0
68, 71 | 0.12406153846153846 | 0.0
68, 40 | 0.1211076923076923 | 0.0
78, 31 | 0.1417846153846154 | 0.0
78, 32 | 0.1417846153846154 | 0.0
78, 55 | 0.1393230769230769 | 0.0
78, 60 | 0.13883076923076923 | 0.0
78, 80 | 0.1339076923076923 | 0.0
78, 46 | 0.11372307692307693 | 0.2926829268292683
78, 4 | 0.12652307692307693 | 0.0
78, 70 | 0.12603076923076922 | 0.0
78, 79 | 0.12406153846153846 | 0.0
78, 71 | 0.12406153846153846 | 0.0
78, 40 | 0.1211076923076923 | 0.0
31, 32 | 0.1417846153846154 | 0.0
31, 55 | 0.1393230769230769 | 0.0
31, 60 | 0.13883076923076923 | 0.0
31, 80 | 0.1339076923076923 | 0.0
31, 46 | 0.13144615384615385 | 0.0
31, 4 | 0.12652307692307693 | 0.0
31, 70 | 0.12603076923076922 | 0.0
31, 79 | 0.12406153846153846 | 0.0
31, 71 | 0.12406153846153846 | 0.0
31, 40 | 0.1211076923076923 | 0.0
32, 55 | 0.1393230769230769 | 0.0
32, 60 | 0.13883076923076923 | 0.0
32, 80 | 0.1339076923076923 | 0.0
32, 46 | 0.13144615384615385 | 0.0
32, 4 | 0.12652307692307693 | 0.0
32, 70 | 0.12603076923076922 | 0.0
32, 79 | 0.12406153846153846 | 0.0
32, 71 | 0.12406153846153846 | 0.0
32, 40 | 0.1211076923076923 | 0.0
55, 60 | 0.13636923076923077 | 0.0
55, 80 | 0.13144615384615385 | 0.0
55, 46 | 0.1289846153846154 | 0.0
55, 70 | 0.12356923076923076 | 0.0
55, 79 | 0.1216 | 0.0
55, 71 | 0.1216 | 0.0
55, 40 | 0.10289230769230769 | 0.3137254901960784
60, 80 | 0.128 | 0.046875
60, 46 | 0.12849230769230768 | 0.0
60, 4 | 0.12356923076923076 | 0.0
60, 70 | 0.12307692307692308 | 0.0
60, 79 | 0.1211076923076923 | 0.0
60, 71 | 0.1211076923076923 | 0.0
60, 40 | 0.10633846153846153 | 0.23529411764705882
80, 46 | 0.12356923076923076 | 0.0
80, 4 | 0.11766153846153846 | 0.017699115044247787
80, 70 | 0.09846153846153846 | 0.35714285714285715
80, 79 | 0.11618461538461539 | 0.0
80, 71 | 0.09846153846153846 | 0.3333333333333333
80, 40 | 0.11323076923076923 | 0.0
46, 4 | 0.11618461538461539 | 0.0
46, 70 | 0.11569230769230769 | 0.0
46, 79 | 0.11372307692307693 | 0.0
46, 71 | 0.11372307692307693 | 0.0
46, 40 | 0.11076923076923077 | 0.0
4, 70 | 0.11027692307692308 | 0.008928571428571428
4, 79 | 0.1088 | 0.0
4, 71 | 0.1088 | 0.0
4, 40 | 0.09796923076923077 | 0.1568627450980392
70, 79 | 0.09058461538461539 | 0.3333333333333333
70, 71 | 0.10830769230769231 | 0.0
70, 40 | 0.10535384615384616 | 0.0
79, 71 | 0.08861538461538461 | 0.3333333333333333
79, 40 | 0.10338461538461538 | 0.0
71, 40 | 0.10338461538461538 | 0.0
