43, 7, 64, 91, 68, 31, 32, 46, 4, 70, 71, 40 | 0.7104 | 0.39215686274509803
43, 7, 64, 91, 68, 31, 32, 80, 46, 4, 79, 40 | 0.7133538461538461 | 0.39215686274509803
43, 7, 64, 91, 78, 31, 32, 46, 4, 70, 71, 40 | 0.7104 | 0.39215686274509803
43, 7, 64, 91, 78, 31, 32, 80, 46, 4, 79, 40 | 0.7133538461538461 | 0.39215686274509803
43, 7, 91, 78, 31, 32, 60, 46, 4, 70, 71, 40 | 0.7074461538461538 | 0.39215686274509803
43, 7, 91, 78, 31, 32, 60, 80, 46, 4, 79, 40 | 0.7104 | 0.39215686274509803
43, 7, 91, 68, 31, 32, 60, 46, 4, 70, 71, 40 | 0.7074461538461538 | 0.39215686274509803
43, 7, 91, 68, 31, 32, 60, 80, 46, 4, 79, 40 | 0.7104 | 0.39215686274509803
44, 7, 45, 78, 31, 32, 60, 46, 4, 70, 71, 40 | 0.7012923076923077 | 0.39215686274509803
44, 7, 45, 68, 31, 32, 60, 46, 4, 70, 71, 40 | 0.7012923076923077 | 0.39215686274509803
44, 7, 45, 64, 68, 31, 32, 46, 4, 70, 71, 40 | 0.7027692307692308 | 0.39215686274509803
44, 7, 45, 64, 78, 31, 32, 46, 4, 70, 71, 40 | 0.7027692307692308 | 0.39215686274509803
44, 7, 64, 78, 31, 32, 80, 46, 4, 70, 79, 40 | 0.6850461538461539 | 0.39215686274509803
44, 7, 64, 78, 31, 32, 80, 46, 4, 70, 71, 40 | 0.6850461538461539 | 0.39215686274509803
44, 7, 64, 78, 31, 32, 46, 4, 70, 79, 71, 40 | 0.6850461538461539 | 0.39215686274509803
44, 7, 64, 68, 31, 32, 80, 46, 4, 70, 79, 40 | 0.6850461538461539 | 0.39215686274509803
44, 7, 64, 68, 31, 32, 80, 46, 4, 70, 71, 40 | 0.6850461538461539 | 0.39215686274509803
44, 7, 64, 68, 31, 32, 46, 4, 70, 79, 71, 40 | 0.6850461538461539 | 0.39215686274509803
44, 7, 68, 31, 32, 60, 80, 46, 4, 70, 79, 40 | 0.6820923076923077 | 0.39215686274509803
44, 7, 68, 31, 32, 60, 80, 46, 4, 70, 71, 40 | 0.6820923076923077 | 0.39215686274509803
44, 7, 68, 31, 32, 60, 46, 4, 70, 79, 71, 40 | 0.6820923076923077 | 0.39215686274509803
44, 7, 78, 31, 32, 60, 80, 46, 4, 70, 79, 40 | 0.6820923076923077 | 0.39215686274509803
44, 7, 78, 31, 32, 60, 80, 46, 4, 70, 71, 40 | 0.6820923076923077 | 0.39215686274509803
44, 7, 78, 31, 32, 60, 46, 4, 70, 79, 71, 40 | 0.6820923076923077 | 0.39215686274509803
44, 119, 45, 78, 31, 32, 60, 46, 4, 70, 71, 40 | 0.7008 | 0.39215686274509803
44, 119, 45, 68, 31, 32, 60, 46, 4, 70, 71, 40 | 0.7008 | 0.39215686274509803
44, 119, 45, 64, 68, 31, 32, 46, 4, 70, 71, 40 | 0.7022769230769231 | 0.39215686274509803
44, 119, 45, 64, 78, 31, 32, 46, 4, 70, 71, 40 | 0.7022769230769231 | 0.39215686274509803
44, 119, 64, 78, 31, 32, 80, 46, 4, 70, 79, 40 | 0.6845538461538462 | 0.39215686274509803
44, 119, 64, 78, 31, 32, 80, 46, 4, 70, 71, 40 | 0.6845538461538462 | 0.39215686274509803
44, 119, 64, 78, 31, 32, 46, 4, 70, 79, 71, 40 | 0.6845538461538462 | 0.39215686274509803
44, 119, 64, 68, 31, 32, 80, 46, 4, 70, 79, 40 | 0.6845538461538462 | 0.39215686274509803
44, 119, 64, 68, 31, 32, 80, 46, 4, 70, 71, 40 | 0.6845538461538462 | 0.39215686274509803
44, 119, 64, 68, 31, 32, 46, 4, 70, 79, 71, 40 | 0.6845538461538462 | 0.39215686274509803
44, 119, 68, 31, 32, 60, 80, 46, 4, 70, 79, 40 | 0.6816 | 0.39215686274509803
44, 119, 68, 31, 32, 60, 80, 46, 4, 70, 71, 40 | 0.6816 | 0.39215686274509803
44, 119, 68, 31, 32, 60, 46, 4, 70, 79, 71, 40 | 0.6816 | 0.39215686274509803
44, 119, 78, 31, 32, 60, 80, 46, 4, 70, 79, 40 | 0.6816 | 0.39215686274509803
44, 119, 78, 31, 32, 60, 80, 46, 4, 70, 71, 40 | 0.6816 | 0.39215686274509803
44, 119, 78, 31, 32, 60, 46, 4, 70, 79, 71, 40 | 0.6816 | 0.39215686274509803
54, 41, 119, 91, 68, 31, 32, 55, 80, 46, 70, 79 | 0.7689846153846154 | 0.3333333333333333
54, 41, 119, 91, 68, 31, 32, 55, 80, 46, 70, 71 | 0.7689846153846154 | 0.3333333333333333
54, 41, 119, 91, 68, 31, 32, 55, 46, 70, 79, 71 | 0.7670153846153847 | 0.3333333333333333
54, 41, 119, 91, 78, 31, 32, 55, 80, 46, 70, 79 | 0.7689846153846154 | 0.3333333333333333
54, 41, 119, 91, 78, 31, 32, 55, 80, 46, 70, 71 | 0.7689846153846154 | 0.3333333333333333
54, 41, 119, 91, 78, 31, 32, 55, 46, 70, 79, 71 | 0.7670153846153847 | 0.3333333333333333
54, 41, 119, 45, 91, 78, 31, 32, 55, 46, 70, 71 | 0.7803076923076923 | 0.3333333333333333
54, 41, 119, 45, 91, 68, 31, 32, 55, 46, 70, 71 | 0.7803076923076923 | 0.3333333333333333
54, 41, 7, 91, 68, 31, 32, 55, 80, 46, 70, 79 | 0.7569230769230769 | 0.3333333333333333
54, 41, 7, 91, 68, 31, 32, 55, 80, 46, 70, 71 | 0.7569230769230769 | 0.3333333333333333
54, 41, 7, 91, 68, 31, 32, 55, 46, 70, 79, 71 | 0.7515076923076923 | 0.3333333333333333
54, 41, 7, 91, 78, 31, 32, 55, 80, 46, 70, 79 | 0.7569230769230769 | 0.3333333333333333
54, 41, 7, 91, 78, 31, 32, 55, 80, 46, 70, 71 | 0.7569230769230769 | 0.3333333333333333
54, 41, 7, 91, 78, 31, 32, 55, 46, 70, 79, 71 | 0.7515076923076923 | 0.3333333333333333
54, 41, 7, 45, 91, 78, 31, 32, 55, 46, 70, 71 | 0.7648 | 0.3333333333333333
54, 41, 7, 45, 91, 78, 31, 32, 55, 80, 46, 79 | 0.7702153846153846 | 0.3333333333333333
54, 41, 7, 45, 91, 68, 31, 32, 55, 46, 70, 71 | 0.7648 | 0.3333333333333333
54, 41, 7, 45, 91, 68, 31, 32, 55, 80, 46, 79 | 0.7702153846153846 | 0.3333333333333333
41, 7, 45, 91, 68, 31, 32, 55, 80, 46, 79, 40 | 0.7249230769230769 | 0.3137254901960784
41, 7, 45, 91, 68, 31, 32, 55, 46, 70, 71, 40 | 0.7195076923076923 | 0.3137254901960784
41, 7, 45, 91, 78, 31, 32, 55, 80, 46, 79, 40 | 0.7249230769230769 | 0.3137254901960784
41, 7, 45, 91, 78, 31, 32, 55, 46, 70, 71, 40 | 0.7195076923076923 | 0.3137254901960784
41, 7, 64, 78, 31, 32, 80, 46, 4, 70, 79, 40 | 0.6833230769230769 | 0.39215686274509803
41, 7, 64, 78, 31, 32, 80, 46, 4, 70, 71, 40 | 0.6833230769230769 | 0.39215686274509803
41, 7, 64, 78, 31, 32, 46, 4, 70, 79, 71, 40 | 0.6803692307692307 | 0.39215686274509803
41, 7, 64, 68, 31, 32, 80, 46, 4, 70, 79, 40 | 0.6833230769230769 | 0.39215686274509803
41, 7, 64, 68, 31, 32, 80, 46, 4, 70, 71, 40 | 0.6833230769230769 | 0.39215686274509803
41, 7, 64, 68, 31, 32, 46, 4, 70, 79, 71, 40 | 0.6803692307692307 | 0.39215686274509803
41, 7, 64, 91, 68, 31, 32, 46, 70, 79, 71, 40 | 0.6951384615384616 | 0.23529411764705882
41, 7, 64, 91, 68, 31, 32, 80, 46, 70, 79, 40 | 0.6985846153846154 | 0.23529411764705882
41, 7, 64, 91, 68, 31, 32, 80, 46, 70, 71, 40 | 0.6985846153846154 | 0.23529411764705882
41, 7, 64, 91, 68, 31, 32, 55, 80, 46, 70, 79 | 0.7111384615384615 | 0.3333333333333333
41, 7, 64, 91, 68, 31, 32, 55, 80, 46, 70, 71 | 0.7111384615384615 | 0.3333333333333333
41, 7, 64, 91, 68, 31, 32, 55, 46, 70, 79, 71 | 0.7076923076923077 | 0.3333333333333333
41, 7, 64, 91, 78, 31, 32, 46, 70, 79, 71, 40 | 0.6951384615384616 | 0.23529411764705882
41, 7, 64, 91, 78, 31, 32, 80, 46, 70, 79, 40 | 0.6985846153846154 | 0.23529411764705882
41, 7, 64, 91, 78, 31, 32, 80, 46, 70, 71, 40 | 0.6985846153846154 | 0.23529411764705882
41, 7, 64, 91, 78, 31, 32, 55, 80, 46, 70, 79 | 0.7111384615384615 | 0.3333333333333333
41, 7, 64, 91, 78, 31, 32, 55, 80, 46, 70, 71 | 0.7111384615384615 | 0.3333333333333333
41, 7, 64, 91, 78, 31, 32, 55, 46, 70, 79, 71 | 0.7076923076923077 | 0.3333333333333333
41, 7, 91, 78, 31, 32, 55, 46, 70, 79, 71, 40 | 0.6825846153846153 | 0.3137254901960784
41, 7, 91, 78, 31, 32, 55, 80, 46, 70, 79, 40 | 0.688 | 0.3137254901960784
41, 7, 91, 78, 31, 32, 55, 80, 46, 70, 71, 40 | 0.688 | 0.3137254901960784
41, 7, 91, 78, 31, 32, 55, 60, 80, 46, 70, 79 | 0.7067076923076923 | 0.3333333333333333
41, 7, 91, 78, 31, 32, 55, 60, 80, 46, 70, 71 | 0.7067076923076923 | 0.3333333333333333
41, 7, 91, 78, 31, 32, 55, 60, 46, 70, 79, 71 | 0.7032615384615385 | 0.3333333333333333
41, 7, 91, 78, 31, 32, 60, 46, 70, 79, 71, 40 | 0.6907076923076924 | 0.23529411764705882
41, 7, 91, 78, 31, 32, 60, 80, 46, 70, 79, 40 | 0.6941538461538461 | 0.23529411764705882
41, 7, 91, 78, 31, 32, 60, 80, 46, 70, 71, 40 | 0.6941538461538461 | 0.23529411764705882
41, 7, 91, 68, 31, 32, 55, 46, 70, 79, 71, 40 | 0.6825846153846153 | 0.3137254901960784
41, 7, 91, 68, 31, 32, 55, 80, 46, 70, 79, 40 | 0.688 | 0.3137254901960784
41, 7, 91, 68, 31, 32, 55, 80, 46, 70, 71, 40 | 0.688 | 0.3137254901960784
41, 7, 91, 68, 31, 32, 55, 60, 80, 46, 70, 79 | 0.7067076923076923 | 0.3333333333333333
41, 7, 91, 68, 31, 32, 55, 60, 80, 46, 70, 71 | 0.7067076923076923 | 0.3333333333333333
41, 7, 91, 68, 31, 32, 55, 60, 46, 70, 79, 71 | 0.7032615384615385 | 0.3333333333333333
41, 7, 91, 68, 31, 32, 60, 46, 70, 79, 71, 40 | 0.6907076923076924 | 0.23529411764705882
41, 7, 91, 68, 31, 32, 60, 80, 46, 70, 79, 40 | 0.6941538461538461 | 0.23529411764705882
41, 7, 91, 68, 31, 32, 60, 80, 46, 70, 71, 40 | 0.6941538461538461 | 0.23529411764705882
41, 7, 68, 31, 32, 60, 80, 46, 4, 70, 79, 40 | 0.6788923076923077 | 0.39215686274509803
41, 7, 68, 31, 32, 60, 80, 46, 4, 70, 71, 40 | 0.6788923076923077 | 0.39215686274509803
41, 7, 68, 31, 32, 60, 46, 4, 70, 79, 71, 40 | 0.6759384615384615 | 0.39215686274509803
41, 7, 78, 31, 32, 60, 80, 46, 4, 70, 79, 40 | 0.6788923076923077 | 0.39215686274509803
41, 7, 78, 31, 32, 60, 80, 46, 4, 70, 71, 40 | 0.6788923076923077 | 0.39215686274509803
41, 7, 78, 31, 32, 60, 46, 4, 70, 79, 71, 40 | 0.6759384615384615 | 0.39215686274509803
41, 119, 42, 91, 68, 31, 32, 60, 46, 70, 71, 40 | 0.7281230769230769 | 0.23529411764705882
41, 119, 42, 91, 78, 31, 32, 60, 46, 70, 71, 40 | 0.7281230769230769 | 0.23529411764705882
41, 119, 42, 64, 91, 78, 31, 32, 46, 70, 71, 40 | 0.7325538461538461 | 0.23529411764705882
41, 119, 42, 64, 91, 68, 31, 32, 46, 70, 71, 40 | 0.7325538461538461 | 0.23529411764705882
41, 119, 45, 91, 68, 31, 32, 55, 46, 70, 71, 40 | 0.7350153846153846 | 0.3137254901960784
41, 119, 45, 91, 78, 31, 32, 55, 46, 70, 71, 40 | 0.7350153846153846 | 0.3137254901960784
41, 119, 64, 78, 31, 32, 80, 46, 4, 70, 79, 40 | 0.6705230769230769 | 0.39215686274509803
41, 119, 64, 78, 31, 32, 80, 46, 4, 70, 71, 40 | 0.6705230769230769 | 0.39215686274509803
41, 119, 64, 78, 31, 32, 46, 4, 70, 79, 71, 40 | 0.6690461538461538 | 0.39215686274509803
41, 119, 64, 68, 31, 32, 80, 46, 4, 70, 79, 40 | 0.6705230769230769 | 0.39215686274509803
41, 119, 64, 68, 31, 32, 80, 46, 4, 70, 71, 40 | 0.6705230769230769 | 0.39215686274509803
41, 119, 64, 68, 31, 32, 46, 4, 70, 79, 71, 40 | 0.6690461538461538 | 0.39215686274509803
41, 119, 64, 91, 68, 31, 32, 46, 70, 79, 71, 40 | 0.7079384615384615 | 0.23529411764705882
41, 119, 64, 91, 68, 31, 32, 80, 46, 70, 79, 40 | 0.7099076923076924 | 0.23529411764705882
41, 119, 64, 91, 68, 31, 32, 80, 46, 70, 71, 40 | 0.7099076923076924 | 0.23529411764705882
41, 119, 64, 91, 68, 31, 32, 55, 80, 46, 70, 79 | 0.7232 | 0.3333333333333333
41, 119, 64, 91, 68, 31, 32, 55, 80, 46, 70, 71 | 0.7232 | 0.3333333333333333
41, 119, 64, 91, 68, 31, 32, 55, 46, 70, 79, 71 | 0.7212307692307692 | 0.3333333333333333
41, 119, 64, 91, 78, 31, 32, 46, 70, 79, 71, 40 | 0.7079384615384615 | 0.23529411764705882
41, 119, 64, 91, 78, 31, 32, 80, 46, 70, 79, 40 | 0.7099076923076924 | 0.23529411764705882
41, 119, 64, 91, 78, 31, 32, 80, 46, 70, 71, 40 | 0.7099076923076924 | 0.23529411764705882
41, 119, 64, 91, 78, 31, 32, 55, 80, 46, 70, 79 | 0.7232 | 0.3333333333333333
41, 119, 64, 91, 78, 31, 32, 55, 80, 46, 70, 71 | 0.7232 | 0.3333333333333333
41, 119, 64, 91, 78, 31, 32, 55, 46, 70, 79, 71 | 0.7212307692307692 | 0.3333333333333333
41, 119, 91, 78, 31, 32, 55, 46, 70, 79, 71, 40 | 0.6980923076923077 | 0.3137254901960784
41, 119, 91, 78, 31, 32, 55, 80, 46, 70, 79, 40 | 0.7000615384615385 | 0.3137254901960784
41, 119, 91, 78, 31, 32, 55, 80, 46, 70, 71, 40 | 0.7000615384615385 | 0.3137254901960784
41, 119, 91, 78, 31, 32, 55, 60, 80, 46, 70, 79 | 0.7187692307692307 | 0.3333333333333333
41, 119, 91, 78, 31, 32, 55, 60, 80, 46, 70, 71 | 0.7187692307692307 | 0.3333333333333333
41, 119, 91, 78, 31, 32, 55, 60, 46, 70, 79, 71 | 0.7168 | 0.3333333333333333
41, 119, 91, 78, 31, 32, 60, 46, 70, 79, 71, 40 | 0.7035076923076923 | 0.23529411764705882
41, 119, 91, 78, 31, 32, 60, 80, 46, 70, 79, 40 | 0.7054769230769231 | 0.23529411764705882
41, 119, 91, 78, 31, 32, 60, 80, 46, 70, 71, 40 | 0.7054769230769231 | 0.23529411764705882
41, 119, 91, 68, 31, 32, 55, 46, 70, 79, 71, 40 | 0.6980923076923077 | 0.3137254901960784
41, 119, 91, 68, 31, 32, 55, 80, 46, 70, 79, 40 | 0.7000615384615385 | 0.3137254901960784
41, 119, 91, 68, 31, 32, 55, 80, 46, 70, 71, 40 | 0.7000615384615385 | 0.3137254901960784
41, 119, 91, 68, 31, 32, 55, 60, 80, 46, 70, 79 | 0.7187692307692307 | 0.3333333333333333
41, 119, 91, 68, 31, 32, 55, 60, 80, 46, 70, 71 | 0.7187692307692307 | 0.3333333333333333
41, 119, 91, 68, 31, 32, 55, 60, 46, 70, 79, 71 | 0.7168 | 0.3333333333333333
41, 119, 91, 68, 31, 32, 60, 46, 70, 79, 71, 40 | 0.7035076923076923 | 0.23529411764705882
41, 119, 91, 68, 31, 32, 60, 80, 46, 70, 79, 40 | 0.7054769230769231 | 0.23529411764705882
41, 119, 91, 68, 31, 32, 60, 80, 46, 70, 71, 40 | 0.7054769230769231 | 0.23529411764705882
41, 119, 68, 31, 32, 60, 80, 46, 4, 70, 79, 40 | 0.6660923076923077 | 0.39215686274509803
41, 119, 68, 31, 32, 60, 80, 46, 4, 70, 71, 40 | 0.6660923076923077 | 0.39215686274509803
41, 119, 68, 31, 32, 60, 46, 4, 70, 79, 71, 40 | 0.6646153846153846 | 0.39215686274509803
41, 119, 78, 31, 32, 60, 80, 46, 4, 70, 79, 40 | 0.6660923076923077 | 0.39215686274509803
41, 119, 78, 31, 32, 60, 80, 46, 4, 70, 71, 40 | 0.6660923076923077 | 0.39215686274509803
41, 119, 78, 31, 32, 60, 46, 4, 70, 79, 71, 40 | 0.6646153846153846 | 0.39215686274509803
41, 15, 119, 91, 68, 31, 32, 46, 70, 79, 71, 40 | 0.7227076923076923 | 0.39215686274509803
41, 15, 119, 91, 68, 31, 32, 80, 46, 70, 79, 40 | 0.7246769230769231 | 0.39215686274509803
41, 15, 119, 91, 68, 31, 32, 80, 46, 70, 71, 40 | 0.7246769230769231 | 0.39215686274509803
41, 15, 119, 91, 78, 31, 32, 46, 70, 79, 71, 40 | 0.7227076923076923 | 0.39215686274509803
41, 15, 119, 91, 78, 31, 32, 80, 46, 70, 79, 40 | 0.7246769230769231 | 0.39215686274509803
41, 15, 119, 91, 78, 31, 32, 80, 46, 70, 71, 40 | 0.7246769230769231 | 0.39215686274509803
41, 15, 119, 45, 91, 78, 31, 32, 46, 70, 71, 40 | 0.7473230769230769 | 0.39215686274509803
41, 15, 119, 45, 91, 68, 31, 32, 46, 70, 71, 40 | 0.7473230769230769 | 0.39215686274509803
41, 15, 119, 42, 91, 78, 31, 32, 46, 70, 71, 40 | 0.737476923076923 | 0.39215686274509803
41, 15, 119, 42, 91, 68, 31, 32, 46, 70, 71, 40 | 0.737476923076923 | 0.39215686274509803
7, 91, 68, 31, 32, 60, 80, 46, 4, 70, 79, 40 | 0.6272 | 0.39215686274509803
7, 91, 68, 31, 32, 60, 80, 46, 4, 70, 71, 40 | 0.6272 | 0.39215686274509803
7, 91, 68, 31, 32, 60, 46, 4, 70, 79, 71, 40 | 0.6242461538461539 | 0.39215686274509803
7, 91, 68, 78, 31, 32, 60, 4, 70, 79, 71, 40 | 0.628676923076923 | 0.39215686274509803
7, 91, 68, 78, 31, 32, 60, 80, 4, 70, 79, 40 | 0.6316307692307692 | 0.39215686274509803
7, 91, 68, 78, 31, 32, 60, 80, 4, 70, 71, 40 | 0.6316307692307692 | 0.39215686274509803
7, 91, 78, 31, 32, 60, 80, 46, 4, 70, 79, 40 | 0.6272 | 0.39215686274509803
7, 91, 78, 31, 32, 60, 80, 46, 4, 70, 71, 40 | 0.6272 | 0.39215686274509803
7, 91, 78, 31, 32, 60, 46, 4, 70, 79, 71, 40 | 0.6242461538461539 | 0.39215686274509803
7, 64, 91, 78, 31, 32, 80, 46, 4, 70, 79, 40 | 0.6316307692307692 | 0.39215686274509803
7, 64, 91, 78, 31, 32, 80, 46, 4, 70, 71, 40 | 0.6316307692307692 | 0.39215686274509803
7, 64, 91, 78, 31, 32, 46, 4, 70, 79, 71, 40 | 0.628676923076923 | 0.39215686274509803
7, 64, 91, 68, 78, 31, 32, 4, 70, 79, 71, 40 | 0.6345846153846154 | 0.39215686274509803
7, 64, 91, 68, 78, 31, 32, 80, 4, 70, 79, 40 | 0.6375384615384615 | 0.39215686274509803
7, 64, 91, 68, 78, 31, 32, 80, 4, 70, 71, 40 | 0.6375384615384615 | 0.39215686274509803
7, 64, 91, 68, 31, 32, 80, 46, 4, 70, 79, 40 | 0.6316307692307692 | 0.39215686274509803
7, 64, 91, 68, 31, 32, 80, 46, 4, 70, 71, 40 | 0.6316307692307692 | 0.39215686274509803
7, 64, 91, 68, 31, 32, 46, 4, 70, 79, 71, 40 | 0.628676923076923 | 0.39215686274509803
7, 45, 64, 91, 68, 31, 32, 46, 4, 70, 71, 40 | 0.6464 | 0.39215686274509803
7, 45, 64, 91, 68, 31, 32, 80, 46, 4, 79, 40 | 0.6493538461538462 | 0.39215686274509803
7, 45, 64, 91, 68, 78, 31, 32, 80, 4, 79, 40 | 0.6552615384615385 | 0.39215686274509803
7, 45, 64, 91, 68, 78, 31, 32, 4, 70, 71, 40 | 0.6523076923076923 | 0.39215686274509803
7, 45, 64, 91, 78, 31, 32, 46, 4, 70, 71, 40 | 0.6464 | 0.39215686274509803
7, 45, 64, 91, 78, 31, 32, 80, 46, 4, 79, 40 | 0.6493538461538462 | 0.39215686274509803
7, 45, 91, 78, 31, 32, 60, 46, 4, 70, 71, 40 | 0.6434461538461539 | 0.39215686274509803
7, 45, 91, 78, 31, 32, 60, 80, 46, 4, 79, 40 | 0.6464 | 0.39215686274509803
7, 45, 91, 68, 78, 31, 32, 60, 80, 4, 79, 40 | 0.6508307692307692 | 0.39215686274509803
7, 45, 91, 68, 78, 31, 32, 60, 4, 70, 71, 40 | 0.6478769230769231 | 0.39215686274509803
7, 45, 91, 68, 31, 32, 60, 46, 4, 70, 71, 40 | 0.6434461538461539 | 0.39215686274509803
7, 45, 91, 68, 31, 32, 60, 80, 46, 4, 79, 40 | 0.6464 | 0.39215686274509803
