41, 15, 119 | 0.3268923076923077 | 0.08653846153846154
41, 15, 7 | 0.32713846153846154 | 0.07971014492753623
14, 41, 15 | 0.3515076923076923 | 0.18461538461538463
14, 41, 119 | 0.3406769230769231 | 0.08653846153846154
14, 41, 7 | 0.34633846153846154 | 0.026570048309178744
14, 15, 119 | 0.3603692307692308 | 0.019230769230769232
14, 15, 7 | 0.3549538461538462 | 0.06763285024154589
54, 14, 119 | 0.3712 | 0.009615384615384616
54, 14, 7 | 0.37095384615384613 | 0.007246376811594203
54, 41, 119 | 0.3268923076923077 | 0.07692307692307693
54, 41, 7 | 0.3323076923076923 | 0.01932367149758454
117, 54, 14 | 0.37809230769230767 | 0.2462686567164179
117, 54, 41 | 0.36923076923076925 | 0.29770992366412213
117, 54, 119 | 0.38104615384615387 | 0.0
117, 54, 7 | 0.35667692307692306 | 0.23429951690821257
117, 14, 41 | 0.3534769230769231 | 0.12213740458015267
117, 14, 15 | 0.36824615384615383 | 0.0
117, 14, 119 | 0.34166153846153846 | 0.009615384615384616
117, 14, 7 | 0.31753846153846155 | 0.24154589371980675
117, 41, 15 | 0.3702153846153846 | 0.18461538461538463
117, 41, 119 | 0.3603692307692308 | 0.07692307692307693
117, 41, 7 | 0.3419076923076923 | 0.2536231884057971
117, 15, 119 | 0.3702153846153846 | 0.009615384615384616
117, 15, 7 | 0.3406769230769231 | 0.2946859903381642
44, 117, 54 | 0.40984615384615386 | 0.05714285714285714
44, 117, 41 | 0.40492307692307694 | 0.030534351145038167
44, 117, 15 | 0.3817846153846154 | 0.20384615384615384
44, 117, 119 | 0.3748923076923077 | 0.07211538461538461
44, 54, 14 | 0.3936 | 0.12313432835820895
44, 54, 41 | 0.37243076923076923 | 0.26717557251908397
44, 54, 119 | 0.3729230769230769 | 0.07211538461538461
44, 54, 7 | 0.36738461538461537 | 0.12198067632850242
44, 14, 41 | 0.37883076923076925 | 0.10687022900763359
44, 14, 15 | 0.36553846153846153 | 0.20384615384615384
44, 14, 119 | 0.35815384615384616 | 0.07692307692307693
44, 14, 7 | 0.3529846153846154 | 0.12318840579710146
44, 41, 119 | 0.36406153846153844 | 0.14903846153846154
44, 41, 7 | 0.3644307692307692 | 0.14130434782608695
44, 15, 119 | 0.34486153846153844 | 0.07211538461538461
44, 15, 7 | 0.3353846153846154 | 0.1606280193236715
107, 44, 117 | 0.40196923076923075 | 0.09090909090909091
107, 44, 14 | 0.37390769230769233 | 0.24253731343283583
107, 44, 41 | 0.37243076923076923 | 0.2366412213740458
107, 44, 119 | 0.3689846153846154 | 0.07211538461538461
107, 44, 7 | 0.3595076923076923 | 0.1606280193236715
107, 117, 41 | 0.38498461538461537 | 0.25190839694656486
107, 117, 119 | 0.3908923076923077 | 0.0
107, 117, 7 | 0.3606153846153846 | 0.2922705314009662
107, 14, 41 | 0.35446153846153844 | 0.29770992366412213
107, 14, 119 | 0.3652923076923077 | 0.009615384615384616
107, 14, 7 | 0.3591384615384615 | 0.06521739130434782
107, 41, 119 | 0.3465846153846154 | 0.07692307692307693
107, 41, 7 | 0.3460923076923077 | 0.07729468599033816
95, 107, 44 | 0.4334769230769231 | 0.18635607321131448
95, 107, 41 | 0.41156923076923074 | 0.2366412213740458
95, 107, 119 | 0.4155076923076923 | 0.0
95, 107, 7 | 0.4091076923076923 | 0.057971014492753624
95, 44, 54 | 0.4374153846153846 | 0.05714285714285714
95, 44, 41 | 0.43643076923076923 | 0.0
95, 44, 15 | 0.4093538461538462 | 0.20384615384615384
95, 44, 119 | 0.4024615384615385 | 0.07211538461538461
95, 44, 7 | 0.39692307692307693 | 0.12198067632850242
95, 54, 41 | 0.39187692307692307 | 0.26717557251908397
95, 54, 119 | 0.3997538461538461 | 0.0
95, 54, 7 | 0.39926153846153845 | 0.0
95, 41, 15 | 0.3928615384615385 | 0.18461538461538463
95, 41, 119 | 0.3830153846153846 | 0.07692307692307693
95, 41, 7 | 0.38843076923076925 | 0.01932367149758454
95, 15, 119 | 0.3889230769230769 | 0.009615384615384616
95, 15, 7 | 0.3832615384615385 | 0.06038647342995169
37, 95, 44 | 0.4457846153846154 | 0.15640599001663893
37, 95, 41 | 0.41944615384615386 | 0.2366412213740458
37, 95, 119 | 0.4155076923076923 | 0.07692307692307693
37, 95, 7 | 0.4086153846153846 | 0.14009661835748793
37, 44, 117 | 0.4182153846153846 | 0.06293706293706294
37, 44, 14 | 0.39753846153846156 | 0.15671641791044777
37, 44, 41 | 0.38473846153846153 | 0.2366412213740458
37, 44, 119 | 0.3808 | 0.07692307692307693
37, 44, 7 | 0.36775384615384615 | 0.20048309178743962
37, 117, 14 | 0.3948307692307692 | 0.29850746268656714
37, 117, 41 | 0.3968 | 0.26717557251908397
37, 117, 119 | 0.3968 | 0.07692307692307693
37, 14, 119 | 0.38104615384615387 | 0.07692307692307693
37, 14, 7 | 0.37366153846153843 | 0.14492753623188406
37, 41, 119 | 0.3465846153846154 | 0.15384615384615385
37, 41, 7 | 0.3456 | 0.15942028985507245
43, 37, 44 | 0.42756923076923076 | 0.15640599001663893
43, 37, 117 | 0.4219076923076923 | 0.15384615384615385
43, 37, 14 | 0.39729230769230767 | 0.2835820895522388
43, 37, 41 | 0.4012307692307692 | 0.2366412213740458
43, 37, 119 | 0.39729230769230767 | 0.07692307692307693
43, 37, 7 | 0.3904 | 0.14009661835748793
43, 107, 44 | 0.4231384615384615 | 0.18635607321131448
43, 107, 117 | 0.41796923076923076 | 0.18181818181818182
43, 107, 41 | 0.4012307692307692 | 0.2366412213740458
43, 107, 119 | 0.4051692307692308 | 0.0
43, 107, 7 | 0.3968 | 0.07729468599033816
43, 44, 117 | 0.44184615384615383 | 0.21678321678321677
43, 44, 41 | 0.46055384615384615 | 0.0
43, 44, 119 | 0.4265846153846154 | 0.07211538461538461
43, 44, 7 | 0.4171076923076923 | 0.1606280193236715
43, 117, 54 | 0.40615384615384614 | 0.25
43, 117, 41 | 0.4278153846153846 | 0.030534351145038167
43, 117, 15 | 0.4046769230769231 | 0.20384615384615384
43, 117, 119 | 0.4051692307692308 | 0.0
43, 117, 7 | 0.37686153846153847 | 0.27294685990338163
43, 54, 14 | 0.38646153846153847 | 0.2462686567164179
43, 54, 41 | 0.38153846153846155 | 0.26717557251908397
43, 54, 119 | 0.3894153846153846 | 0.0
43, 54, 7 | 0.38498461538461537 | 0.03864734299516908
43, 14, 41 | 0.3982769230769231 | 0.10687022900763359
43, 14, 15 | 0.38498461538461537 | 0.20384615384615384
43, 14, 119 | 0.3844923076923077 | 0.009615384615384616
43, 14, 7 | 0.3803076923076923 | 0.04589371980676329
43, 41, 119 | 0.40713846153846156 | 0.07692307692307693
43, 41, 7 | 0.4086153846153846 | 0.057971014492753624
43, 15, 119 | 0.38695384615384615 | 0.009615384615384616
43, 15, 7 | 0.37932307692307693 | 0.07971014492753623
17, 43, 37 | 0.46966153846153846 | 0.2621951219512195
17, 43, 107 | 0.46966153846153846 | 0.22435897435897437
17, 43, 44 | 0.47704615384615384 | 0.1447587354409318
17, 43, 54 | 0.4539076923076923 | 0.25
17, 43, 14 | 0.4499692307692308 | 0.2462686567164179
17, 43, 41 | 0.4617846153846154 | 0.13740458015267176
17, 43, 15 | 0.45243076923076925 | 0.20384615384615384
17, 37, 95 | 0.5056 | 0.0
17, 37, 117 | 0.45144615384615383 | 0.2517482517482518
17, 37, 14 | 0.47113846153846156 | 0.05223880597014925
17, 95, 107 | 0.49772307692307693 | 0.0
17, 95, 44 | 0.4706461538461538 | 0.1447587354409318
17, 95, 54 | 0.48196923076923076 | 0.0
17, 95, 41 | 0.4553846153846154 | 0.13740458015267176
17, 95, 15 | 0.4721230769230769 | 0.0
17, 107, 117 | 0.43766153846153844 | 0.2937062937062937
17, 107, 14 | 0.4484923076923077 | 0.16417910447761194
17, 44, 54 | 0.4411076923076923 | 0.05714285714285714
17, 44, 14 | 0.42683076923076924 | 0.12313432835820895
17, 44, 41 | 0.4224 | 0.13740458015267176
17, 44, 15 | 0.41304615384615384 | 0.20384615384615384
17, 117, 54 | 0.4278153846153846 | 0.0
17, 117, 14 | 0.3894153846153846 | 0.2462686567164179
17, 117, 41 | 0.39729230769230767 | 0.16793893129770993
17, 117, 15 | 0.41796923076923076 | 0.0
17, 54, 14 | 0.4544 | 0.0
17, 14, 41 | 0.41403076923076926 | 0.24427480916030533
17, 14, 15 | 0.44455384615384613 | 0.0
17, 41, 15 | 0.40024615384615386 | 0.18461538461538463
101, 17, 37 | 0.5469538461538461 | 0.0
101, 17, 107 | 0.5213538461538462 | 0.11538461538461539
101, 17, 44 | 0.4987076923076923 | 0.23460898502495842
101, 17, 54 | 0.5233230769230769 | 0.0
101, 17, 41 | 0.4967384615384615 | 0.13740458015267176
101, 17, 15 | 0.4996923076923077 | 0.1076923076923077
101, 37, 44 | 0.47384615384615386 | 0.24625623960066556
101, 37, 41 | 0.4608 | 0.2366412213740458
101, 37, 119 | 0.4568615384615385 | 0.07692307692307693
101, 37, 7 | 0.4499692307692308 | 0.14009661835748793
101, 107, 44 | 0.44972307692307695 | 0.23627287853577372
101, 107, 41 | 0.4352 | 0.2366412213740458
101, 107, 119 | 0.43913846153846153 | 0.0
101, 107, 7 | 0.4327384615384615 | 0.057971014492753624
101, 44, 54 | 0.46547692307692307 | 0.05714285714285714
101, 44, 41 | 0.4644923076923077 | 0.0
101, 44, 15 | 0.42806153846153844 | 0.27692307692307694
101, 44, 119 | 0.4305230769230769 | 0.07211538461538461
101, 44, 7 | 0.4249846153846154 | 0.12198067632850242
101, 54, 41 | 0.43323076923076925 | 0.26717557251908397
101, 54, 119 | 0.4411076923076923 | 0.0
101, 54, 7 | 0.44061538461538463 | 0.0
101, 41, 15 | 0.4204307692307692 | 0.2923076923076923
101, 41, 119 | 0.4243692307692308 | 0.07692307692307693
101, 41, 7 | 0.4297846153846154 | 0.01932367149758454
101, 15, 119 | 0.4164923076923077 | 0.009615384615384616
101, 15, 7 | 0.4108307692307692 | 0.06038647342995169
111, 17, 37 | 0.5213538461538462 | 0.0
111, 17, 107 | 0.513476923076923 | 0.0
111, 17, 54 | 0.4918153846153846 | 0.04285714285714286
111, 17, 15 | 0.4868923076923077 | 0.007692307692307693
111, 37, 117 | 0.4775384615384615 | 0.2517482517482518
111, 37, 119 | 0.4667076923076923 | 0.07692307692307693
111, 37, 7 | 0.45932307692307695 | 0.14492753623188406
111, 107, 117 | 0.4637538461538461 | 0.2937062937062937
111, 107, 119 | 0.4667076923076923 | 0.0
111, 107, 7 | 0.4598153846153846 | 0.06280193236714976
111, 44, 117 | 0.42486153846153846 | 0.27972027972027974
111, 44, 54 | 0.44750769230769233 | 0.1
111, 44, 41 | 0.4204307692307692 | 0.2480916030534351
111, 44, 15 | 0.4246153846153846 | 0.20961538461538462
111, 44, 119 | 0.41846153846153844 | 0.07211538461538461
111, 44, 7 | 0.41292307692307695 | 0.12198067632850242
111, 117, 54 | 0.448 | 0.04285714285714286
111, 117, 41 | 0.41107692307692306 | 0.2633587786259542
111, 117, 15 | 0.4430769230769231 | 0.007692307692307693
111, 117, 119 | 0.41846153846153844 | 0.0
111, 117, 7 | 0.39384615384615385 | 0.23671497584541062
111, 54, 119 | 0.44504615384615387 | 0.0
111, 54, 7 | 0.44406153846153845 | 0.004830917874396135
111, 41, 15 | 0.41107692307692306 | 0.19230769230769232
111, 41, 119 | 0.40221538461538464 | 0.07692307692307693
111, 41, 7 | 0.40713846153846156 | 0.024154589371980676
111, 15, 119 | 0.43913846153846153 | 0.009615384615384616
111, 15, 7 | 0.4329846153846154 | 0.06521739130434782
48, 111, 37 | 0.5848615384615384 | 0.0
48, 111, 107 | 0.5769846153846154 | 0.0
48, 111, 44 | 0.5361230769230769 | 0.23793677204658903
48, 111, 54 | 0.5553230769230769 | 0.04285714285714286
48, 111, 41 | 0.5203692307692308 | 0.2480916030534351
48, 111, 15 | 0.5504 | 0.007692307692307693
48, 101, 37 | 0.5750153846153846 | 0.0
48, 101, 107 | 0.5494153846153846 | 0.11538461538461539
48, 101, 44 | 0.5481846153846154 | 0.08985024958402663
48, 101, 54 | 0.5513846153846154 | 0.0
48, 101, 41 | 0.5425230769230769 | 0.0
48, 101, 15 | 0.5277538461538461 | 0.1076923076923077
48, 43, 37 | 0.5154461538461539 | 0.2621951219512195
48, 43, 107 | 0.5154461538461539 | 0.22435897435897437
48, 43, 44 | 0.5442461538461538 | 0.0
48, 43, 54 | 0.4996923076923077 | 0.25
48, 43, 14 | 0.49575384615384616 | 0.2462686567164179
48, 43, 41 | 0.5252923076923077 | 0.0
48, 43, 15 | 0.4982153846153846 | 0.20384615384615384
48, 37, 95 | 0.5336615384615384 | 0.0
48, 37, 44 | 0.49895384615384614 | 0.15640599001663893
48, 37, 14 | 0.4992 | 0.05223880597014925
48, 37, 41 | 0.4726153846153846 | 0.2366412213740458
48, 95, 107 | 0.5257846153846154 | 0.0
48, 95, 44 | 0.5201230769230769 | 0.0
48, 95, 54 | 0.5100307692307692 | 0.0
48, 95, 41 | 0.5011692307692308 | 0.0
48, 95, 15 | 0.5001846153846153 | 0.0
48, 107, 44 | 0.48664615384615384 | 0.18635607321131448
48, 107, 14 | 0.47655384615384616 | 0.16417910447761194
48, 107, 41 | 0.46473846153846154 | 0.2366412213740458
48, 44, 54 | 0.4905846153846154 | 0.05714285714285714
48, 44, 14 | 0.4763076923076923 | 0.12313432835820895
48, 44, 41 | 0.4896 | 0.0
48, 44, 15 | 0.4625230769230769 | 0.20384615384615384
48, 54, 14 | 0.48246153846153844 | 0.0
48, 54, 41 | 0.44504615384615387 | 0.26717557251908397
48, 14, 41 | 0.4598153846153846 | 0.10687022900763359
48, 14, 15 | 0.4726153846153846 | 0.0
48, 41, 15 | 0.44603076923076923 | 0.18461538461538463
16, 48, 107 | 0.5582769230769231 | 0.22435897435897437
16, 48, 44 | 0.5585230769230769 | 0.1930116472545757
16, 48, 54 | 0.5395692307692308 | 0.2714285714285714
16, 48, 14 | 0.571076923076923 | 0.0
16, 48, 41 | 0.5390769230769231 | 0.22519083969465647
16, 48, 15 | 0.5671384615384616 | 0.0
16, 17, 107 | 0.5302153846153846 | 0.22435897435897437
16, 17, 54 | 0.5115076923076923 | 0.2714285714285714
16, 17, 14 | 0.5430153846153846 | 0.0
16, 17, 15 | 0.5390769230769231 | 0.0
16, 107, 117 | 0.45292307692307693 | 0.23776223776223776
16, 107, 14 | 0.45587692307692307 | 0.16417910447761194
16, 107, 119 | 0.448 | 0.0
16, 107, 7 | 0.43864615384615385 | 0.08695652173913043
16, 44, 117 | 0.4512 | 0.2517482517482518
16, 44, 14 | 0.46153846153846156 | 0.12313432835820895
16, 44, 41 | 0.4457846153846154 | 0.22519083969465647
16, 44, 15 | 0.44775384615384617 | 0.20384615384615384
16, 44, 119 | 0.44086153846153847 | 0.07211538461538461
16, 44, 7 | 0.43138461538461537 | 0.1606280193236715
16, 117, 54 | 0.44012307692307695 | 0.2714285714285714
16, 117, 14 | 0.43913846153846153 | 0.2462686567164179
16, 117, 41 | 0.4356923076923077 | 0.25572519083969464
16, 117, 15 | 0.4676923076923077 | 0.0
16, 117, 119 | 0.4420923076923077 | 0.0
16, 117, 7 | 0.41181538461538464 | 0.2922705314009662
16, 54, 14 | 0.4588307692307692 | 0.0
16, 54, 119 | 0.4292923076923077 | 0.0
16, 54, 7 | 0.4228923076923077 | 0.057971014492753624
16, 14, 15 | 0.4864 | 0.0
16, 14, 119 | 0.4598153846153846 | 0.009615384615384616
16, 14, 7 | 0.45366153846153845 | 0.06521739130434782
16, 41, 15 | 0.4307692307692308 | 0.18461538461538463
16, 41, 119 | 0.4209230769230769 | 0.07692307692307693
16, 41, 7 | 0.4204307692307692 | 0.07729468599033816
16, 15, 119 | 0.45587692307692307 | 0.009615384615384616
16, 15, 7 | 0.4443076923076923 | 0.11835748792270531
69, 16, 107 | 0.5257846153846154 | 0.22435897435897437
69, 16, 44 | 0.5142153846153846 | 0.27287853577371046
69, 16, 54 | 0.5070769230769231 | 0.2714285714285714
69, 16, 14 | 0.512 | 0.20149253731343283
69, 16, 15 | 0.5346461538461539 | 0.0
69, 111, 37 | 0.5405538461538462 | 0.0
69, 111, 107 | 0.532676923076923 | 0.0
69, 111, 44 | 0.4829538461538462 | 0.2978369384359401
69, 111, 54 | 0.5110153846153846 | 0.04285714285714286
69, 111, 15 | 0.5060923076923077 | 0.007692307692307693
69, 101, 37 | 0.5395692307692308 | 0.0
69, 101, 107 | 0.5139692307692307 | 0.11538461538461539
69, 101, 44 | 0.49501538461538463 | 0.2096505823627288
69, 101, 54 | 0.5159384615384616 | 0.0
69, 101, 41 | 0.48935384615384614 | 0.13740458015267176
69, 101, 15 | 0.49230769230769234 | 0.1076923076923077
69, 43, 37 | 0.49772307692307693 | 0.2621951219512195
69, 43, 107 | 0.49772307692307693 | 0.22435897435897437
69, 43, 44 | 0.5088 | 0.11980033277870217
69, 43, 54 | 0.48196923076923076 | 0.25
69, 43, 41 | 0.4898461538461538 | 0.13740458015267176
69, 43, 15 | 0.4804923076923077 | 0.20384615384615384
69, 37, 44 | 0.49895384615384614 | 0.2762063227953411
69, 37, 14 | 0.49033846153846156 | 0.2537313432835821
69, 44, 54 | 0.4905846153846154 | 0.05714285714285714
69, 44, 41 | 0.4718769230769231 | 0.13740458015267176
69, 44, 15 | 0.4625230769230769 | 0.20384615384615384
69, 54, 14 | 0.4736 | 0.20149253731343283
69, 14, 41 | 0.43323076923076925 | 0.24427480916030533
69, 14, 15 | 0.4637538461538461 | 0.0
69, 41, 15 | 0.44603076923076923 | 0.18461538461538463
77, 16, 107 | 0.5257846153846154 | 0.22435897435897437
77, 16, 44 | 0.5142153846153846 | 0.27287853577371046
77, 16, 54 | 0.5070769230769231 | 0.2714285714285714
77, 16, 14 | 0.512 | 0.20149253731343283
77, 16, 15 | 0.5346461538461539 | 0.0
77, 111, 37 | 0.5405538461538462 | 0.0
77, 111, 107 | 0.532676923076923 | 0.0
77, 111, 44 | 0.4829538461538462 | 0.2978369384359401
77, 111, 54 | 0.5110153846153846 | 0.04285714285714286
77, 111, 15 | 0.5060923076923077 | 0.007692307692307693
77, 101, 37 | 0.5395692307692308 | 0.0
77, 101, 107 | 0.5139692307692307 | 0.11538461538461539
77, 101, 44 | 0.49501538461538463 | 0.2096505823627288
77, 101, 54 | 0.5159384615384616 | 0.0
77, 101, 41 | 0.48935384615384614 | 0.13740458015267176
77, 101, 15 | 0.49230769230769234 | 0.1076923076923077
77, 43, 37 | 0.49772307692307693 | 0.2621951219512195
77, 43, 107 | 0.49772307692307693 | 0.22435897435897437
77, 43, 44 | 0.5088 | 0.11980033277870217
77, 43, 54 | 0.48196923076923076 | 0.25
77, 43, 41 | 0.4898461538461538 | 0.13740458015267176
77, 43, 15 | 0.4804923076923077 | 0.20384615384615384
77, 37, 44 | 0.49895384615384614 | 0.2762063227953411
77, 37, 14 | 0.49033846153846156 | 0.2537313432835821
77, 44, 54 | 0.4905846153846154 | 0.05714285714285714
77, 44, 41 | 0.4718769230769231 | 0.13740458015267176
77, 44, 15 | 0.4625230769230769 | 0.20384615384615384
77, 54, 14 | 0.4736 | 0.20149253731343283
77, 14, 41 | 0.43323076923076925 | 0.24427480916030533
77, 14, 15 | 0.4637538461538461 | 0.0
77, 41, 15 | 0.44603076923076923 | 0.18461538461538463
98, 77, 101 | 0.5730461538461539 | 0.2647058823529412
98, 69, 101 | 0.5730461538461539 | 0.2647058823529412
98, 16, 48 | 0.6114461538461539 | 0.0
98, 16, 17 | 0.5479384615384615 | 0.192
98, 16, 117 | 0.5060923076923077 | 0.23776223776223776
98, 16, 14 | 0.5090461538461538 | 0.16417910447761194
98, 16, 119 | 0.5011692307692308 | 0.0
98, 16, 7 | 0.4947692307692308 | 0.057971014492753624
98, 48, 111 | 0.5917538461538462 | 0.29439252336448596
98, 48, 101 | 0.6439384615384616 | 0.0
98, 48, 43 | 0.576 | 0.2761394101876676
98, 48, 95 | 0.6025846153846154 | 0.0
98, 48, 44 | 0.5486769230769231 | 0.28618968386023297
98, 48, 14 | 0.5533538461538462 | 0.16417910447761194
98, 111, 17 | 0.510523076923077 | 0.288
98, 111, 117 | 0.4814769230769231 | 0.2727272727272727
98, 111, 119 | 0.4814769230769231 | 0.0
98, 111, 7 | 0.4804923076923077 | 0.004830917874396135
98, 101, 17 | 0.5804307692307692 | 0.192
98, 101, 119 | 0.5336615384615384 | 0.0
98, 101, 7 | 0.5331692307692307 | 0.0
98, 17, 95 | 0.5390769230769231 | 0.0
98, 17, 117 | 0.4790153846153846 | 0.2937062937062937
98, 17, 14 | 0.4898461538461538 | 0.16417910447761194
98, 43, 44 | 0.46892307692307694 | 0.28618968386023297
98, 43, 117 | 0.47852307692307694 | 0.18181818181818182
98, 43, 119 | 0.4657230769230769 | 0.0
98, 43, 7 | 0.46129230769230767 | 0.03864734299516908
98, 95, 44 | 0.4955076923076923 | 0.28618968386023297
98, 95, 119 | 0.49230769230769234 | 0.0
98, 95, 7 | 0.4918153846153846 | 0.0
98, 44, 117 | 0.464 | 0.09090909090909091
98, 44, 14 | 0.43593846153846155 | 0.24253731343283583
98, 44, 119 | 0.43101538461538463 | 0.07211538461538461
98, 44, 7 | 0.4254769230769231 | 0.12198067632850242
98, 117, 119 | 0.4676923076923077 | 0.0
98, 117, 7 | 0.44332307692307693 | 0.23429951690821257
98, 14, 119 | 0.4420923076923077 | 0.009615384615384616
98, 14, 7 | 0.44184615384615383 | 0.007246376811594203
99, 98, 48 | 0.6852923076923076 | 0.0
99, 98, 101 | 0.6734769230769231 | 0.0
99, 98, 95 | 0.6321230769230769 | 0.0
99, 98, 117 | 0.6016 | 0.08391608391608392
99, 98, 119 | 0.5691076923076923 | 0.057692307692307696
99, 98, 7 | 0.5730461538461539 | 0.014492753623188406
99, 77, 101 | 0.5848615384615384 | 0.2647058823529412
99, 69, 101 | 0.5848615384615384 | 0.2647058823529412
99, 16, 48 | 0.6232615384615384 | 0.0
99, 16, 17 | 0.5597538461538462 | 0.192
99, 16, 117 | 0.5179076923076923 | 0.23776223776223776
99, 16, 14 | 0.5179076923076923 | 0.1865671641791045
99, 16, 119 | 0.5070769230769231 | 0.057692307692307696
99, 16, 7 | 0.5051076923076923 | 0.07246376811594203
99, 48, 111 | 0.6035692307692307 | 0.29439252336448596
99, 48, 101 | 0.6557538461538461 | 0.0
99, 48, 43 | 0.5858461538461538 | 0.2868632707774799
99, 48, 95 | 0.6144 | 0.0
99, 48, 44 | 0.5585230769230769 | 0.2995008319467554
99, 48, 14 | 0.5622153846153846 | 0.1865671641791045
99, 111, 17 | 0.5223384615384615 | 0.288
99, 111, 117 | 0.4932923076923077 | 0.2727272727272727
99, 111, 119 | 0.48738461538461536 | 0.057692307692307696
99, 111, 7 | 0.49083076923076924 | 0.01932367149758454
99, 101, 17 | 0.5922461538461539 | 0.192
99, 101, 119 | 0.5395692307692308 | 0.057692307692307696
99, 101, 7 | 0.5435076923076924 | 0.014492753623188406
99, 17, 95 | 0.5508923076923077 | 0.0
99, 17, 117 | 0.49083076923076924 | 0.2937062937062937
99, 17, 14 | 0.4987076923076923 | 0.1865671641791045
99, 43, 44 | 0.4768 | 0.2995008319467554
99, 43, 117 | 0.4883692307692308 | 0.18181818181818182
99, 43, 119 | 0.46966153846153846 | 0.057692307692307696
99, 43, 7 | 0.46966153846153846 | 0.05314009661835749
99, 95, 44 | 0.5053538461538462 | 0.2995008319467554
99, 95, 119 | 0.4982153846153846 | 0.057692307692307696
99, 95, 7 | 0.5021538461538462 | 0.014492753623188406
99, 44, 117 | 0.47384615384615386 | 0.09090909090909091
99, 44, 14 | 0.4438153846153846 | 0.2574626865671642
99, 44, 119 | 0.43495384615384614 | 0.12980769230769232
99, 44, 7 | 0.4338461538461538 | 0.13647342995169082
99, 117, 119 | 0.4736 | 0.057692307692307696
99, 117, 7 | 0.45366153846153845 | 0.24879227053140096
99, 14, 119 | 0.44504615384615387 | 0.0673076923076923
99, 14, 7 | 0.4492307692307692 | 0.021739130434782608
114, 48, 111 | 0.6552615384615385 | 0.1542056074766355
114, 48, 44 | 0.5900307692307692 | 0.23627287853577372
114, 111, 17 | 0.5917538461538462 | 0.192
114, 111, 117 | 0.5479384615384615 | 0.2517482517482518
114, 111, 119 | 0.5449846153846154 | 0.0
114, 111, 7 | 0.5321846153846154 | 0.12077294685990338
114, 17, 117 | 0.5543384615384616 | 0.2517482517482518
114, 44, 117 | 0.5092923076923077 | 0.06293706293706294
114, 44, 119 | 0.47236923076923076 | 0.07211538461538461
114, 44, 7 | 0.45895384615384616 | 0.19927536231884058
114, 117, 119 | 0.5075692307692308 | 0.0
29, 114, 17 | 0.6084923076923077 | 0.192
29, 114, 44 | 0.5664 | 0.2762063227953411
29, 114, 119 | 0.5380923076923076 | 0.23076923076923078
29, 99, 98 | 0.7384615384615385 | 0.0
29, 99, 119 | 0.5809230769230769 | 0.28846153846153844
29, 99, 7 | 0.5848615384615384 | 0.2463768115942029
29, 98, 119 | 0.5750153846153846 | 0.23076923076923078
29, 98, 7 | 0.5745230769230769 | 0.2318840579710145
29, 17, 37 | 0.5764923076923076 | 0.0
29, 17, 107 | 0.5508923076923077 | 0.11538461538461539
29, 17, 44 | 0.529723076923077 | 0.22462562396006655
29, 17, 54 | 0.5528615384615385 | 0.0
29, 17, 41 | 0.5262769230769231 | 0.13740458015267176
29, 17, 15 | 0.5312 | 0.09230769230769231
29, 37, 44 | 0.5403076923076923 | 0.23627287853577372
29, 37, 41 | 0.5257846153846154 | 0.2366412213740458
29, 107, 44 | 0.5161846153846154 | 0.22628951747088186
29, 107, 41 | 0.5001846153846153 | 0.2366412213740458
29, 107, 119 | 0.4804923076923077 | 0.23076923076923078
29, 107, 7 | 0.4740923076923077 | 0.2898550724637681
29, 44, 54 | 0.5319384615384616 | 0.05714285714285714
29, 44, 41 | 0.5309538461538461 | 0.0
29, 44, 15 | 0.496 | 0.2653846153846154
29, 54, 41 | 0.4982153846153846 | 0.26717557251908397
29, 54, 119 | 0.48246153846153844 | 0.23076923076923078
29, 54, 7 | 0.48196923076923076 | 0.2318840579710145
29, 41, 15 | 0.48738461538461536 | 0.27692307692307694
29, 41, 7 | 0.47113846153846156 | 0.25120772946859904
29, 15, 119 | 0.4598153846153846 | 0.2403846153846154
29, 15, 7 | 0.45415384615384613 | 0.2922705314009662
13, 29, 98 | 0.6739692307692308 | 0.2948717948717949
13, 29, 17 | 0.660676923076923 | 0.192
13, 29, 37 | 0.638523076923077 | 0.21341463414634146
13, 29, 15 | 0.6276923076923077 | 0.09230769230769231
13, 114, 17 | 0.6848 | 0.0
13, 98, 16 | 0.6119384615384615 | 0.2565217391304348
13, 98, 101 | 0.6444307692307693 | 0.0
13, 98, 17 | 0.5927384615384615 | 0.192
13, 98, 95 | 0.6030769230769231 | 0.0
13, 98, 14 | 0.5538461538461539 | 0.16417910447761194
13, 16, 17 | 0.6921846153846154 | 0.0
13, 16, 14 | 0.6395076923076923 | 0.0
13, 16, 15 | 0.6355692307692308 | 0.0
13, 111, 17 | 0.5942153846153846 | 0.192
13, 111, 37 | 0.5720615384615385 | 0.21341463414634146
13, 111, 107 | 0.5691076923076923 | 0.19230769230769232
13, 111, 15 | 0.5720615384615385 | 0.007692307692307693
13, 101, 17 | 0.6665846153846153 | 0.0
13, 101, 37 | 0.6089846153846153 | 0.21341463414634146
13, 101, 15 | 0.5961846153846154 | 0.1076923076923077
13, 17, 43 | 0.5966769230769231 | 0.2868632707774799
13, 17, 37 | 0.5927384615384615 | 0.21341463414634146
13, 17, 95 | 0.6252307692307693 | 0.0
13, 17, 107 | 0.5897846153846154 | 0.19230769230769232
13, 17, 14 | 0.5976615384615385 | 0.0
13, 17, 15 | 0.5937230769230769 | 0.0
13, 43, 44 | 0.5405538461538462 | 0.2512479201331115
13, 43, 14 | 0.5292307692307693 | 0.2462686567164179
13, 43, 15 | 0.5316923076923077 | 0.20384615384615384
13, 37, 95 | 0.5676307692307693 | 0.0
13, 37, 14 | 0.5331692307692307 | 0.05223880597014925
13, 95, 107 | 0.5646769230769231 | 0.19230769230769232
13, 95, 44 | 0.5513846153846154 | 0.2512479201331115
13, 95, 15 | 0.5686153846153846 | 0.0
13, 107, 14 | 0.5154461538461539 | 0.16417910447761194
13, 44, 14 | 0.5075692307692308 | 0.12313432835820895
13, 44, 15 | 0.4937846153846154 | 0.20384615384615384
13, 14, 15 | 0.5410461538461538 | 0.0
66, 13, 98 | 0.6739692307692308 | 0.2948717948717949
66, 13, 17 | 0.6429538461538462 | 0.288
66, 13, 107 | 0.6267076923076923 | 0.25
66, 13, 44 | 0.6163692307692308 | 0.2911813643926789
66, 13, 15 | 0.6306461538461539 | 0.06923076923076923
66, 114, 17 | 0.6084923076923077 | 0.288
66, 114, 44 | 0.5900307692307692 | 0.23627287853577372
66, 99, 98 | 0.7561846153846153 | 0.0
66, 17, 37 | 0.5587692307692308 | 0.10975609756097561
66, 17, 107 | 0.5597538461538462 | 0.057692307692307696
66, 17, 44 | 0.5356307692307692 | 0.18469217970049917
66, 17, 54 | 0.5528615384615385 | 0.0
66, 17, 41 | 0.5262769230769231 | 0.13740458015267176
66, 17, 15 | 0.5341538461538462 | 0.06923076923076923
66, 37, 44 | 0.5521230769230769 | 0.15640599001663893
66, 37, 41 | 0.5257846153846154 | 0.2366412213740458
66, 107, 44 | 0.545723076923077 | 0.20632279534109818
66, 107, 41 | 0.5267692307692308 | 0.2366412213740458
66, 44, 54 | 0.5555692307692308 | 0.05714285714285714
66, 44, 41 | 0.5545846153846153 | 0.0
66, 44, 15 | 0.5216 | 0.25
66, 54, 41 | 0.5159384615384616 | 0.26717557251908397
66, 41, 15 | 0.5080615384615385 | 0.25384615384615383
11, 13, 17 | 0.6562461538461538 | 0.192
11, 13, 15 | 0.6035692307692307 | 0.24615384615384617
11, 29, 119 | 0.5474461538461538 | 0.25961538461538464
11, 77, 107 | 0.5691076923076923 | 0.25
11, 77, 15 | 0.5504 | 0.24615384615384617
11, 69, 107 | 0.5691076923076923 | 0.25
11, 69, 15 | 0.5504 | 0.24615384615384617
11, 48, 107 | 0.6134153846153846 | 0.25
11, 48, 44 | 0.6067692307692307 | 0.26622296173044924
11, 48, 15 | 0.5947076923076923 | 0.24615384615384617
11, 17, 107 | 0.5499076923076923 | 0.25
11, 17, 15 | 0.5312 | 0.24615384615384617
11, 107, 117 | 0.5090461538461538 | 0.23076923076923078
11, 107, 119 | 0.5001846153846153 | 0.028846153846153848
11, 107, 7 | 0.49230769230769234 | 0.10144927536231885
11, 44, 117 | 0.4994461538461539 | 0.2517482517482518
11, 44, 119 | 0.4891076923076923 | 0.07211538461538461
11, 44, 7 | 0.47963076923076925 | 0.1606280193236715
11, 117, 15 | 0.49624615384615384 | 0.24615384615384617
11, 117, 119 | 0.4992 | 0.028846153846153848
11, 15, 119 | 0.4804923076923077 | 0.038461538461538464
11, 15, 7 | 0.4733538461538462 | 0.10386473429951691
61, 13, 98 | 0.6788923076923077 | 0.2948717948717949
61, 13, 17 | 0.6464 | 0.296
61, 13, 107 | 0.6316307692307692 | 0.25
61, 13, 15 | 0.6355692307692308 | 0.06923076923076923
61, 114, 17 | 0.6153846153846154 | 0.296
61, 114, 44 | 0.5922461538461539 | 0.2778702163061564
61, 99, 98 | 0.7645538461538461 | 0.0
61, 17, 37 | 0.5656615384615384 | 0.10975609756097561
61, 17, 107 | 0.5666461538461538 | 0.057692307692307696
61, 17, 44 | 0.5371076923076923 | 0.22129783693843594
61, 17, 54 | 0.5597538461538462 | 0.0
61, 17, 41 | 0.5331692307692307 | 0.13740458015267176
61, 17, 15 | 0.5410461538461538 | 0.06923076923076923
61, 37, 44 | 0.5543384615384616 | 0.19800332778702162
61, 37, 41 | 0.5341538461538462 | 0.2366412213740458
61, 107, 44 | 0.5479384615384615 | 0.24792013311148087
61, 107, 41 | 0.5351384615384616 | 0.2366412213740458
61, 44, 54 | 0.5577846153846154 | 0.05714285714285714
61, 44, 41 | 0.5568 | 0.0
61, 44, 15 | 0.5238153846153846 | 0.25
61, 54, 41 | 0.5243076923076923 | 0.26717557251908397
61, 41, 15 | 0.5164307692307692 | 0.25384615384615383
102, 29, 99 | 0.7310769230769231 | 0.0
102, 29, 98 | 0.7192615384615385 | 0.0
102, 29, 37 | 0.6070153846153846 | 0.2682926829268293
102, 29, 107 | 0.6070153846153846 | 0.23076923076923078
102, 29, 54 | 0.6267076923076923 | 0.0
102, 29, 41 | 0.6178461538461538 | 0.0
102, 29, 15 | 0.5863384615384616 | 0.23846153846153847
102, 114, 111 | 0.6971076923076923 | 0.17289719626168223
102, 99, 98 | 0.766523076923077 | 0.0
102, 99, 101 | 0.7369846153846153 | 0.0
102, 99, 95 | 0.6956307692307693 | 0.0
102, 99, 14 | 0.6404923076923077 | 0.208955223880597
102, 98, 101 | 0.7251692307692308 | 0.0
102, 98, 95 | 0.6838153846153846 | 0.0
102, 98, 14 | 0.6316307692307692 | 0.1865671641791045
102, 16, 107 | 0.6119384615384615 | 0.28205128205128205
102, 16, 54 | 0.6020923076923077 | 0.2714285714285714
102, 16, 14 | 0.6306461538461539 | 0.022388059701492536
102, 16, 41 | 0.6016 | 0.22519083969465647
102, 16, 15 | 0.6109538461538462 | 0.14615384615384616
102, 111, 37 | 0.6188307692307692 | 0.2682926829268293
102, 111, 107 | 0.6365538461538461 | 0.11538461538461539
102, 111, 54 | 0.6326153846153846 | 0.04285714285714286
102, 111, 41 | 0.5976615384615385 | 0.2480916030534351
102, 111, 15 | 0.6089846153846153 | 0.15384615384615385
102, 101, 37 | 0.6129230769230769 | 0.2682926829268293
102, 101, 107 | 0.6129230769230769 | 0.23076923076923078
102, 101, 54 | 0.6326153846153846 | 0.0
102, 101, 41 | 0.6237538461538461 | 0.0
102, 101, 15 | 0.590276923076923 | 0.25384615384615383
102, 43, 44 | 0.5705846153846154 | 0.2911813643926789
102, 43, 54 | 0.5691076923076923 | 0.25
102, 43, 14 | 0.5622153846153846 | 0.26865671641791045
102, 43, 41 | 0.5947076923076923 | 0.0
102, 37, 95 | 0.5715692307692307 | 0.0
102, 37, 14 | 0.5351384615384616 | 0.06716417910447761
102, 37, 41 | 0.510523076923077 | 0.2366412213740458
102, 95, 107 | 0.5892923076923077 | 0.11538461538461539
102, 95, 44 | 0.5582769230769231 | 0.2911813643926789
102, 95, 54 | 0.5912615384615385 | 0.0
102, 95, 41 | 0.5824 | 0.0
102, 95, 15 | 0.5627076923076924 | 0.14615384615384616
102, 107, 14 | 0.5371076923076923 | 0.1865671641791045
102, 107, 41 | 0.5282461538461538 | 0.2366412213740458
102, 44, 54 | 0.5287384615384615 | 0.05714285714285714
102, 44, 14 | 0.5139692307692307 | 0.12686567164179105
102, 44, 41 | 0.5277538461538461 | 0.0
102, 44, 15 | 0.48886153846153846 | 0.29615384615384616
102, 54, 14 | 0.5607384615384615 | 0.022388059701492536
102, 54, 41 | 0.5262769230769231 | 0.26717557251908397
102, 14, 41 | 0.5380923076923076 | 0.10687022900763359
102, 14, 15 | 0.5321846153846154 | 0.14615384615384616
58, 29, 99 | 0.7364923076923077 | 0.024390243902439025
58, 29, 98 | 0.7305846153846154 | 0.0
58, 29, 37 | 0.6262153846153846 | 0.21951219512195122
58, 29, 107 | 0.6183384615384615 | 0.23076923076923078
58, 29, 44 | 0.6072615384615384 | 0.2762063227953411
58, 29, 54 | 0.6380307692307692 | 0.0
58, 29, 41 | 0.6212923076923077 | 0.061068702290076333
58, 29, 15 | 0.5966769230769231 | 0.24615384615384617
58, 114, 111 | 0.7094153846153847 | 0.16822429906542055
58, 99, 98 | 0.7719384615384616 | 0.0
58, 99, 101 | 0.7364923076923077 | 0.029411764705882353
58, 99, 95 | 0.7010461538461539 | 0.0
58, 99, 14 | 0.6468923076923077 | 0.20149253731343283
58, 98, 101 | 0.7305846153846154 | 0.029411764705882353
58, 98, 95 | 0.6951384615384616 | 0.0
58, 98, 14 | 0.6439384615384616 | 0.1791044776119403
58, 16, 107 | 0.6242461538461539 | 0.28205128205128205
58, 16, 54 | 0.6144 | 0.2714285714285714
58, 16, 14 | 0.6439384615384616 | 0.014925373134328358
58, 16, 41 | 0.6060307692307693 | 0.2862595419847328
58, 16, 15 | 0.6222769230769231 | 0.15384615384615385
58, 111, 37 | 0.6390153846153847 | 0.21951219512195122
58, 111, 107 | 0.6488615384615385 | 0.11538461538461539
58, 111, 54 | 0.6449230769230769 | 0.04285714285714286
58, 111, 15 | 0.6212923076923077 | 0.15384615384615385
58, 101, 37 | 0.6262153846153846 | 0.21951219512195122
58, 101, 107 | 0.6183384615384615 | 0.23076923076923078
58, 101, 44 | 0.6072615384615384 | 0.2762063227953411
58, 101, 54 | 0.6380307692307692 | 0.0
58, 101, 41 | 0.6212923076923077 | 0.061068702290076333
58, 101, 15 | 0.5966769230769231 | 0.24615384615384617
58, 43, 44 | 0.5944615384615385 | 0.19633943427620631
58, 43, 54 | 0.5789538461538462 | 0.25
58, 43, 14 | 0.5730461538461539 | 0.26119402985074625
58, 43, 41 | 0.5966769230769231 | 0.061068702290076333
58, 37, 95 | 0.5907692307692308 | 0.0
58, 37, 44 | 0.5388307692307692 | 0.27287853577371046
58, 37, 14 | 0.5543384615384616 | 0.06716417910447761
58, 37, 41 | 0.5218461538461538 | 0.29770992366412213
58, 95, 107 | 0.6006153846153847 | 0.11538461538461539
58, 95, 44 | 0.5836307692307693 | 0.19633943427620631
58, 95, 54 | 0.6025846153846154 | 0.0
58, 95, 41 | 0.5858461538461538 | 0.061068702290076333
58, 95, 15 | 0.5730461538461539 | 0.15384615384615385
58, 107, 14 | 0.5494153846153846 | 0.1791044776119403
58, 107, 41 | 0.5316923076923077 | 0.29770992366412213
58, 44, 54 | 0.5540923076923077 | 0.05714285714285714
58, 44, 14 | 0.5398153846153846 | 0.12313432835820895
58, 44, 41 | 0.5452307692307692 | 0.061068702290076333
58, 54, 14 | 0.5730461538461539 | 0.014925373134328358
58, 14, 41 | 0.5425230769230769 | 0.16793893129770993
58, 14, 15 | 0.5435076923076924 | 0.15384615384615385
38, 29, 99 | 0.7069538461538462 | 0.16260162601626016
38, 29, 98 | 0.7010461538461539 | 0.1452991452991453
38, 29, 37 | 0.6340923076923077 | 0.1951219512195122
38, 29, 107 | 0.6124307692307692 | 0.2948717948717949
38, 29, 44 | 0.6156307692307692 | 0.24625623960066556
38, 29, 41 | 0.6124307692307692 | 0.16030534351145037
38, 114, 111 | 0.7271384615384615 | 0.19626168224299065
38, 99, 98 | 0.7089230769230769 | 0.1452991452991453
38, 99, 16 | 0.6734769230769231 | 0.28695652173913044
38, 99, 101 | 0.7069538461538462 | 0.029411764705882353
38, 99, 95 | 0.6715076923076924 | 0.0
38, 99, 14 | 0.6134153846153846 | 0.23134328358208955
38, 98, 16 | 0.6675692307692308 | 0.28695652173913044
38, 98, 101 | 0.7010461538461539 | 0.029411764705882353
38, 98, 95 | 0.6656 | 0.0
38, 98, 14 | 0.6075076923076923 | 0.23134328358208955
38, 16, 14 | 0.6449230769230769 | 0.06716417910447761
38, 16, 15 | 0.6173538461538461 | 0.25384615384615383
38, 111, 37 | 0.6409846153846154 | 0.1951219512195122
38, 111, 107 | 0.6370461538461538 | 0.1794871794871795
38, 111, 15 | 0.6065230769230769 | 0.25384615384615383
38, 101, 37 | 0.6340923076923077 | 0.1951219512195122
38, 101, 107 | 0.6124307692307692 | 0.2948717948717949
38, 101, 44 | 0.6156307692307692 | 0.24625623960066556
38, 101, 41 | 0.6124307692307692 | 0.16030534351145037
38, 43, 44 | 0.5939692307692308 | 0.16638935108153077
38, 43, 14 | 0.5632 | 0.29850746268656714
38, 43, 41 | 0.5789538461538462 | 0.16030534351145037
38, 37, 95 | 0.5986461538461538 | 0.0
38, 37, 44 | 0.5506461538461539 | 0.24625623960066556
38, 37, 14 | 0.5622153846153846 | 0.06716417910447761
38, 95, 107 | 0.5947076923076923 | 0.1794871794871795
38, 95, 44 | 0.592 | 0.16638935108153077
38, 95, 41 | 0.5769846153846154 | 0.16030534351145037
38, 95, 15 | 0.5641846153846154 | 0.25384615384615383
38, 107, 14 | 0.5366153846153846 | 0.23134328358208955
38, 44, 14 | 0.5437538461538461 | 0.15671641791044777
38, 44, 41 | 0.5408 | 0.16030534351145037
38, 14, 41 | 0.5287384615384615 | 0.25190839694656486
38, 14, 15 | 0.5277538461538461 | 0.25384615384615383
9, 61, 99 | 0.7246769230769231 | 0.25609756097560976
9, 61, 98 | 0.7217230769230769 | 0.23076923076923078
9, 61, 41 | 0.6370461538461538 | 0.2824427480916031
9, 66, 99 | 0.7163076923076923 | 0.25609756097560976
9, 66, 98 | 0.7133538461538461 | 0.23076923076923078
9, 66, 41 | 0.628676923076923 | 0.2824427480916031
9, 29, 99 | 0.6897230769230769 | 0.25609756097560976
9, 29, 98 | 0.6867692307692308 | 0.23076923076923078
9, 29, 44 | 0.6156307692307692 | 0.28286189683860236
9, 29, 41 | 0.6020923076923077 | 0.2824427480916031
9, 99, 98 | 0.672 | 0.23076923076923078
9, 99, 101 | 0.6601846153846154 | 0.17647058823529413
9, 99, 95 | 0.6542769230769231 | 0.0
9, 99, 14 | 0.5927384615384615 | 0.2574626865671642
9, 98, 101 | 0.6572307692307693 | 0.17647058823529413
9, 98, 95 | 0.6513230769230769 | 0.0
9, 98, 14 | 0.5912615384615385 | 0.2462686567164179
9, 16, 14 | 0.6134153846153846 | 0.1417910447761194
9, 101, 44 | 0.5846153846153846 | 0.2928452579034942
9, 101, 41 | 0.5725538461538462 | 0.2824427480916031
9, 43, 44 | 0.5659076923076923 | 0.28286189683860236
9, 43, 41 | 0.5523692307692307 | 0.2824427480916031
9, 95, 44 | 0.5801846153846154 | 0.28286189683860236
9, 95, 41 | 0.5666461538461538 | 0.2824427480916031
9, 44, 14 | 0.5225846153846154 | 0.22761194029850745
9, 44, 41 | 0.5132307692307693 | 0.2824427480916031
94, 29, 99 | 0.7315692307692307 | 0.1951219512195122
94, 29, 98 | 0.7197538461538462 | 0.20512820512820512
94, 29, 44 | 0.6505846153846154 | 0.22961730449251247
94, 29, 41 | 0.6419692307692307 | 0.183206106870229
94, 99, 98 | 0.7197538461538462 | 0.20512820512820512
94, 99, 111 | 0.6852923076923076 | 0.29439252336448596
94, 99, 101 | 0.737476923076923 | 0.0
94, 99, 95 | 0.696123076923077 | 0.0
94, 99, 14 | 0.6409846153846154 | 0.208955223880597
94, 98, 111 | 0.6734769230769231 | 0.29439252336448596
94, 98, 101 | 0.7256615384615385 | 0.0
94, 98, 95 | 0.6843076923076923 | 0.0
94, 98, 14 | 0.6321230769230769 | 0.1865671641791045
94, 16, 14 | 0.6656 | 0.022388059701492536
94, 16, 15 | 0.6331076923076923 | 0.24615384615384617
94, 111, 15 | 0.6478769230769231 | 0.25384615384615383
94, 101, 44 | 0.6550153846153847 | 0.23960066555740434
94, 101, 41 | 0.6478769230769231 | 0.183206106870229
94, 43, 44 | 0.6274461538461539 | 0.1497504159733777
94, 43, 14 | 0.5981538461538461 | 0.26865671641791045
94, 43, 41 | 0.6070153846153846 | 0.183206106870229
94, 95, 44 | 0.6269538461538462 | 0.1497504159733777
94, 95, 41 | 0.6065230769230769 | 0.183206106870229
94, 95, 15 | 0.5976615384615385 | 0.24615384615384617
94, 44, 14 | 0.5826461538461538 | 0.12686567164179105
94, 44, 41 | 0.5728 | 0.183206106870229
94, 14, 41 | 0.5622153846153846 | 0.2900763358778626
94, 14, 15 | 0.5671384615384616 | 0.24615384615384617
116, 94, 101 | 0.7960615384615385 | 0.29411764705882354
116, 94, 14 | 0.7507692307692307 | 0.26865671641791045
116, 9, 117 | 0.7512615384615384 | 0.2692307692307692
116, 58, 114 | 0.8408615384615384 | 0.1340782122905028
116, 58, 101 | 0.7537230769230769 | 0.29411764705882354
116, 58, 107 | 0.736 | 0.19230769230769232
116, 58, 54 | 0.7497846153846154 | 0.0
116, 58, 14 | 0.7094153846153847 | 0.26119402985074625
116, 58, 15 | 0.7064615384615385 | 0.26153846153846155
116, 102, 114 | 0.8300307692307692 | 0.1340782122905028
116, 102, 101 | 0.7428923076923077 | 0.29411764705882354
116, 102, 107 | 0.7251692307692308 | 0.19230769230769232
116, 102, 54 | 0.7389538461538462 | 0.0
116, 102, 14 | 0.6976 | 0.26865671641791045
116, 102, 15 | 0.6946461538461538 | 0.2692307692307692
116, 29, 114 | 0.7699692307692307 | 0.2681564245810056
116, 29, 37 | 0.7143384615384616 | 0.14634146341463414
116, 29, 107 | 0.7005538461538462 | 0.19230769230769232
116, 29, 54 | 0.7143384615384616 | 0.0
116, 29, 15 | 0.676923076923077 | 0.2153846153846154
116, 29, 119 | 0.6552615384615385 | 0.23076923076923078
116, 114, 117 | 0.7926153846153846 | 0.0
116, 114, 119 | 0.7542153846153846 | 0.0
116, 101, 37 | 0.6670769230769231 | 0.14634146341463414
116, 101, 107 | 0.6532923076923077 | 0.19230769230769232
116, 101, 54 | 0.6670769230769231 | 0.0
116, 101, 15 | 0.6296615384615385 | 0.2153846153846154
116, 101, 119 | 0.6316307692307692 | 0.0
116, 101, 7 | 0.6048 | 0.2584541062801932
116, 37, 117 | 0.6660923076923077 | 0.0
116, 37, 14 | 0.6217846153846154 | 0.26865671641791045
116, 37, 119 | 0.6198153846153847 | 0.07692307692307693
116, 107, 117 | 0.6641230769230769 | 0.04195804195804196
116, 107, 119 | 0.6316307692307692 | 0.0
116, 117, 54 | 0.6660923076923077 | 0.0
116, 117, 15 | 0.6404923076923077 | 0.12307692307692308
116, 117, 119 | 0.6306461538461539 | 0.0
116, 54, 14 | 0.6227692307692307 | 0.26119402985074625
116, 54, 119 | 0.6276923076923077 | 0.0
116, 54, 7 | 0.6008615384615384 | 0.2584541062801932
116, 14, 15 | 0.5971692307692308 | 0.12307692307692308
116, 14, 119 | 0.5863384615384616 | 0.009615384615384616
116, 14, 7 | 0.5602461538461538 | 0.2608695652173913
116, 15, 119 | 0.6011076923076923 | 0.009615384615384616
6, 15, 7 | 0.5764923076923076 | 0.06038647342995169
10, 9, 11 | 0.9993846153846154 | 0.0
23, 94, 101 | 0.8989538461538461 | 0.17647058823529413
23, 94, 95 | 0.8930461538461538 | 0.0
23, 38, 101 | 0.8398769230769231 | 0.20588235294117646
23, 38, 37 | 0.8103384615384616 | 0.1951219512195122
23, 38, 95 | 0.8398769230769231 | 0.0
23, 58, 101 | 0.8566153846153847 | 0.20588235294117646
23, 58, 37 | 0.8103384615384616 | 0.29878048780487804
23, 58, 95 | 0.8566153846153847 | 0.0
23, 58, 54 | 0.8034461538461538 | 0.22857142857142856
23, 102, 101 | 0.846276923076923 | 0.17647058823529413
23, 102, 95 | 0.8403692307692308 | 0.0
23, 102, 54 | 0.7872 | 0.22857142857142856
23, 61, 37 | 0.8384 | 0.18902439024390244
23, 61, 54 | 0.8137846153846154 | 0.22857142857142856
23, 66, 37 | 0.8300307692307692 | 0.18902439024390244
23, 66, 54 | 0.8054153846153846 | 0.22857142857142856
23, 29, 37 | 0.7945846153846153 | 0.07926829268292683
23, 29, 54 | 0.7522461538461539 | 0.22857142857142856
23, 29, 119 | 0.7236923076923077 | 0.2403846153846154
23, 48, 101 | 0.7936 | 0.17647058823529413
23, 48, 37 | 0.7768615384615385 | 0.07926829268292683
23, 48, 95 | 0.7876923076923077 | 0.0
23, 48, 54 | 0.734523076923077 | 0.22857142857142856
23, 101, 37 | 0.7296 | 0.07926829268292683
23, 101, 54 | 0.6872615384615385 | 0.22857142857142856
23, 101, 119 | 0.6823384615384616 | 0.009615384615384616
23, 101, 7 | 0.6747076923076923 | 0.07971014492753623
23, 37, 95 | 0.7236923076923077 | 0.0
23, 37, 117 | 0.6892307692307692 | 0.11188811188811189
23, 37, 119 | 0.6587076923076923 | 0.07692307692307693
23, 37, 7 | 0.6439384615384616 | 0.21739130434782608
23, 95, 54 | 0.6813538461538462 | 0.22857142857142856
23, 95, 119 | 0.6764307692307693 | 0.009615384615384616
23, 95, 7 | 0.6688 | 0.07971014492753623
23, 117, 54 | 0.6468923076923077 | 0.22857142857142856
23, 117, 119 | 0.6419692307692307 | 0.009615384615384616
23, 54, 119 | 0.6232615384615384 | 0.009615384615384616
23, 54, 7 | 0.6156307692307692 | 0.07971014492753623
52, 13, 17 | 0.8187076923076924 | 0.04
28, 52, 38 | 0.9644307692307692 | 0.27388535031847133
28, 52, 102 | 0.9526153846153846 | 0.27638190954773867
28, 52, 48 | 0.9526153846153846 | 0.0
28, 38, 29 | 0.9088 | 0.26666666666666666
28, 38, 101 | 0.9088 | 0.029411764705882353
28, 38, 95 | 0.8733538461538461 | 0.0
28, 38, 14 | 0.8369230769230769 | 0.06716417910447761
28, 102, 29 | 0.846276923076923 | 0.26666666666666666
28, 102, 101 | 0.846276923076923 | 0.029411764705882353
28, 102, 95 | 0.8108307692307692 | 0.0
28, 102, 14 | 0.7803076923076923 | 0.022388059701492536
28, 48, 101 | 0.8418461538461538 | 0.029411764705882353
28, 48, 95 | 0.8064 | 0.0
28, 48, 14 | 0.7758769230769231 | 0.022388059701492536
28, 101, 7 | 0.7015384615384616 | 0.2898550724637681
28, 95, 7 | 0.6660923076923077 | 0.2898550724637681
28, 117, 14 | 0.6665846153846153 | 0.26865671641791045
28, 14, 7 | 0.6355692307692308 | 0.2898550724637681
3, 6, 7 | 0.9398153846153846 | 0.0
56, 38, 37 | 0.8615384615384616 | 0.1951219512195122
56, 38, 107 | 0.8398769230769231 | 0.2948717948717949
56, 58, 54 | 0.9078153846153846 | 0.0
56, 102, 54 | 0.8836923076923077 | 0.0
56, 13, 15 | 0.7675076923076923 | 0.23076923076923078
56, 114, 48 | 0.8664615384615385 | 0.0
56, 114, 119 | 0.7492923076923077 | 0.0673076923076923
56, 114, 7 | 0.7411692307692308 | 0.14251207729468598
56, 48, 37 | 0.8083692307692307 | 0.18902439024390244
56, 48, 107 | 0.8014769230769231 | 0.19230769230769232
56, 48, 54 | 0.8152615384615385 | 0.0
56, 48, 15 | 0.7758769230769231 | 0.23076923076923078
56, 37, 119 | 0.6902153846153846 | 0.07692307692307693
56, 37, 7 | 0.6828307692307692 | 0.14492753623188406
56, 107, 119 | 0.6843076923076923 | 0.0673076923076923
56, 107, 7 | 0.6820923076923077 | 0.08454106280193237
56, 54, 119 | 0.6980923076923077 | 0.0673076923076923
56, 54, 7 | 0.7017846153846153 | 0.026570048309178744
56, 15, 119 | 0.6587076923076923 | 0.0673076923076923
56, 15, 7 | 0.6564923076923077 | 0.08454106280193237
1, 23, 37 | 0.9565538461538462 | 0.15853658536585366
1, 23, 54 | 0.9270153846153846 | 0.22857142857142856
1, 99, 98 | 0.8994461538461539 | 0.11965811965811966
1, 107, 41 | 0.6818461538461539 | 0.2900763358778626
1, 44, 54 | 0.7059692307692308 | 0.22857142857142856
1, 44, 41 | 0.7148307692307693 | 0.10687022900763359
93, 94, 101 | 0.9954461538461539 | 0.17647058823529413
93, 94, 95 | 0.9895384615384616 | 0.0
93, 38, 101 | 0.8772923076923077 | 0.20588235294117646
93, 38, 95 | 0.8772923076923077 | 0.0
93, 58, 101 | 0.8940307692307692 | 0.20588235294117646
93, 58, 95 | 0.8940307692307692 | 0.0
93, 102, 101 | 0.9053538461538462 | 0.17647058823529413
93, 102, 95 | 0.8994461538461539 | 0.0
93, 48, 101 | 0.8664615384615385 | 0.17647058823529413
93, 48, 95 | 0.8605538461538461 | 0.0
93, 101, 119 | 0.7315692307692307 | 0.2403846153846154
93, 101, 7 | 0.7372307692307692 | 0.18115942028985507
93, 95, 119 | 0.7256615384615385 | 0.2403846153846154
93, 95, 7 | 0.731323076923077 | 0.18115942028985507
93, 117, 119 | 0.6902153846153846 | 0.2403846153846154
110, 114, 111 | 0.8920615384615385 | 0.1542056074766355
110, 111, 37 | 0.8457846153846154 | 0.14634146341463414
110, 111, 107 | 0.8615384615384616 | 0.0
110, 111, 54 | 0.8182153846153846 | 0.2
110, 111, 15 | 0.8073846153846154 | 0.2230769230769231
2, 38, 29 | 0.9865846153846154 | 0.26666666666666666
2, 38, 101 | 0.9865846153846154 | 0.029411764705882353
2, 38, 95 | 0.9511384615384615 | 0.0
2, 58, 29 | 0.9294769230769231 | 0.26666666666666666
2, 58, 101 | 0.9294769230769231 | 0.029411764705882353
2, 58, 95 | 0.8940307692307692 | 0.0
2, 102, 29 | 0.935876923076923 | 0.26666666666666666
2, 102, 101 | 0.935876923076923 | 0.029411764705882353
2, 102, 95 | 0.9004307692307693 | 0.0
2, 48, 101 | 0.9255384615384615 | 0.029411764705882353
2, 48, 95 | 0.8900923076923077 | 0.0
2, 101, 119 | 0.785723076923077 | 0.28846153846153844
2, 101, 7 | 0.7867076923076923 | 0.2753623188405797
2, 95, 119 | 0.7502769230769231 | 0.28846153846153844
2, 95, 7 | 0.7512615384615384 | 0.2753623188405797
2, 117, 119 | 0.7148307692307693 | 0.28846153846153844
24, 99, 98 | 0.9211076923076923 | 0.28205128205128205
