23, 117, 54, 119 | 0.7483076923076923 | 0.009615384615384616
23, 95, 54, 119 | 0.7827692307692308 | 0.009615384615384616
23, 95, 54, 7 | 0.7751384615384616 | 0.07971014492753623
23, 37, 95, 119 | 0.8182153846153846 | 0.07692307692307693
23, 37, 95, 7 | 0.8034461538461538 | 0.21739130434782608
23, 37, 117, 119 | 0.7837538461538461 | 0.07692307692307693
23, 101, 37, 119 | 0.824123076923077 | 0.07692307692307693
23, 101, 37, 7 | 0.8093538461538462 | 0.21739130434782608
23, 101, 54, 119 | 0.788676923076923 | 0.009615384615384616
23, 101, 54, 7 | 0.7810461538461538 | 0.07971014492753623
23, 48, 101, 37 | 0.9422769230769231 | 0.07926829268292683
23, 48, 101, 54 | 0.8999384615384616 | 0.22857142857142856
23, 48, 37, 95 | 0.9363692307692307 | 0.0
23, 48, 95, 54 | 0.8940307692307692 | 0.22857142857142856
23, 29, 54, 119 | 0.8300307692307692 | 0.2403846153846154
23, 102, 101, 54 | 0.9526153846153846 | 0.22857142857142856
23, 102, 95, 54 | 0.9467076923076924 | 0.22857142857142856
23, 58, 101, 37 | 0.9698461538461538 | 0.29878048780487804
23, 58, 101, 54 | 0.9629538461538462 | 0.22857142857142856
23, 58, 37, 95 | 0.9698461538461538 | 0.0
23, 58, 95, 54 | 0.9629538461538462 | 0.22857142857142856
23, 38, 101, 37 | 0.9698461538461538 | 0.1951219512195122
23, 38, 37, 95 | 0.9698461538461538 | 0.0
116, 14, 15, 119 | 0.6976 | 0.019230769230769232
116, 54, 14, 119 | 0.7241846153846154 | 0.009615384615384616
116, 54, 14, 7 | 0.6980923076923077 | 0.2608695652173913
116, 117, 54, 119 | 0.7684923076923077 | 0.0
116, 117, 15, 119 | 0.7419076923076923 | 0.009615384615384616
116, 107, 117, 119 | 0.766523076923077 | 0.0
116, 37, 117, 119 | 0.7606153846153846 | 0.07692307692307693
116, 37, 14, 119 | 0.7163076923076923 | 0.07692307692307693
116, 101, 37, 119 | 0.7616 | 0.07692307692307693
116, 101, 107, 119 | 0.7556923076923077 | 0.0
116, 101, 54, 119 | 0.7694769230769231 | 0.0
116, 101, 54, 7 | 0.7426461538461538 | 0.2584541062801932
116, 101, 15, 119 | 0.7310769230769231 | 0.009615384615384616
116, 114, 117, 119 | 0.8950153846153847 | 0.0
116, 29, 114, 119 | 0.8487384615384616 | 0.23076923076923078
116, 29, 107, 119 | 0.7793230769230769 | 0.23076923076923078
116, 29, 54, 119 | 0.7931076923076923 | 0.23076923076923078
116, 29, 15, 119 | 0.7547076923076923 | 0.2403846153846154
116, 102, 101, 54 | 0.8807384615384616 | 0.0
116, 102, 54, 14 | 0.8354461538461538 | 0.26865671641791045
116, 102, 14, 15 | 0.7911384615384616 | 0.2692307692307692
116, 58, 101, 54 | 0.8915692307692308 | 0.0
116, 58, 54, 14 | 0.8472615384615385 | 0.26119402985074625
116, 58, 14, 15 | 0.8039384615384615 | 0.26153846153846155
94, 44, 14, 41 | 0.6742153846153847 | 0.2900763358778626
94, 95, 44, 41 | 0.7323076923076923 | 0.183206106870229
94, 43, 44, 41 | 0.7328 | 0.183206106870229
94, 43, 14, 41 | 0.6897230769230769 | 0.2900763358778626
94, 101, 44, 41 | 0.7603692307692308 | 0.183206106870229
94, 16, 14, 15 | 0.7620923076923077 | 0.24615384615384617
94, 99, 98, 101 | 0.9206153846153846 | 0.0
94, 99, 98, 95 | 0.8792615384615384 | 0.0
94, 29, 99, 98 | 0.9147076923076923 | 0.20512820512820512
94, 29, 44, 41 | 0.7559384615384616 | 0.183206106870229
9, 95, 44, 41 | 0.6727384615384615 | 0.2824427480916031
9, 43, 44, 41 | 0.6584615384615384 | 0.2824427480916031
9, 101, 44, 41 | 0.6771692307692307 | 0.2824427480916031
9, 99, 98, 101 | 0.8374153846153846 | 0.17647058823529413
9, 99, 98, 95 | 0.8315076923076923 | 0.0
9, 29, 99, 98 | 0.8669538461538462 | 0.23076923076923078
9, 29, 44, 41 | 0.7081846153846154 | 0.2824427480916031
9, 66, 99, 98 | 0.8935384615384615 | 0.23076923076923078
9, 61, 99, 98 | 0.9019076923076923 | 0.23076923076923078
38, 44, 14, 41 | 0.6402461538461538 | 0.25190839694656486
38, 95, 44, 41 | 0.7003076923076923 | 0.16030534351145037
38, 37, 95, 44 | 0.7101538461538461 | 0.24625623960066556
38, 37, 44, 14 | 0.6619076923076923 | 0.15671641791044777
38, 43, 44, 41 | 0.7022769230769231 | 0.16030534351145037
38, 43, 14, 41 | 0.6596923076923077 | 0.25190839694656486
38, 101, 44, 41 | 0.7239384615384615 | 0.16030534351145037
38, 16, 14, 15 | 0.7404307692307692 | 0.25384615384615383
38, 98, 16, 14 | 0.7689846153846154 | 0.23134328358208955
38, 99, 98, 101 | 0.903876923076923 | 0.029411764705882353
38, 99, 98, 95 | 0.8684307692307692 | 0.0
38, 99, 16, 14 | 0.7748923076923077 | 0.23134328358208955
38, 29, 99, 98 | 0.903876923076923 | 0.1452991452991453
38, 29, 44, 41 | 0.7239384615384615 | 0.16030534351145037
58, 44, 54, 14 | 0.6697846153846154 | 0.12313432835820895
58, 44, 14, 41 | 0.6471384615384616 | 0.16793893129770993
58, 95, 107, 41 | 0.6912 | 0.29770992366412213
58, 95, 44, 54 | 0.7136 | 0.05714285714285714
58, 95, 44, 41 | 0.7047384615384615 | 0.061068702290076333
58, 37, 95, 44 | 0.6983384615384616 | 0.27287853577371046
58, 37, 95, 41 | 0.6813538461538462 | 0.29770992366412213
58, 37, 44, 14 | 0.6500923076923077 | 0.15671641791044777
58, 37, 44, 41 | 0.6294153846153846 | 0.29770992366412213
58, 43, 44, 41 | 0.7155692307692307 | 0.061068702290076333
58, 43, 54, 14 | 0.6764307692307693 | 0.26119402985074625
58, 43, 14, 41 | 0.6803692307692307 | 0.16793893129770993
58, 101, 37, 41 | 0.7168 | 0.29770992366412213
58, 101, 107, 41 | 0.7089230769230769 | 0.29770992366412213
58, 101, 44, 54 | 0.7372307692307692 | 0.05714285714285714
58, 101, 44, 41 | 0.7283692307692308 | 0.061068702290076333
58, 16, 107, 14 | 0.7325538461538461 | 0.1791044776119403
58, 16, 54, 14 | 0.7443692307692308 | 0.014925373134328358
58, 16, 14, 15 | 0.7522461538461539 | 0.15384615384615385
58, 99, 98, 101 | 0.9668923076923077 | 0.029411764705882353
58, 99, 98, 95 | 0.9314461538461538 | 0.0
58, 29, 99, 98 | 0.9668923076923077 | 0.0
58, 29, 37, 41 | 0.7168 | 0.29770992366412213
58, 29, 107, 41 | 0.7089230769230769 | 0.29770992366412213
58, 29, 44, 54 | 0.7372307692307692 | 0.05714285714285714
58, 29, 44, 41 | 0.7283692307692308 | 0.061068702290076333
102, 44, 54, 14 | 0.6439384615384616 | 0.12686567164179105
102, 44, 54, 41 | 0.6232615384615384 | 0.26717557251908397
102, 44, 14, 41 | 0.6291692307692308 | 0.10687022900763359
102, 44, 14, 15 | 0.6040615384615384 | 0.29615384615384616
102, 107, 14, 41 | 0.6276923076923077 | 0.29770992366412213
102, 95, 107, 41 | 0.6877538461538462 | 0.2366412213740458
102, 95, 44, 54 | 0.6882461538461538 | 0.05714285714285714
102, 95, 44, 41 | 0.6872615384615385 | 0.0
102, 95, 44, 15 | 0.6483692307692308 | 0.29615384615384616
102, 95, 54, 41 | 0.6857846153846154 | 0.26717557251908397
102, 37, 95, 41 | 0.6700307692307692 | 0.2366412213740458
102, 43, 44, 41 | 0.6995692307692307 | 0.0
102, 43, 54, 14 | 0.6656 | 0.26865671641791045
102, 43, 54, 41 | 0.6636307692307692 | 0.26717557251908397
102, 43, 14, 41 | 0.6774153846153846 | 0.10687022900763359
102, 101, 37, 41 | 0.7113846153846154 | 0.2366412213740458
102, 101, 107, 41 | 0.7113846153846154 | 0.2366412213740458
102, 101, 54, 41 | 0.7271384615384615 | 0.26717557251908397
102, 16, 107, 14 | 0.7192615384615385 | 0.1865671641791045
102, 16, 54, 14 | 0.7310769230769231 | 0.022388059701492536
102, 16, 14, 15 | 0.7399384615384615 | 0.14615384615384616
102, 99, 98, 101 | 0.9673846153846154 | 0.0
102, 99, 98, 95 | 0.9260307692307692 | 0.0
102, 29, 99, 98 | 0.9614769230769231 | 0.0
102, 29, 37, 41 | 0.7054769230769231 | 0.2366412213740458
102, 29, 107, 41 | 0.7054769230769231 | 0.2366412213740458
102, 29, 54, 41 | 0.7212307692307692 | 0.26717557251908397
61, 44, 54, 41 | 0.6523076923076923 | 0.26717557251908397
61, 107, 44, 41 | 0.6464 | 0.2366412213740458
61, 37, 44, 41 | 0.6528 | 0.2366412213740458
61, 17, 44, 54 | 0.6670769230769231 | 0.05714285714285714
61, 17, 44, 41 | 0.6483692307692308 | 0.13740458015267176
61, 17, 44, 15 | 0.6331076923076923 | 0.25
61, 17, 41, 15 | 0.628676923076923 | 0.25384615384615383
61, 13, 17, 107 | 0.7616 | 0.25
61, 13, 17, 15 | 0.7655384615384615 | 0.06923076923076923
11, 117, 15, 119 | 0.5947076923076923 | 0.038461538461538464
11, 44, 117, 119 | 0.5944615384615385 | 0.07211538461538461
11, 107, 117, 119 | 0.6084923076923077 | 0.028846153846153848
11, 13, 17, 15 | 0.7527384615384616 | 0.24615384615384617
66, 44, 54, 41 | 0.6500923076923077 | 0.26717557251908397
66, 107, 44, 41 | 0.6441846153846154 | 0.2366412213740458
66, 37, 44, 41 | 0.6505846153846154 | 0.2366412213740458
66, 17, 44, 54 | 0.6656 | 0.05714285714285714
66, 17, 44, 41 | 0.6468923076923077 | 0.13740458015267176
66, 17, 44, 15 | 0.6316307692307692 | 0.25
66, 17, 41, 15 | 0.6217846153846154 | 0.25384615384615383
66, 13, 17, 107 | 0.7581538461538462 | 0.25
66, 13, 17, 15 | 0.7620923076923077 | 0.06923076923076923
66, 13, 44, 15 | 0.7123692307692308 | 0.25
13, 44, 14, 15 | 0.609476923076923 | 0.20384615384615384
13, 95, 44, 15 | 0.6532923076923077 | 0.20384615384615384
13, 43, 14, 15 | 0.6311384615384615 | 0.20384615384615384
13, 17, 43, 14 | 0.696123076923077 | 0.2462686567164179
13, 17, 43, 15 | 0.6985846153846154 | 0.20384615384615384
13, 17, 37, 95 | 0.7522461538461539 | 0.0
13, 17, 37, 14 | 0.7177846153846154 | 0.05223880597014925
13, 17, 95, 107 | 0.7492923076923077 | 0.19230769230769232
13, 17, 95, 15 | 0.7532307692307693 | 0.0
13, 17, 107, 14 | 0.7000615384615385 | 0.16417910447761194
13, 17, 14, 15 | 0.7256615384615385 | 0.0
13, 101, 17, 37 | 0.7936 | 0.21341463414634146
13, 101, 17, 15 | 0.7808 | 0.1076923076923077
13, 111, 17, 37 | 0.7212307692307692 | 0.21341463414634146
13, 111, 17, 107 | 0.718276923076923 | 0.19230769230769232
13, 111, 17, 15 | 0.7212307692307692 | 0.007692307692307693
13, 16, 17, 14 | 0.824123076923077 | 0.0
13, 16, 17, 15 | 0.8201846153846154 | 0.0
13, 16, 14, 15 | 0.7675076923076923 | 0.0
13, 98, 16, 17 | 0.7611076923076923 | 0.192
13, 98, 16, 14 | 0.7222153846153846 | 0.16417910447761194
13, 98, 101, 17 | 0.7936 | 0.192
13, 98, 17, 95 | 0.7522461538461539 | 0.0
13, 98, 17, 14 | 0.7030153846153846 | 0.16417910447761194
13, 29, 17, 37 | 0.7876923076923077 | 0.21341463414634146
13, 29, 17, 15 | 0.7768615384615385 | 0.09230769230769231
29, 54, 41, 7 | 0.5745230769230769 | 0.25120772946859904
29, 44, 54, 41 | 0.6264615384615385 | 0.26717557251908397
29, 107, 44, 41 | 0.6146461538461538 | 0.2366412213740458
29, 37, 44, 41 | 0.6387692307692308 | 0.2366412213740458
29, 17, 44, 54 | 0.6596923076923077 | 0.05714285714285714
29, 17, 44, 41 | 0.6409846153846154 | 0.13740458015267176
29, 17, 44, 15 | 0.6237538461538461 | 0.2653846153846154
29, 17, 41, 15 | 0.6188307692307692 | 0.27692307692307694
29, 99, 98, 119 | 0.8113230769230769 | 0.28846153846153844
29, 99, 98, 7 | 0.8152615384615385 | 0.2463768115942029
114, 44, 117, 119 | 0.6043076923076923 | 0.07211538461538461
114, 111, 117, 119 | 0.6503384615384615 | 0.0
99, 44, 117, 119 | 0.5629538461538461 | 0.12980769230769232
99, 44, 14, 119 | 0.5324307692307693 | 0.1346153846153846
99, 44, 14, 7 | 0.5316923076923077 | 0.13768115942028986
99, 95, 44, 119 | 0.5944615384615385 | 0.12980769230769232
99, 95, 44, 7 | 0.5933538461538461 | 0.13647342995169082
99, 43, 44, 117 | 0.5851076923076923 | 0.23076923076923078
99, 43, 44, 119 | 0.5659076923076923 | 0.12980769230769232
99, 43, 44, 7 | 0.5608615384615384 | 0.1751207729468599
99, 43, 117, 119 | 0.5848615384615384 | 0.057692307692307696
99, 43, 117, 7 | 0.5609846153846154 | 0.28743961352657005
99, 111, 117, 119 | 0.5897846153846154 | 0.057692307692307696
99, 111, 117, 7 | 0.5696 | 0.25120772946859904
99, 48, 43, 44 | 0.6894769230769231 | 0.2995008319467554
99, 48, 95, 44 | 0.7180307692307693 | 0.2995008319467554
99, 48, 44, 14 | 0.6564923076923077 | 0.2574626865671642
99, 16, 48, 14 | 0.7305846153846154 | 0.1865671641791045
99, 16, 17, 14 | 0.6670769230769231 | 0.1865671641791045
99, 16, 117, 119 | 0.6144 | 0.057692307692307696
99, 16, 14, 119 | 0.6134153846153846 | 0.0673076923076923
99, 16, 14, 7 | 0.6116923076923076 | 0.07971014492753623
99, 98, 48, 101 | 0.8861538461538462 | 0.0
99, 98, 48, 95 | 0.8448 | 0.0
99, 98, 101, 119 | 0.7699692307692307 | 0.057692307692307696
99, 98, 101, 7 | 0.7739076923076923 | 0.014492753623188406
99, 98, 95, 119 | 0.7286153846153847 | 0.057692307692307696
99, 98, 95, 7 | 0.7325538461538461 | 0.014492753623188406
99, 98, 117, 119 | 0.6980923076923077 | 0.057692307692307696
99, 98, 117, 7 | 0.6781538461538461 | 0.24879227053140096
98, 44, 117, 119 | 0.5590153846153846 | 0.07211538461538461
98, 44, 14, 119 | 0.5304615384615384 | 0.07692307692307693
98, 44, 14, 7 | 0.5252923076923077 | 0.12318840579710146
98, 95, 44, 119 | 0.5905230769230769 | 0.07211538461538461
98, 95, 44, 7 | 0.5849846153846154 | 0.12198067632850242
98, 43, 44, 117 | 0.5772307692307692 | 0.23076923076923078
98, 43, 44, 119 | 0.5639384615384615 | 0.07211538461538461
98, 43, 44, 7 | 0.5544615384615385 | 0.1606280193236715
98, 43, 117, 119 | 0.5809230769230769 | 0.0
98, 43, 117, 7 | 0.5526153846153846 | 0.27294685990338163
98, 111, 117, 119 | 0.5838769230769231 | 0.0
98, 111, 117, 7 | 0.5592615384615385 | 0.23671497584541062
98, 48, 43, 44 | 0.6816 | 0.28618968386023297
98, 48, 95, 44 | 0.7081846153846154 | 0.28618968386023297
98, 48, 44, 14 | 0.6486153846153846 | 0.24253731343283583
98, 16, 48, 14 | 0.7217230769230769 | 0.16417910447761194
98, 16, 17, 14 | 0.6582153846153846 | 0.16417910447761194
98, 16, 117, 119 | 0.6084923076923077 | 0.0
98, 16, 117, 7 | 0.5782153846153846 | 0.2922705314009662
98, 16, 14, 119 | 0.6104615384615385 | 0.009615384615384616
98, 16, 14, 7 | 0.6043076923076923 | 0.06521739130434782
77, 14, 41, 15 | 0.5376 | 0.18461538461538463
77, 43, 37, 44 | 0.6048 | 0.2762063227953411
77, 43, 44, 41 | 0.6200615384615384 | 0.13740458015267176
77, 101, 44, 54 | 0.6249846153846154 | 0.05714285714285714
77, 101, 44, 41 | 0.606276923076923 | 0.13740458015267176
77, 101, 44, 15 | 0.5875692307692307 | 0.27692307692307694
77, 101, 41, 15 | 0.5799384615384615 | 0.2923076923076923
77, 111, 44, 54 | 0.6070153846153846 | 0.1
77, 111, 44, 15 | 0.584123076923077 | 0.20961538461538462
77, 16, 44, 15 | 0.6161230769230769 | 0.20384615384615384
77, 16, 54, 14 | 0.6124307692307692 | 0.20149253731343283
77, 16, 14, 15 | 0.64 | 0.0
69, 14, 41, 15 | 0.5376 | 0.18461538461538463
69, 43, 37, 44 | 0.6048 | 0.2762063227953411
69, 43, 44, 41 | 0.6200615384615384 | 0.13740458015267176
69, 101, 44, 54 | 0.6249846153846154 | 0.05714285714285714
69, 101, 44, 41 | 0.606276923076923 | 0.13740458015267176
69, 101, 44, 15 | 0.5875692307692307 | 0.27692307692307694
69, 101, 41, 15 | 0.5799384615384615 | 0.2923076923076923
69, 111, 44, 54 | 0.6070153846153846 | 0.1
69, 111, 44, 15 | 0.584123076923077 | 0.20961538461538462
69, 16, 44, 15 | 0.6161230769230769 | 0.20384615384615384
69, 16, 54, 14 | 0.6124307692307692 | 0.20149253731343283
69, 16, 14, 15 | 0.64 | 0.0
16, 41, 15, 119 | 0.5243076923076923 | 0.08653846153846154
16, 41, 15, 7 | 0.5186461538461539 | 0.13768115942028986
16, 14, 15, 119 | 0.5868307692307693 | 0.019230769230769232
16, 14, 15, 7 | 0.5755076923076923 | 0.12560386473429952
16, 54, 14, 119 | 0.5602461538461538 | 0.009615384615384616
16, 54, 14, 7 | 0.5540923076923077 | 0.06521739130434782
16, 117, 54, 14 | 0.5395692307692308 | 0.2462686567164179
16, 117, 54, 119 | 0.5425230769230769 | 0.0
16, 117, 54, 7 | 0.5122461538461538 | 0.2922705314009662
16, 117, 14, 15 | 0.5671384615384616 | 0.0
16, 117, 14, 119 | 0.5405538461538462 | 0.009615384615384616
16, 117, 14, 7 | 0.510523076923077 | 0.2995169082125604
16, 117, 41, 15 | 0.5400615384615385 | 0.18461538461538463
16, 117, 41, 119 | 0.5302153846153846 | 0.07692307692307693
16, 117, 15, 119 | 0.5691076923076923 | 0.009615384615384616
16, 44, 117, 41 | 0.5472 | 0.25572519083969464
16, 44, 117, 15 | 0.5531076923076923 | 0.20384615384615384
16, 44, 117, 119 | 0.5462153846153847 | 0.07211538461538461
16, 44, 14, 15 | 0.5634461538461538 | 0.20384615384615384
16, 44, 14, 119 | 0.5560615384615385 | 0.07692307692307693
16, 44, 14, 7 | 0.5469538461538461 | 0.16183574879227053
16, 44, 41, 119 | 0.5329230769230769 | 0.14903846153846154
16, 44, 41, 7 | 0.5293538461538462 | 0.17995169082125603
16, 44, 15, 119 | 0.5427692307692308 | 0.07211538461538461
16, 44, 15, 7 | 0.5293538461538462 | 0.19927536231884058
16, 107, 117, 119 | 0.5553230769230769 | 0.0
16, 107, 14, 119 | 0.5572923076923076 | 0.009615384615384616
16, 107, 14, 7 | 0.5481846153846154 | 0.09420289855072464
16, 17, 107, 14 | 0.6404923076923077 | 0.16417910447761194
16, 17, 54, 14 | 0.6434461538461539 | 0.0
16, 17, 14, 15 | 0.6710153846153846 | 0.0
16, 48, 107, 14 | 0.6685538461538462 | 0.16417910447761194
16, 48, 44, 14 | 0.6742153846153847 | 0.12313432835820895
16, 48, 44, 41 | 0.6584615384615384 | 0.22519083969465647
16, 48, 44, 15 | 0.6604307692307693 | 0.20384615384615384
16, 48, 54, 14 | 0.6715076923076924 | 0.0
16, 48, 14, 15 | 0.699076923076923 | 0.0
16, 48, 41, 15 | 0.6434461538461539 | 0.18461538461538463
48, 14, 41, 15 | 0.5641846153846154 | 0.18461538461538463
48, 44, 54, 14 | 0.606276923076923 | 0.12313432835820895
48, 44, 54, 41 | 0.5851076923076923 | 0.26717557251908397
48, 44, 14, 41 | 0.5915076923076923 | 0.10687022900763359
48, 44, 14, 15 | 0.5782153846153846 | 0.20384615384615384
48, 107, 44, 14 | 0.5865846153846154 | 0.24253731343283583
48, 107, 44, 41 | 0.5851076923076923 | 0.2366412213740458
48, 107, 14, 41 | 0.5671384615384616 | 0.29770992366412213
48, 95, 107, 44 | 0.6461538461538462 | 0.18635607321131448
48, 95, 107, 41 | 0.6242461538461539 | 0.2366412213740458
48, 95, 44, 54 | 0.6500923076923077 | 0.05714285714285714
48, 95, 44, 41 | 0.6491076923076923 | 0.0
48, 95, 44, 15 | 0.6220307692307693 | 0.20384615384615384
48, 95, 54, 41 | 0.6045538461538461 | 0.26717557251908397
48, 95, 41, 15 | 0.6055384615384616 | 0.18461538461538463
48, 37, 95, 44 | 0.6584615384615384 | 0.15640599001663893
48, 37, 95, 41 | 0.6321230769230769 | 0.2366412213740458
48, 37, 44, 14 | 0.6102153846153846 | 0.15671641791044777
48, 37, 44, 41 | 0.5974153846153846 | 0.2366412213740458
48, 43, 37, 44 | 0.6402461538461538 | 0.15640599001663893
48, 43, 37, 14 | 0.6099692307692308 | 0.2835820895522388
48, 43, 37, 41 | 0.6139076923076923 | 0.2366412213740458
48, 43, 107, 44 | 0.6358153846153846 | 0.18635607321131448
48, 43, 107, 41 | 0.6139076923076923 | 0.2366412213740458
48, 43, 44, 41 | 0.6732307692307692 | 0.0
48, 43, 54, 14 | 0.5991384615384615 | 0.2462686567164179
48, 43, 54, 41 | 0.5942153846153846 | 0.26717557251908397
48, 43, 14, 41 | 0.6109538461538462 | 0.10687022900763359
48, 43, 14, 15 | 0.5976615384615385 | 0.20384615384615384
48, 101, 37, 44 | 0.6865230769230769 | 0.24625623960066556
48, 101, 37, 41 | 0.6734769230769231 | 0.2366412213740458
48, 101, 107, 44 | 0.6624 | 0.23627287853577372
48, 101, 107, 41 | 0.6478769230769231 | 0.2366412213740458
48, 101, 44, 54 | 0.6781538461538461 | 0.05714285714285714
48, 101, 44, 41 | 0.6771692307692307 | 0.0
48, 101, 44, 15 | 0.6407384615384616 | 0.27692307692307694
48, 101, 54, 41 | 0.6459076923076923 | 0.26717557251908397
48, 101, 41, 15 | 0.6331076923076923 | 0.2923076923076923
48, 111, 44, 54 | 0.6601846153846154 | 0.1
48, 111, 44, 41 | 0.6331076923076923 | 0.2480916030534351
48, 111, 44, 15 | 0.6372923076923077 | 0.20961538461538462
48, 111, 41, 15 | 0.6237538461538461 | 0.19230769230769232
111, 41, 15, 119 | 0.5046153846153846 | 0.08653846153846154
111, 41, 15, 7 | 0.5043692307692308 | 0.08454106280193237
111, 117, 54, 119 | 0.5504 | 0.0
111, 117, 54, 7 | 0.5257846153846154 | 0.23671497584541062
111, 117, 41, 15 | 0.5144615384615384 | 0.19230769230769232
111, 117, 41, 119 | 0.5056 | 0.07692307692307693
111, 117, 41, 7 | 0.4868923076923077 | 0.2560386473429952
111, 117, 15, 119 | 0.5444923076923077 | 0.009615384615384616
111, 117, 15, 7 | 0.5147076923076923 | 0.2971014492753623
111, 44, 117, 54 | 0.548923076923077 | 0.1
111, 44, 117, 41 | 0.5198769230769231 | 0.2633587786259542
111, 44, 117, 15 | 0.5260307692307692 | 0.20961538461538462
111, 44, 117, 119 | 0.5198769230769231 | 0.07211538461538461
111, 44, 54, 119 | 0.5425230769230769 | 0.07211538461538461
111, 44, 54, 7 | 0.5369846153846154 | 0.12198067632850242
111, 44, 41, 119 | 0.5075692307692308 | 0.14903846153846154
111, 44, 41, 7 | 0.5079384615384616 | 0.14130434782608695
111, 44, 15, 119 | 0.5196307692307692 | 0.07211538461538461
111, 44, 15, 7 | 0.5101538461538462 | 0.1606280193236715
111, 107, 117, 119 | 0.5661538461538461 | 0.0
111, 107, 117, 7 | 0.5356307692307692 | 0.2946859903381642
111, 37, 117, 119 | 0.5720615384615385 | 0.07692307692307693
101, 41, 15, 119 | 0.5139692307692307 | 0.08653846153846154
101, 41, 15, 7 | 0.5142153846153846 | 0.07971014492753623
101, 54, 41, 119 | 0.5277538461538461 | 0.07692307692307693
101, 54, 41, 7 | 0.5331692307692307 | 0.01932367149758454
101, 44, 54, 41 | 0.56 | 0.26717557251908397
101, 44, 54, 119 | 0.5604923076923077 | 0.07211538461538461
101, 44, 54, 7 | 0.5549538461538461 | 0.12198067632850242
101, 44, 41, 119 | 0.5516307692307693 | 0.14903846153846154
101, 44, 41, 7 | 0.552 | 0.14130434782608695
101, 44, 15, 119 | 0.5230769230769231 | 0.07211538461538461
101, 44, 15, 7 | 0.5136 | 0.1606280193236715
101, 107, 44, 41 | 0.5481846153846154 | 0.2366412213740458
101, 107, 44, 119 | 0.5447384615384615 | 0.07211538461538461
101, 107, 44, 7 | 0.5352615384615385 | 0.1606280193236715
101, 107, 41, 119 | 0.529723076923077 | 0.07692307692307693
101, 107, 41, 7 | 0.5292307692307693 | 0.07729468599033816
101, 37, 44, 41 | 0.5723076923076923 | 0.2366412213740458
101, 37, 44, 119 | 0.5683692307692307 | 0.07692307692307693
101, 37, 44, 7 | 0.5553230769230769 | 0.20048309178743962
101, 37, 41, 119 | 0.5474461538461538 | 0.15384615384615385
101, 37, 41, 7 | 0.5464615384615384 | 0.15942028985507245
101, 17, 44, 54 | 0.628676923076923 | 0.05714285714285714
101, 17, 44, 41 | 0.6099692307692308 | 0.13740458015267176
101, 17, 44, 15 | 0.5912615384615385 | 0.27692307692307694
101, 17, 41, 15 | 0.587323076923077 | 0.2923076923076923
17, 14, 41, 15 | 0.5184 | 0.18461538461538463
17, 117, 54, 14 | 0.5272615384615384 | 0.2462686567164179
17, 117, 14, 41 | 0.4849230769230769 | 0.2595419847328244
17, 117, 14, 15 | 0.5174153846153846 | 0.0
17, 117, 41, 15 | 0.5016615384615385 | 0.18461538461538463
17, 44, 54, 14 | 0.5568 | 0.12313432835820895
17, 44, 14, 41 | 0.5243076923076923 | 0.24427480916030533
17, 44, 14, 15 | 0.5287384615384615 | 0.20384615384615384
17, 95, 44, 54 | 0.6006153846153847 | 0.05714285714285714
17, 95, 44, 41 | 0.5819076923076923 | 0.13740458015267176
17, 95, 44, 15 | 0.5725538461538462 | 0.20384615384615384
17, 95, 41, 15 | 0.5597538461538462 | 0.18461538461538463
17, 37, 117, 14 | 0.544 | 0.29850746268656714
17, 43, 37, 14 | 0.5641846153846154 | 0.2835820895522388
17, 43, 44, 41 | 0.5883076923076923 | 0.13740458015267176
17, 43, 54, 14 | 0.5533538461538462 | 0.2462686567164179
17, 43, 14, 41 | 0.5474461538461538 | 0.24427480916030533
17, 43, 14, 15 | 0.551876923076923 | 0.20384615384615384
43, 14, 41, 119 | 0.4918153846153846 | 0.08653846153846154
43, 14, 41, 7 | 0.49353846153846154 | 0.06521739130434782
43, 14, 15, 119 | 0.48541538461538464 | 0.019230769230769232
43, 14, 15, 7 | 0.4780307692307692 | 0.08695652173913043
43, 54, 14, 119 | 0.4878769230769231 | 0.009615384615384616
43, 54, 14, 7 | 0.4836923076923077 | 0.04589371980676329
43, 54, 41, 119 | 0.4760615384615385 | 0.07692307692307693
43, 54, 41, 7 | 0.4775384615384615 | 0.057971014492753624
43, 117, 54, 41 | 0.4967384615384615 | 0.29770992366412213
43, 117, 54, 119 | 0.5085538461538461 | 0.0
43, 117, 54, 7 | 0.4802461538461538 | 0.27294685990338163
43, 117, 41, 119 | 0.5223384615384615 | 0.07692307692307693
43, 117, 41, 7 | 0.49993846153846155 | 0.2922705314009662
43, 117, 15, 119 | 0.5060923076923077 | 0.009615384615384616
43, 44, 117, 41 | 0.5668923076923077 | 0.030534351145038167
43, 44, 117, 119 | 0.5368615384615385 | 0.07211538461538461
43, 44, 41, 119 | 0.5476923076923077 | 0.14903846153846154
43, 44, 41, 7 | 0.5441230769230769 | 0.17995169082125603
43, 107, 44, 117 | 0.5314461538461539 | 0.23076923076923078
43, 107, 44, 41 | 0.5216 | 0.2366412213740458
43, 107, 44, 119 | 0.5181538461538462 | 0.07211538461538461
43, 107, 44, 7 | 0.5067076923076923 | 0.17995169082125603
43, 107, 117, 41 | 0.5144615384615384 | 0.25190839694656486
43, 107, 117, 119 | 0.5203692307692308 | 0.0
43, 107, 41, 119 | 0.49575384615384616 | 0.07692307692307693
43, 107, 41, 7 | 0.4932923076923077 | 0.0966183574879227
43, 37, 44, 117 | 0.5378461538461539 | 0.21678321678321677
43, 37, 44, 41 | 0.5260307692307692 | 0.2366412213740458
43, 37, 44, 119 | 0.5220923076923077 | 0.07692307692307693
43, 37, 44, 7 | 0.5090461538461538 | 0.20048309178743962
43, 37, 117, 41 | 0.5164307692307692 | 0.26717557251908397
43, 37, 117, 119 | 0.5164307692307692 | 0.07692307692307693
43, 37, 14, 119 | 0.4918153846153846 | 0.07692307692307693
43, 37, 14, 7 | 0.4844307692307692 | 0.14492753623188406
43, 37, 41, 119 | 0.4878769230769231 | 0.15384615384615385
43, 37, 41, 7 | 0.4868923076923077 | 0.15942028985507245
37, 117, 14, 119 | 0.48935384615384614 | 0.07692307692307693
37, 117, 41, 119 | 0.48344615384615386 | 0.15384615384615385
37, 44, 117, 41 | 0.5127384615384616 | 0.26717557251908397
37, 44, 117, 119 | 0.5127384615384616 | 0.07692307692307693
37, 44, 14, 119 | 0.49206153846153844 | 0.07692307692307693
37, 44, 14, 7 | 0.4790153846153846 | 0.20048309178743962
37, 44, 41, 119 | 0.4713846153846154 | 0.15384615384615385
37, 44, 41, 7 | 0.46424615384615386 | 0.21980676328502416
37, 95, 44, 41 | 0.5442461538461538 | 0.2366412213740458
37, 95, 44, 119 | 0.5403076923076923 | 0.07692307692307693
37, 95, 44, 7 | 0.5272615384615384 | 0.20048309178743962
37, 95, 41, 119 | 0.5060923076923077 | 0.15384615384615385
37, 95, 41, 7 | 0.5051076923076923 | 0.15942028985507245
95, 41, 15, 119 | 0.4864 | 0.08653846153846154
95, 41, 15, 7 | 0.48664615384615384 | 0.07971014492753623
95, 54, 41, 119 | 0.4864 | 0.07692307692307693
95, 54, 41, 7 | 0.4918153846153846 | 0.01932367149758454
95, 44, 54, 41 | 0.5319384615384616 | 0.26717557251908397
95, 44, 54, 119 | 0.5324307692307693 | 0.07211538461538461
95, 44, 54, 7 | 0.5268923076923077 | 0.12198067632850242
95, 44, 41, 119 | 0.5235692307692308 | 0.14903846153846154
95, 44, 41, 7 | 0.5239384615384616 | 0.14130434782608695
95, 44, 15, 119 | 0.5043692307692308 | 0.07211538461538461
95, 44, 15, 7 | 0.4948923076923077 | 0.1606280193236715
95, 107, 44, 41 | 0.5319384615384616 | 0.2366412213740458
95, 107, 44, 119 | 0.5284923076923077 | 0.07211538461538461
95, 107, 44, 7 | 0.5190153846153847 | 0.1606280193236715
95, 107, 41, 119 | 0.5060923076923077 | 0.07692307692307693
95, 107, 41, 7 | 0.5056 | 0.07729468599033816
107, 14, 41, 119 | 0.448 | 0.08653846153846154
107, 14, 41, 7 | 0.44775384615384617 | 0.08454106280193237
107, 117, 41, 119 | 0.4795076923076923 | 0.07692307692307693
107, 44, 117, 41 | 0.49846153846153846 | 0.25190839694656486
107, 44, 117, 119 | 0.49698461538461536 | 0.07211538461538461
107, 44, 14, 41 | 0.4644923076923077 | 0.29770992366412213
107, 44, 14, 119 | 0.4684307692307692 | 0.07692307692307693
107, 44, 14, 7 | 0.45932307692307695 | 0.16183574879227053
107, 44, 41, 119 | 0.4595692307692308 | 0.14903846153846154
107, 44, 41, 7 | 0.456 | 0.17995169082125603
44, 14, 41, 119 | 0.46547692307692307 | 0.15384615384615385
44, 14, 41, 7 | 0.46621538461538464 | 0.14251207729468598
44, 14, 15, 119 | 0.46006153846153847 | 0.07692307692307693
44, 14, 15, 7 | 0.45095384615384615 | 0.16183574879227053
44, 54, 14, 119 | 0.48812307692307694 | 0.07692307692307693
44, 54, 14, 7 | 0.4829538461538462 | 0.12318840579710146
44, 54, 41, 119 | 0.4595692307692308 | 0.14903846153846154
44, 54, 41, 7 | 0.4599384615384615 | 0.14130434782608695
44, 117, 54, 41 | 0.5004307692307692 | 0.29770992366412213
44, 117, 54, 119 | 0.5048615384615385 | 0.07211538461538461
44, 117, 41, 119 | 0.49206153846153844 | 0.14903846153846154
44, 117, 15, 119 | 0.4768 | 0.07211538461538461
117, 41, 15, 119 | 0.4637538461538461 | 0.08653846153846154
117, 14, 41, 15 | 0.45784615384615385 | 0.18461538461538463
117, 14, 41, 119 | 0.4470153846153846 | 0.08653846153846154
117, 14, 41, 7 | 0.4288 | 0.2608695652173913
117, 14, 15, 119 | 0.4686769230769231 | 0.019230769230769232
117, 54, 14, 119 | 0.4795076923076923 | 0.009615384615384616
117, 54, 14, 7 | 0.4553846153846154 | 0.24154589371980675
117, 54, 41, 119 | 0.4637538461538461 | 0.07692307692307693
117, 54, 41, 7 | 0.4452923076923077 | 0.2536231884057971
14, 41, 15, 119 | 0.44406153846153845 | 0.09615384615384616
14, 41, 15, 7 | 0.44455384615384613 | 0.08695652173913043
