8, 42, 10, 63, 37, 36, 65, 23, 81, 62, 11, 92 | 0.57867 | 0.7780988593155893
8, 42, 10, 34, 63, 37, 36, 65, 81, 62, 11, 92 | 0.58347 | 0.7812927756653992
8, 33, 42, 63, 37, 36, 65, 23, 81, 62, 11, 92 | 0.59563 | 0.7800760456273764
8, 33, 42, 34, 63, 37, 36, 65, 81, 62, 11, 92 | 0.60027 | 0.7826615969581749
8, 33, 42, 10, 34, 63, 37, 36, 65, 81, 11, 92 | 0.60801 | 0.7922433460076046
8, 33, 42, 10, 34, 63, 37, 36, 81, 62, 11, 92 | 0.60591 | 0.7913307984790875
8, 33, 42, 10, 34, 63, 36, 65, 81, 62, 11, 92 | 0.60169 | 0.7844866920152092
8, 33, 42, 10, 63, 36, 65, 23, 81, 62, 11, 92 | 0.59628 | 0.7806844106463878
8, 33, 42, 10, 63, 37, 36, 23, 81, 62, 11, 92 | 0.602 | 0.7899619771863118
8, 33, 42, 10, 63, 37, 36, 65, 23, 81, 11, 92 | 0.60365 | 0.789809885931559
8, 33, 42, 10, 63, 37, 36, 65, 81, 62, 11, 92 | 0.5971 | 0.7847908745247149
8, 33, 10, 63, 37, 36, 65, 23, 81, 62, 11, 92 | 0.60053 | 0.7785551330798479
8, 33, 10, 34, 63, 37, 36, 65, 81, 62, 11, 92 | 0.60558 | 0.7826615969581749
8, 30, 33, 42, 10, 63, 37, 36, 23, 81, 62, 11 | 0.62488 | 0.7978224708906699
8, 1, 30, 42, 10, 63, 37, 36, 23, 81, 62, 11 | 0.6146 | 0.7969151670951157
8, 9, 42, 10, 63, 37, 36, 65, 81, 62, 11, 92 | 0.5952 | 0.7949809885931559
35, 33, 42, 10, 34, 63, 37, 36, 65, 81, 11, 92 | 0.60298 | 0.7829657794676806
35, 33, 42, 10, 34, 63, 37, 36, 81, 62, 11, 92 | 0.60011 | 0.7809885931558935
35, 33, 42, 10, 63, 37, 36, 23, 81, 62, 11, 92 | 0.59637 | 0.7796197718631178
35, 33, 42, 10, 63, 37, 36, 65, 23, 81, 11, 92 | 0.59888 | 0.7811406844106464
35, 33, 42, 10, 63, 37, 36, 65, 81, 62, 11, 92 | 0.59228 | 0.7756653992395437
35, 9, 33, 10, 63, 37, 36, 65, 23, 81, 11, 92 | 0.62322 | 0.7980228136882129
35, 9, 33, 42, 10, 63, 37, 36, 81, 62, 11, 92 | 0.61346 | 0.7975665399239543
35, 9, 33, 42, 10, 63, 36, 65, 23, 81, 11, 92 | 0.6179 | 0.794828897338403
35, 9, 33, 42, 10, 34, 63, 36, 65, 81, 11, 92 | 0.62161 | 0.7983269961977186
35, 9, 33, 42, 34, 63, 37, 36, 65, 81, 11, 92 | 0.62192 | 0.7992395437262357
35, 9, 33, 42, 63, 37, 36, 65, 23, 81, 11, 92 | 0.61886 | 0.7969581749049429
35, 9, 42, 10, 34, 63, 37, 36, 65, 81, 11, 92 | 0.60421 | 0.7951330798479087
35, 9, 42, 10, 63, 37, 36, 23, 81, 62, 11, 92 | 0.59862 | 0.7910266159695818
35, 9, 42, 10, 63, 37, 36, 65, 23, 81, 11, 92 | 0.60102 | 0.7922433460076046
9, 42, 10, 63, 37, 36, 65, 23, 81, 62, 11, 92 | 0.53756 | 0.7577186311787072
9, 42, 10, 34, 63, 37, 36, 65, 81, 62, 11, 92 | 0.54144 | 0.7624334600760456
9, 33, 42, 63, 37, 36, 65, 23, 81, 62, 11, 92 | 0.56059 | 0.7650190114068441
9, 33, 42, 34, 63, 37, 36, 65, 81, 62, 11, 92 | 0.56441 | 0.7688212927756654
9, 33, 42, 10, 34, 37, 36, 65, 81, 62, 11, 92 | 0.55602 | 0.7653231939163498
9, 33, 42, 10, 34, 63, 37, 65, 81, 62, 11, 92 | 0.56793 | 0.7759695817490494
9, 33, 42, 10, 34, 63, 37, 36, 65, 62, 11, 92 | 0.56751 | 0.7755133079847909
9, 33, 42, 10, 34, 63, 37, 36, 65, 81, 11, 92 | 0.56975 | 0.7758174904942966
9, 33, 42, 10, 34, 63, 37, 36, 81, 62, 11, 92 | 0.56721 | 0.7756653992395437
9, 33, 42, 10, 34, 63, 36, 65, 81, 62, 11, 92 | 0.56608 | 0.7698859315589354
9, 33, 42, 10, 63, 36, 65, 23, 81, 62, 11, 92 | 0.56168 | 0.7651711026615969
9, 33, 42, 10, 63, 37, 36, 23, 81, 62, 11, 92 | 0.5642 | 0.7727756653992396
9, 33, 42, 10, 63, 37, 36, 65, 23, 62, 11, 92 | 0.5639 | 0.7709505703422054
9, 33, 42, 10, 63, 37, 36, 65, 23, 81, 11, 92 | 0.56614 | 0.7724714828897339
9, 33, 42, 10, 63, 37, 36, 65, 81, 62, 11, 92 | 0.55906 | 0.7663878326996197
9, 33, 42, 10, 63, 37, 65, 23, 81, 62, 11, 92 | 0.56424 | 0.7715589353612168
9, 33, 42, 10, 37, 36, 65, 23, 81, 62, 11, 92 | 0.55256 | 0.7606083650190114
9, 33, 10, 63, 37, 36, 65, 23, 81, 62, 11, 92 | 0.5668 | 0.7654752851711026
9, 33, 10, 34, 63, 37, 36, 65, 81, 62, 11, 92 | 0.57078 | 0.7701901140684411
9, 30, 33, 42, 10, 63, 37, 36, 65, 81, 62, 11 | 0.5823 | 0.7483744140329653
9, 30, 33, 42, 10, 63, 37, 36, 23, 81, 62, 11 | 0.58739 | 0.7477695448359293
9, 30, 33, 42, 10, 34, 63, 37, 36, 81, 62, 11 | 0.59031 | 0.7503402389233328
9, 30, 42, 10, 63, 37, 36, 65, 23, 81, 62, 11 | 0.56159 | 0.7269015575381824
9, 30, 42, 10, 37, 36, 65, 23, 81, 62, 11, 92 | 0.54624 | 0.7969581749049429
9, 1, 30, 42, 10, 63, 37, 36, 65, 81, 62, 11 | 0.57333 | 0.7536670195070316
9, 1, 30, 42, 10, 63, 37, 36, 23, 81, 62, 11 | 0.57779 | 0.751096325419628
9, 1, 30, 33, 42, 10, 34, 63, 36, 65, 81, 11 | 0.60448 | 0.7802812641766218
9, 1, 30, 33, 42, 10, 63, 36, 65, 23, 81, 11 | 0.60039 | 0.7760471797973688
9, 1, 30, 33, 42, 10, 63, 36, 23, 81, 62, 11 | 0.59857 | 0.7719643127173749
9, 1, 30, 33, 10, 63, 37, 36, 65, 23, 81, 11 | 0.6059 | 0.7774081354907001
9, 1, 30, 33, 10, 34, 63, 37, 36, 65, 81, 11 | 0.60964 | 0.7801300468773628
9, 1, 33, 42, 10, 37, 36, 65, 81, 62, 11, 92 | 0.56433 | 0.7980228136882129
9, 1, 33, 42, 63, 36, 65, 23, 81, 62, 11, 92 | 0.57426 | 0.7998479087452471
9, 1, 42, 63, 37, 36, 65, 23, 81, 62, 11, 92 | 0.55199 | 0.7949809885931559
9, 1, 42, 34, 63, 37, 36, 65, 81, 62, 11, 92 | 0.55588 | 0.7992395437262357
9, 1, 42, 10, 34, 37, 36, 65, 81, 62, 11, 92 | 0.54743 | 0.7937642585551331
9, 1, 42, 10, 63, 36, 65, 23, 81, 62, 11, 92 | 0.55313 | 0.7951330798479087
9, 1, 42, 10, 63, 37, 36, 65, 81, 62, 11, 92 | 0.55133 | 0.7971102661596958
9, 1, 42, 10, 37, 36, 65, 23, 81, 62, 11, 92 | 0.54365 | 0.7892015209125476
9, 1, 10, 63, 37, 36, 65, 23, 81, 62, 11, 92 | 0.55844 | 0.7957414448669201
1, 42, 10, 63, 37, 36, 65, 23, 81, 62, 11, 92 | 0.53342 | 0.7806844106463878
1, 42, 10, 34, 63, 37, 36, 65, 81, 62, 11, 92 | 0.53826 | 0.7843346007604562
1, 33, 42, 63, 37, 36, 65, 23, 81, 62, 11, 92 | 0.55184 | 0.7826615969581749
1, 33, 42, 34, 63, 37, 36, 65, 81, 62, 11, 92 | 0.55666 | 0.784638783269962
1, 33, 42, 10, 34, 37, 36, 65, 81, 62, 11, 92 | 0.55123 | 0.7834220532319391
1, 33, 42, 10, 34, 63, 37, 65, 81, 62, 11, 92 | 0.56181 | 0.791787072243346
1, 33, 42, 10, 34, 63, 37, 36, 65, 62, 11, 92 | 0.56128 | 0.791787072243346
1, 33, 42, 10, 34, 63, 37, 36, 65, 81, 11, 92 | 0.56431 | 0.7931558935361217
1, 33, 42, 10, 34, 63, 37, 36, 81, 62, 11, 92 | 0.56212 | 0.7939163498098859
1, 33, 42, 10, 34, 63, 36, 65, 81, 62, 11, 92 | 0.55818 | 0.7870722433460076
1, 33, 42, 10, 63, 36, 65, 23, 81, 62, 11, 92 | 0.55265 | 0.7832699619771863
1, 33, 42, 10, 63, 37, 36, 23, 81, 62, 11, 92 | 0.55814 | 0.7919391634980989
1, 33, 42, 10, 63, 37, 36, 65, 23, 62, 11, 92 | 0.55666 | 0.7885931558935361
1, 33, 42, 10, 63, 37, 36, 65, 23, 81, 11, 92 | 0.55988 | 0.7916349809885932
1, 33, 42, 10, 63, 37, 36, 65, 81, 62, 11, 92 | 0.5536 | 0.7864638783269962
1, 33, 42, 10, 63, 37, 65, 23, 81, 62, 11, 92 | 0.5572 | 0.788745247148289
1, 33, 42, 10, 37, 36, 65, 23, 81, 62, 11, 92 | 0.54678 | 0.7808365019011407
1, 33, 10, 63, 37, 36, 65, 23, 81, 62, 11, 92 | 0.55717 | 0.7809885931558935
1, 33, 10, 34, 63, 37, 36, 65, 81, 62, 11, 92 | 0.56236 | 0.7843346007604562
1, 30, 33, 42, 10, 63, 37, 36, 65, 81, 62, 11 | 0.57641 | 0.7585059730833207
1, 30, 33, 42, 10, 63, 37, 36, 65, 23, 81, 11 | 0.58242 | 0.759564494178134
1, 30, 33, 42, 10, 63, 37, 36, 23, 81, 62, 11 | 0.58083 | 0.755179192499622
1, 30, 33, 42, 10, 34, 63, 37, 36, 81, 62, 11 | 0.58459 | 0.7594132768788749
1, 30, 33, 42, 10, 34, 63, 37, 36, 65, 81, 11 | 0.58665 | 0.7636473612581279
1, 30, 42, 10, 63, 37, 36, 65, 23, 81, 62, 11 | 0.55706 | 0.7385452895811281
30, 42, 10, 63, 37, 36, 65, 23, 81, 62, 11, 92 | 0.53538 | 0.7881368821292776
30, 42, 10, 34, 63, 37, 36, 65, 81, 62, 11, 92 | 0.54017 | 0.7910266159695818
30, 33, 42, 63, 37, 36, 65, 23, 81, 62, 11, 92 | 0.55469 | 0.789809885931559
30, 33, 42, 34, 63, 37, 36, 65, 81, 62, 11, 92 | 0.55941 | 0.7913307984790875
30, 33, 42, 10, 34, 37, 36, 65, 81, 62, 11, 92 | 0.55462 | 0.7890494296577947
30, 33, 42, 10, 34, 63, 37, 65, 81, 62, 11, 92 | 0.56541 | 0.7992395437262357
30, 33, 42, 10, 34, 63, 37, 36, 65, 62, 11, 92 | 0.56514 | 0.7983269961977186
30, 33, 42, 10, 34, 63, 37, 36, 65, 81, 62, 11 | 0.56917 | 0.7352185089974294
30, 33, 42, 10, 34, 63, 36, 65, 81, 62, 11, 92 | 0.56222 | 0.7954372623574144
30, 33, 42, 10, 63, 36, 65, 23, 81, 62, 11, 92 | 0.55673 | 0.7922433460076046
30, 33, 42, 10, 63, 37, 36, 23, 81, 62, 11, 92 | 0.56131 | 0.7996958174904943
30, 33, 42, 10, 63, 37, 36, 65, 23, 62, 11, 92 | 0.56065 | 0.7957414448669201
30, 33, 42, 10, 63, 37, 36, 65, 23, 81, 62, 11 | 0.56466 | 0.7323453803115076
30, 33, 42, 10, 63, 37, 36, 65, 23, 81, 62, 92 | 0.56022 | 0.7983269961977186
30, 33, 42, 10, 63, 37, 36, 65, 81, 62, 11, 92 | 0.55663 | 0.7943726235741445
30, 33, 42, 10, 63, 37, 65, 23, 81, 62, 11, 92 | 0.56082 | 0.7966539923954372
30, 33, 42, 10, 37, 36, 65, 23, 81, 62, 11, 92 | 0.55033 | 0.7867680608365019
30, 33, 10, 63, 37, 36, 65, 23, 81, 62, 11, 92 | 0.55997 | 0.7896577946768061
30, 33, 10, 34, 63, 37, 36, 65, 81, 62, 11, 92 | 0.5652 | 0.7926996197718631
33, 42, 10, 63, 37, 36, 65, 23, 81, 62, 11, 92 | 0.53939 | 0.7429657794676806
33, 42, 10, 34, 63, 37, 36, 65, 81, 62, 11, 92 | 0.54426 | 0.7460076045627376
