3, 35 | 0.65206 | 0.7935784042749217
3, 9 | 0.6483 | 0.7872726330517698
3, 33 | 0.64607 | 0.6875150929727118
3, 10 | 0.63209 | 0.7827341905011808
3, 34 | 0.62848 | 0.7942829457364341
3, 37 | 0.6331 | 0.6969164028608278
3, 65 | 0.62509 | 0.7868578255675029
3, 81 | 0.62364 | 0.7968013885445078
3, 62 | 0.62283 | 0.7948920484465508
8, 35 | 0.3599 | 0.38736871199557765
8, 9 | 0.35702 | 0.325750116598435
8, 1 | 0.32524 | 0.40668557291980933
8, 30 | 0.31688 | 0.3306799583395328
8, 33 | 0.31351 | 0.3029059003461322
8, 42 | 0.30299 | 0.36863070539419085
8, 10 | 0.30251 | 0.33875623196011545
8, 34 | 0.29663 | 0.3244186046511628
8, 63 | 0.27216 | 0.46995431650462693
8, 37 | 0.28927 | 0.26884746160159456
8, 36 | 0.282 | 0.3433849821215733
8, 65 | 0.28275 | 0.3328554360812425
8, 23 | 0.28189 | 0.33373727581192436
8, 81 | 0.282 | 0.3170096702206794
8, 62 | 0.27658 | 0.3461032122169563
8, 11 | 0.26382 | 0.441856948434901
8, 92 | 0.2672 | 0.38722433460076044
35, 9 | 0.35149 | 0.30346686013369956
35, 1 | 0.31925 | 0.3835153563024196
35, 30 | 0.30969 | 0.3110400238059813
35, 33 | 0.29814 | 0.34750060371890845
35, 42 | 0.29818 | 0.3269709543568465
35, 10 | 0.29191 | 0.3454911221901513
35, 34 | 0.28522 | 0.33972868217054264
35, 63 | 0.27003 | 0.37975869743469604
35, 37 | 0.27935 | 0.2699026849572048
35, 36 | 0.27531 | 0.30595947556615016
35, 65 | 0.27236 | 0.33954599761051374
35, 23 | 0.27118 | 0.34440135724672805
35, 81 | 0.27541 | 0.27684106124473096
35, 62 | 0.26521 | 0.3663770405476567
35, 11 | 0.25489 | 0.4282473915015878
35, 92 | 0.2599 | 0.348745247148289
9, 1 | 0.29547 | 0.38152416581186266
9, 30 | 0.28027 | 0.35054307394732925
9, 33 | 0.28448 | 0.26338243580455606
9, 42 | 0.25085 | 0.5196680497925311
9, 10 | 0.2539 | 0.4670690107583311
9, 34 | 0.25858 | 0.36424418604651165
9, 63 | 0.25138 | 0.3158018039123814
9, 37 | 0.24512 | 0.3885566889436042
9, 36 | 0.24099 | 0.42765196662693683
9, 65 | 0.24538 | 0.37383512544802866
9, 23 | 0.24832 | 0.32925351429956373
9, 81 | 0.2399 | 0.4181750557897347
9, 62 | 0.24027 | 0.37730384412848866
9, 11 | 0.2369 | 0.3357024043550582
9, 92 | 0.23192 | 0.40760456273764256
1, 30 | 0.25095 | 0.3660169617616426
1, 33 | 0.25449 | 0.2855187957820172
1, 42 | 0.23786 | 0.4014107883817427
1, 10 | 0.23943 | 0.3553747922679962
1, 34 | 0.23446 | 0.33401162790697675
1, 63 | 0.2248 | 0.30807075084924446
1, 37 | 0.22775 | 0.27283386094501116
1, 36 | 0.22048 | 0.34743742550655543
1, 65 | 0.21998 | 0.35185185185185186
1, 23 | 0.22095 | 0.33082888996606885
1, 81 | 0.22023 | 0.32432432432432434
1, 62 | 0.21394 | 0.36532385466034756
1, 11 | 0.20812 | 0.35898986844094966
1, 92 | 0.20334 | 0.42798479087452473
30, 33 | 0.23579 | 0.18401352330354986
30, 42 | 0.22207 | 0.2726141078838174
30, 10 | 0.22111 | 0.24175631942622233
30, 34 | 0.21373 | 0.23149224806201552
30, 63 | 0.20005 | 0.23122876888836827
30, 37 | 0.20045 | 0.22581779810059796
30, 36 | 0.19654 | 0.2595947556615018
30, 65 | 0.19832 | 0.23655913978494625
30, 23 | 0.19809 | 0.228429471643238
30, 81 | 0.19575 | 0.23964790478551948
30, 62 | 0.19159 | 0.24736703528172724
30, 11 | 0.18412 | 0.2484500226825949
30, 92 | 0.17538 | 0.3770342205323194
33, 42 | 0.21832 | 0.2191701244813278
33, 10 | 0.21391 | 0.21560395346803113
33, 34 | 0.20786 | 0.18963178294573643
33, 63 | 0.19331 | 0.1908164460583343
33, 37 | 0.19302 | 0.19345761519521631
33, 36 | 0.19278 | 0.18295589988081049
33, 65 | 0.19097 | 0.2026284348864994
33, 23 | 0.19217 | 0.17668444013572468
33, 81 | 0.19094 | 0.1729481775353335
33, 62 | 0.18424 | 0.2099789362822538
33, 11 | 0.17684 | 0.20444578859821563
33, 92 | 0.1776 | 0.18828897338403042
42, 10 | 0.19768 | 0.3249365870725094
42, 34 | 0.19537 | 0.274515503875969
42, 63 | 0.18826 | 0.20627855218460817
42, 37 | 0.18602 | 0.23179739711572284
42, 36 | 0.17561 | 0.3431466030989273
42, 65 | 0.17918 | 0.2989247311827957
42, 23 | 0.18279 | 0.24515269025690742
42, 81 | 0.17234 | 0.3573022563848252
42, 62 | 0.17388 | 0.29726171669299634
42, 11 | 0.17082 | 0.2390745501285347
42, 92 | 0.16728 | 0.28851711026615967
10, 34 | 0.19492 | 0.21908914728682172
10, 63 | 0.18278 | 0.19819608761860139
10, 37 | 0.18047 | 0.2245280806659632
10, 36 | 0.1732 | 0.29833134684147794
10, 65 | 0.17856 | 0.23261648745519714
10, 23 | 0.17986 | 0.20588948133785748
10, 81 | 0.17272 | 0.2760971981155467
10, 62 | 0.17105 | 0.253291205897841
10, 11 | 0.16611 | 0.21699682443671556
10, 92 | 0.16375 | 0.24836501901140684
34, 63 | 0.17265 | 0.1864823708562727
34, 37 | 0.1721 | 0.19216789776058155
34, 36 | 0.17113 | 0.1903456495828367
34, 65 | 0.166 | 0.24970131421744324
34, 23 | 0.13666 | 0.5945225399903054
34, 81 | 0.1699 | 0.17307215472353088
34, 62 | 0.15784 | 0.28067403896787785
34, 11 | 0.15594 | 0.20247996370784818
34, 92 | 0.15505 | 0.21140684410646388
63, 37 | 0.16193 | 0.10235666549419627
63, 36 | 0.15764 | 0.13861740166865316
63, 65 | 0.15757 | 0.13739545997610514
63, 23 | 0.15382 | 0.17050412021328162
63, 81 | 0.15604 | 0.12385321100917432
63, 62 | 0.14996 | 0.14968404423380727
63, 11 | 0.14068 | 0.16361711779827612
63, 92 | 0.13949 | 0.17688212927756655
37, 36 | 0.15427 | 0.17783075089392134
37, 65 | 0.15355 | 0.18446833930704898
37, 23 | 0.1574 | 0.12615123606398448
37, 81 | 0.15188 | 0.17443590379370197
37, 62 | 0.14808 | 0.17338072669826224
37, 11 | 0.14338 | 0.12157870860426433
37, 92 | 0.14099 | 0.15285171102661596
36, 65 | 0.15307 | 0.17359617682198328
36, 23 | 0.15439 | 0.14578284052350945
36, 81 | 0.14721 | 0.21510042152243988
36, 62 | 0.14661 | 0.17443391258557137
36, 11 | 0.13913 | 0.1648268561923484
36, 92 | 0.13805 | 0.17642585551330797
65, 23 | 0.14907 | 0.20782840523509452
65, 81 | 0.15117 | 0.16352591123233326
65, 62 | 0.13901 | 0.271853607161664
65, 11 | 0.13768 | 0.18372901859972782
65, 92 | 0.13839 | 0.168212927756654
23, 81 | 0.15233 | 0.13451524919414828
23, 62 | 0.14136 | 0.22538177988414956
23, 11 | 0.13769 | 0.1657341599879026
23, 92 | 0.1369 | 0.1729277566539924
81, 62 | 0.14448 | 0.15982095839915744
81, 11 | 0.13725 | 0.1442613034931196
81, 92 | 0.13535 | 0.168212927756654
62, 11 | 0.13136 | 0.1622561621049448
62, 92 | 0.13155 | 0.15452471482889735
11, 92 | 0.1224 | 0.1441825095057034
