63, 37, 36, 65, 23, 81, 62, 11, 92 | 0.43387 | 0.6375665399239544
34, 63, 37, 36, 65, 81, 62, 11, 92 | 0.44132 | 0.6463878326996197
10, 34, 37, 36, 65, 81, 62, 11, 92 | 0.43983 | 0.6479087452471483
10, 34, 63, 37, 65, 81, 62, 11, 92 | 0.45152 | 0.662661596958175
10, 34, 63, 37, 36, 65, 62, 11, 92 | 0.45031 | 0.6609885931558935
10, 34, 63, 37, 36, 65, 81, 11, 92 | 0.45645 | 0.6710266159695818
10, 34, 63, 37, 36, 81, 62, 11, 92 | 0.4527 | 0.6678326996197719
10, 34, 63, 36, 65, 81, 62, 11, 92 | 0.44833 | 0.6597718631178707
10, 63, 36, 65, 23, 81, 62, 11, 92 | 0.43987 | 0.6509505703422053
10, 63, 37, 36, 23, 81, 62, 11, 92 | 0.44644 | 0.6617490494296578
10, 63, 37, 36, 65, 23, 62, 11, 92 | 0.44331 | 0.6546007604562738
10, 63, 37, 36, 65, 23, 81, 11, 92 | 0.44955 | 0.664638783269962
10, 63, 37, 36, 65, 81, 62, 11, 92 | 0.44169 | 0.6527756653992396
10, 63, 37, 65, 23, 81, 62, 11, 92 | 0.44429 | 0.6539923954372624
10, 37, 36, 65, 23, 81, 62, 11, 92 | 0.433 | 0.6409125475285171
42, 10, 36, 65, 23, 81, 62, 11, 92 | 0.43155 | 0.651254752851711
42, 10, 37, 36, 23, 81, 62, 11, 92 | 0.43818 | 0.6631178707224334
42, 10, 37, 36, 65, 23, 62, 11, 92 | 0.43791 | 0.6587072243346007
42, 10, 37, 36, 65, 23, 81, 11, 92 | 0.44082 | 0.665703422053232
42, 10, 37, 36, 65, 81, 62, 11, 92 | 0.43185 | 0.6539923954372624
42, 10, 37, 65, 23, 81, 62, 11, 92 | 0.43747 | 0.6612927756653992
42, 10, 63, 37, 23, 81, 62, 11, 92 | 0.45185 | 0.6787832699619771
42, 10, 63, 37, 65, 23, 62, 11, 92 | 0.4504 | 0.6740684410646388
42, 10, 63, 37, 65, 23, 81, 11, 92 | 0.45457 | 0.6824334600760457
42, 10, 63, 37, 65, 81, 62, 11, 92 | 0.44694 | 0.6725475285171103
42, 10, 63, 37, 36, 65, 62, 11, 92 | 0.44715 | 0.6701140684410647
42, 10, 63, 37, 36, 65, 81, 62, 11 | 0.44859 | 0.6201421442613035
42, 10, 63, 37, 36, 65, 81, 62, 92 | 0.44515 | 0.6702661596958175
42, 10, 63, 37, 36, 65, 81, 11, 92 | 0.44818 | 0.6743726235741445
42, 10, 63, 37, 36, 65, 23, 81, 11 | 0.45677 | 0.621956751852412
42, 10, 63, 37, 36, 65, 23, 81, 92 | 0.45283 | 0.6796958174904943
42, 10, 63, 37, 36, 65, 23, 11, 92 | 0.45462 | 0.6803041825095058
42, 10, 63, 37, 36, 23, 62, 11, 92 | 0.4519 | 0.6771102661596958
42, 10, 63, 37, 36, 23, 81, 62, 11 | 0.45414 | 0.6204445788598215
42, 10, 63, 37, 36, 23, 81, 62, 92 | 0.45024 | 0.6775665399239543
42, 10, 63, 37, 36, 23, 81, 11, 92 | 0.45289 | 0.6816730038022814
42, 10, 63, 37, 36, 81, 62, 11, 92 | 0.4455 | 0.6723954372623574
42, 10, 63, 36, 23, 81, 62, 11, 92 | 0.44378 | 0.6693536121673004
42, 10, 63, 36, 65, 23, 62, 11, 92 | 0.44347 | 0.6655513307984791
42, 10, 63, 36, 65, 23, 81, 11, 92 | 0.44764 | 0.6726996197718631
42, 10, 63, 36, 65, 81, 62, 11, 92 | 0.4406 | 0.662661596958175
42, 10, 63, 65, 23, 81, 62, 11, 92 | 0.44363 | 0.6678326996197719
42, 10, 34, 63, 65, 81, 62, 11, 92 | 0.45096 | 0.6754372623574144
42, 10, 34, 63, 36, 65, 62, 11, 92 | 0.45067 | 0.6719391634980989
42, 10, 34, 63, 36, 65, 81, 11, 92 | 0.45484 | 0.6783269961977186
42, 10, 34, 63, 36, 81, 62, 11, 92 | 0.45042 | 0.6757414448669201
42, 10, 34, 63, 37, 36, 62, 11, 92 | 0.45711 | 0.68106463878327
42, 10, 34, 63, 37, 36, 81, 62, 11 | 0.45933 | 0.6260396189324059
42, 10, 34, 63, 37, 36, 81, 62, 92 | 0.45556 | 0.6812167300380229
42, 10, 34, 63, 37, 36, 81, 11, 92 | 0.4585 | 0.6853231939163498
42, 10, 34, 63, 37, 36, 65, 81, 11 | 0.46255 | 0.62694692272796
42, 10, 34, 63, 37, 36, 65, 81, 92 | 0.45865 | 0.684106463878327
42, 10, 34, 63, 37, 36, 65, 11, 92 | 0.46038 | 0.6847148288973384
42, 10, 34, 63, 37, 65, 81, 11, 92 | 0.46041 | 0.6874524714828897
42, 10, 34, 63, 37, 81, 62, 11, 92 | 0.45715 | 0.6834980988593156
42, 10, 34, 37, 65, 81, 62, 11, 92 | 0.44325 | 0.6670722433460076
42, 10, 34, 37, 36, 65, 62, 11, 92 | 0.44353 | 0.663574144486692
42, 10, 34, 37, 36, 65, 81, 11, 92 | 0.44642 | 0.669809885931559
42, 10, 34, 37, 36, 81, 62, 11, 92 | 0.44319 | 0.6670722433460076
42, 10, 34, 36, 65, 81, 62, 11, 92 | 0.43862 | 0.6579467680608365
42, 34, 37, 36, 65, 81, 62, 11, 92 | 0.43352 | 0.6500380228136882
42, 34, 63, 37, 65, 81, 62, 11, 92 | 0.44626 | 0.6669201520912548
42, 34, 63, 37, 36, 65, 62, 11, 92 | 0.44681 | 0.6631178707224334
42, 34, 63, 37, 36, 65, 81, 11, 92 | 0.45098 | 0.6704182509505704
42, 34, 63, 37, 36, 81, 62, 11, 92 | 0.44783 | 0.6692015209125475
42, 34, 63, 36, 65, 81, 62, 11, 92 | 0.44178 | 0.6574904942965779
42, 63, 36, 65, 23, 81, 62, 11, 92 | 0.43401 | 0.6511026615969582
42, 63, 37, 36, 23, 81, 62, 11, 92 | 0.4423 | 0.6653992395437263
42, 63, 37, 36, 65, 23, 62, 11, 92 | 0.44054 | 0.6587072243346007
42, 63, 37, 36, 65, 23, 81, 11, 92 | 0.44483 | 0.6664638783269962
42, 63, 37, 36, 65, 81, 62, 11, 92 | 0.43731 | 0.6556653992395437
42, 63, 37, 65, 23, 81, 62, 11, 92 | 0.43989 | 0.6602281368821292
42, 37, 36, 65, 23, 81, 62, 11, 92 | 0.42729 | 0.6450190114068441
33, 42, 36, 65, 23, 81, 62, 11, 92 | 0.45379 | 0.6561216730038023
33, 42, 37, 36, 23, 81, 62, 11, 92 | 0.46111 | 0.669809885931559
33, 42, 37, 36, 65, 23, 62, 11, 92 | 0.45922 | 0.6632699619771864
33, 42, 37, 36, 65, 23, 81, 11, 92 | 0.46332 | 0.6696577946768061
33, 42, 37, 36, 65, 81, 62, 11, 92 | 0.45458 | 0.6574904942965779
33, 42, 37, 65, 23, 81, 62, 11, 92 | 0.45832 | 0.6637262357414448
33, 42, 63, 37, 23, 81, 62, 11, 92 | 0.47152 | 0.6787832699619771
33, 42, 63, 37, 65, 23, 62, 11, 92 | 0.46839 | 0.6695057034220532
33, 42, 63, 37, 65, 23, 81, 11, 92 | 0.47392 | 0.6806083650190115
33, 42, 63, 37, 65, 81, 62, 11, 92 | 0.46645 | 0.6705703422053232
33, 42, 63, 37, 36, 65, 62, 11, 92 | 0.46715 | 0.6696577946768061
33, 42, 63, 37, 36, 65, 81, 62, 11 | 0.46936 | 0.6401028277634961
33, 42, 63, 37, 36, 65, 81, 62, 92 | 0.46714 | 0.671787072243346
33, 42, 63, 37, 36, 65, 81, 11, 92 | 0.46932 | 0.6743726235741445
33, 42, 63, 37, 36, 65, 23, 81, 11 | 0.47747 | 0.6432783910479359
33, 42, 63, 37, 36, 65, 23, 81, 92 | 0.47478 | 0.68212927756654
33, 42, 63, 37, 36, 65, 23, 11, 92 | 0.47441 | 0.6803041825095058
33, 42, 63, 37, 36, 23, 62, 11, 92 | 0.47207 | 0.6792395437262357
33, 42, 63, 37, 36, 23, 81, 62, 11 | 0.47524 | 0.6410101315590504
33, 42, 63, 37, 36, 23, 81, 62, 92 | 0.47241 | 0.681977186311787
33, 42, 63, 37, 36, 23, 81, 11, 92 | 0.47436 | 0.6842585551330799
33, 42, 63, 37, 36, 81, 62, 11, 92 | 0.46706 | 0.674828897338403
33, 42, 63, 36, 23, 81, 62, 11, 92 | 0.46494 | 0.6725475285171103
33, 42, 63, 36, 65, 23, 62, 11, 92 | 0.46288 | 0.6652471482889734
33, 42, 63, 36, 65, 23, 81, 11, 92 | 0.46834 | 0.6733079847908745
33, 42, 63, 36, 65, 81, 62, 11, 92 | 0.46145 | 0.6632699619771864
33, 42, 63, 65, 23, 81, 62, 11, 92 | 0.46224 | 0.6653992395437263
33, 42, 34, 63, 65, 81, 62, 11, 92 | 0.46971 | 0.6723954372623574
33, 42, 34, 63, 36, 65, 62, 11, 92 | 0.47032 | 0.6702661596958175
33, 42, 34, 63, 36, 65, 81, 11, 92 | 0.47555 | 0.6781749049429657
33, 42, 34, 63, 36, 81, 62, 11, 92 | 0.47152 | 0.6768060836501901
33, 42, 34, 63, 37, 36, 62, 11, 92 | 0.47723 | 0.6813688212927757
33, 42, 34, 63, 37, 36, 81, 62, 11 | 0.48026 | 0.6473612581279299
33, 42, 34, 63, 37, 36, 81, 62, 92 | 0.47768 | 0.6845627376425856
33, 42, 34, 63, 37, 36, 81, 11, 92 | 0.47986 | 0.6865399239543726
33, 42, 34, 63, 37, 36, 65, 81, 11 | 0.48312 | 0.6488734311205202
33, 42, 34, 63, 37, 36, 65, 81, 92 | 0.48056 | 0.6857794676806084
33, 42, 34, 63, 37, 36, 65, 11, 92 | 0.48016 | 0.6839543726235742
33, 42, 34, 63, 37, 65, 81, 11, 92 | 0.47974 | 0.6848669201520913
33, 42, 34, 63, 37, 81, 62, 11, 92 | 0.47678 | 0.6824334600760457
33, 42, 34, 37, 65, 81, 62, 11, 92 | 0.46417 | 0.6688973384030418
33, 42, 34, 37, 36, 65, 62, 11, 92 | 0.46494 | 0.6672243346007605
33, 42, 34, 37, 36, 65, 81, 11, 92 | 0.4688 | 0.6731558935361217
33, 42, 34, 37, 36, 81, 62, 11, 92 | 0.46601 | 0.6719391634980989
33, 42, 34, 36, 65, 81, 62, 11, 92 | 0.46092 | 0.6617490494296578
33, 42, 10, 34, 36, 65, 81, 11, 92 | 0.47277 | 0.6793916349809886
33, 42, 10, 34, 36, 81, 62, 11, 92 | 0.46856 | 0.6777186311787072
33, 42, 10, 34, 37, 36, 62, 11, 92 | 0.47413 | 0.6825855513307985
33, 42, 10, 34, 37, 36, 81, 11, 92 | 0.47569 | 0.6854752851711027
33, 42, 10, 34, 37, 36, 65, 11, 92 | 0.47716 | 0.6854752851711027
33, 42, 10, 34, 37, 65, 81, 11, 92 | 0.47695 | 0.6873003802281369
33, 42, 10, 34, 37, 81, 62, 11, 92 | 0.47393 | 0.6844106463878327
33, 42, 10, 34, 63, 37, 62, 11, 92 | 0.48514 | 0.6930798479087452
33, 42, 10, 34, 63, 37, 81, 11, 92 | 0.48781 | 0.698555133079848
33, 42, 10, 34, 63, 37, 65, 11, 92 | 0.48828 | 0.6970342205323193
33, 42, 10, 34, 63, 37, 36, 11, 92 | 0.48772 | 0.6970342205323193
33, 42, 10, 34, 63, 36, 62, 11, 92 | 0.4788 | 0.6874524714828897
33, 42, 10, 34, 63, 36, 81, 62, 11 | 0.4821 | 0.6561318614849538
33, 42, 10, 34, 63, 36, 81, 62, 92 | 0.4797 | 0.6906463878326996
33, 42, 10, 34, 63, 36, 81, 11, 92 | 0.48132 | 0.6914068441064639
33, 42, 10, 34, 63, 36, 65, 81, 11 | 0.48619 | 0.6577952517768033
33, 42, 10, 34, 63, 36, 65, 81, 92 | 0.48382 | 0.6918631178707224
33, 42, 10, 34, 63, 36, 65, 11, 92 | 0.48291 | 0.6897338403041825
33, 42, 10, 34, 63, 65, 81, 11, 92 | 0.4831 | 0.6921673003802281
33, 42, 10, 34, 63, 81, 62, 11, 92 | 0.47888 | 0.6895817490494297
33, 42, 10, 63, 23, 81, 62, 11, 92 | 0.47259 | 0.6844106463878327
33, 42, 10, 63, 65, 23, 81, 11, 92 | 0.47628 | 0.6866920152091255
33, 42, 10, 63, 65, 81, 62, 11, 92 | 0.46918 | 0.6763498098859315
33, 42, 10, 63, 36, 65, 62, 11, 92 | 0.46935 | 0.6745247148288973
33, 42, 10, 63, 36, 65, 81, 62, 11 | 0.47182 | 0.6508392560108877
33, 42, 10, 63, 36, 65, 81, 62, 92 | 0.46993 | 0.6775665399239543
33, 42, 10, 63, 36, 65, 81, 11, 92 | 0.47159 | 0.6786311787072243
33, 42, 10, 63, 36, 65, 23, 81, 11 | 0.47947 | 0.6514441252079238
33, 42, 10, 63, 36, 65, 23, 81, 92 | 0.47697 | 0.6874524714828897
33, 42, 10, 63, 36, 65, 23, 11, 92 | 0.47613 | 0.6848669201520913
33, 42, 10, 63, 36, 23, 62, 11, 92 | 0.47259 | 0.6827376425855514
33, 42, 10, 63, 36, 23, 81, 62, 11 | 0.47595 | 0.6491758657190383
33, 42, 10, 63, 36, 23, 81, 62, 92 | 0.47336 | 0.6865399239543726
33, 42, 10, 63, 36, 23, 81, 11, 92 | 0.47474 | 0.687148288973384
33, 42, 10, 63, 36, 81, 62, 11, 92 | 0.46786 | 0.6783269961977186
33, 42, 10, 63, 37, 36, 62, 11, 92 | 0.47515 | 0.685171102661597
33, 42, 10, 63, 37, 36, 81, 62, 11 | 0.4767 | 0.6458490851353395
33, 42, 10, 63, 37, 36, 81, 62, 92 | 0.47384 | 0.6873003802281369
33, 42, 10, 63, 37, 36, 81, 11, 92 | 0.47426 | 0.6860836501901141
33, 42, 10, 63, 37, 36, 23, 11, 92 | 0.48253 | 0.694296577946768
33, 42, 10, 63, 37, 36, 65, 23, 11 | 0.48558 | 0.6552245576893997
33, 42, 10, 63, 37, 36, 65, 23, 92 | 0.48289 | 0.6941444866920152
33, 42, 10, 63, 37, 36, 65, 11, 92 | 0.47781 | 0.6866920152091255
33, 42, 10, 63, 37, 65, 62, 11, 92 | 0.47528 | 0.6830418250950571
33, 42, 10, 63, 37, 65, 81, 11, 92 | 0.47758 | 0.6877566539923954
33, 42, 10, 63, 37, 65, 23, 81, 11 | 0.48563 | 0.6544684711931045
33, 42, 10, 63, 37, 65, 23, 81, 92 | 0.48281 | 0.695361216730038
33, 42, 10, 63, 37, 65, 23, 11, 92 | 0.4828 | 0.6929277566539924
33, 42, 10, 63, 37, 23, 62, 11, 92 | 0.48021 | 0.6897338403041825
33, 42, 10, 63, 37, 23, 81, 11, 92 | 0.48257 | 0.6956653992395437
33, 42, 10, 63, 37, 81, 62, 11, 92 | 0.475 | 0.6860836501901141
33, 42, 10, 37, 23, 81, 62, 11, 92 | 0.46926 | 0.6818250950570343
33, 42, 10, 37, 65, 23, 81, 11, 92 | 0.47177 | 0.6836501901140685
33, 42, 10, 37, 65, 81, 62, 11, 92 | 0.46309 | 0.6722433460076046
33, 42, 10, 37, 36, 65, 62, 11, 92 | 0.46361 | 0.6704182509505704
33, 42, 10, 37, 36, 65, 81, 11, 92 | 0.46463 | 0.6730038022813688
33, 42, 10, 37, 36, 65, 23, 11, 92 | 0.47214 | 0.681977186311787
33, 42, 10, 37, 36, 23, 62, 11, 92 | 0.46966 | 0.6803041825095058
33, 42, 10, 37, 36, 23, 81, 11, 92 | 0.47091 | 0.6838022813688213
33, 42, 10, 37, 36, 81, 62, 11, 92 | 0.46212 | 0.6730038022813688
33, 42, 10, 36, 23, 81, 62, 11, 92 | 0.46277 | 0.6733079847908745
33, 42, 10, 36, 65, 23, 62, 11, 92 | 0.46219 | 0.6682889733840304
33, 42, 10, 36, 65, 23, 81, 11, 92 | 0.46636 | 0.6746768060836502
33, 42, 10, 36, 65, 81, 62, 11, 92 | 0.4581 | 0.6631178707224334
33, 10, 36, 65, 23, 81, 62, 11, 92 | 0.46048 | 0.6520152091254753
33, 10, 37, 36, 23, 81, 62, 11, 92 | 0.46595 | 0.6640304182509505
33, 10, 37, 36, 65, 23, 62, 11, 92 | 0.46289 | 0.6562737642585551
33, 10, 37, 36, 65, 23, 81, 11, 92 | 0.46908 | 0.663574144486692
33, 10, 37, 36, 65, 81, 62, 11, 92 | 0.45997 | 0.6520152091254753
33, 10, 37, 65, 23, 81, 62, 11, 92 | 0.46335 | 0.6559695817490494
33, 10, 63, 37, 23, 81, 62, 11, 92 | 0.47502 | 0.6714828897338403
33, 10, 63, 37, 65, 23, 62, 11, 92 | 0.47054 | 0.6632699619771864
33, 10, 63, 37, 65, 23, 81, 11, 92 | 0.47818 | 0.6742205323193916
33, 10, 63, 37, 65, 81, 62, 11, 92 | 0.47047 | 0.6631178707224334
33, 10, 63, 37, 36, 65, 62, 11, 92 | 0.46965 | 0.6619011406844106
33, 10, 63, 37, 36, 65, 81, 62, 11 | 0.4738 | 0.6432783910479359
33, 10, 63, 37, 36, 65, 81, 62, 92 | 0.47208 | 0.6673764258555133
33, 10, 63, 37, 36, 65, 81, 11, 92 | 0.47377 | 0.669809885931559
33, 10, 63, 37, 36, 65, 23, 81, 11 | 0.48226 | 0.6458490851353395
33, 10, 63, 37, 36, 65, 23, 81, 92 | 0.48002 | 0.67787072243346
33, 10, 63, 37, 36, 65, 23, 11, 92 | 0.47721 | 0.6740684410646388
33, 10, 63, 37, 36, 23, 62, 11, 92 | 0.47398 | 0.671787072243346
33, 10, 63, 37, 36, 23, 81, 62, 11 | 0.47925 | 0.6413125661575684
33, 10, 63, 37, 36, 23, 81, 62, 92 | 0.47686 | 0.6755893536121673
33, 10, 63, 37, 36, 23, 81, 11, 92 | 0.47831 | 0.6787832699619771
33, 10, 63, 37, 36, 81, 62, 11, 92 | 0.4706 | 0.6684410646387833
33, 10, 63, 36, 23, 81, 62, 11, 92 | 0.46999 | 0.6688973384030418
33, 10, 63, 36, 65, 23, 62, 11, 92 | 0.46672 | 0.6605323193916349
33, 10, 63, 36, 65, 23, 81, 11, 92 | 0.47409 | 0.6710266159695818
33, 10, 63, 36, 65, 81, 62, 11, 92 | 0.46694 | 0.6599239543726235
33, 10, 63, 65, 23, 81, 62, 11, 92 | 0.46788 | 0.6603802281368821
33, 10, 34, 63, 65, 81, 62, 11, 92 | 0.476 | 0.6681368821292776
33, 10, 34, 63, 36, 65, 62, 11, 92 | 0.47471 | 0.6666159695817491
33, 10, 34, 63, 36, 65, 81, 11, 92 | 0.48198 | 0.6771102661596958
33, 10, 34, 63, 36, 81, 62, 11, 92 | 0.47729 | 0.6752851711026616
33, 10, 34, 63, 37, 36, 62, 11, 92 | 0.47991 | 0.6749809885931559
33, 10, 34, 63, 37, 36, 81, 62, 11 | 0.48501 | 0.6469076062301528
33, 10, 34, 63, 37, 36, 81, 62, 92 | 0.48278 | 0.6787832699619771
33, 10, 34, 63, 37, 36, 81, 11, 92 | 0.48455 | 0.6827376425855514
33, 10, 34, 63, 37, 36, 65, 81, 11 | 0.48858 | 0.6515953425071829
33, 10, 34, 63, 37, 36, 65, 81, 92 | 0.48643 | 0.6822813688212928
33, 10, 34, 63, 37, 36, 65, 11, 92 | 0.48365 | 0.6784790874524714
33, 10, 34, 63, 37, 65, 62, 11, 92 | 0.47728 | 0.6688973384030418
33, 10, 34, 63, 37, 65, 81, 11, 92 | 0.48475 | 0.6798479087452471
33, 10, 34, 63, 37, 81, 62, 11, 92 | 0.48107 | 0.6765019011406844
33, 10, 34, 37, 65, 81, 62, 11, 92 | 0.46982 | 0.6611406844106464
33, 10, 34, 37, 36, 65, 62, 11, 92 | 0.46912 | 0.6599239543726235
33, 10, 34, 37, 36, 65, 81, 11, 92 | 0.4751 | 0.6678326996197719
33, 10, 34, 37, 36, 81, 62, 11, 92 | 0.47146 | 0.6667680608365019
33, 10, 34, 36, 65, 81, 62, 11, 92 | 0.4681 | 0.6585551330798479
33, 34, 37, 36, 65, 81, 62, 11, 92 | 0.4612 | 0.6459315589353612
33, 34, 63, 37, 65, 81, 62, 11, 92 | 0.46933 | 0.6555133079847909
33, 34, 63, 37, 36, 65, 62, 11, 92 | 0.46865 | 0.6539923954372624
33, 34, 63, 37, 36, 65, 81, 11, 92 | 0.47621 | 0.6664638783269962
33, 34, 63, 37, 36, 81, 62, 11, 92 | 0.47294 | 0.6643346007604563
33, 34, 63, 36, 65, 81, 62, 11, 92 | 0.46812 | 0.655361216730038
33, 63, 36, 65, 23, 81, 62, 11, 92 | 0.45959 | 0.6469961977186311
33, 63, 37, 36, 23, 81, 62, 11, 92 | 0.46672 | 0.6590114068441064
33, 63, 37, 36, 65, 23, 62, 11, 92 | 0.46161 | 0.6477566539923955
33, 63, 37, 36, 65, 23, 81, 11, 92 | 0.4694 | 0.6597718631178707
33, 63, 37, 36, 65, 81, 62, 11, 92 | 0.46181 | 0.649277566539924
33, 63, 37, 65, 23, 81, 62, 11, 92 | 0.46203 | 0.6466920152091254
33, 37, 36, 65, 23, 81, 62, 11, 92 | 0.45439 | 0.64
30, 33, 63, 37, 36, 65, 81, 62, 11 | 0.49227 | 0.665053682141237
30, 33, 63, 37, 36, 65, 23, 81, 11 | 0.49981 | 0.6688341146227128
30, 33, 63, 37, 36, 23, 81, 62, 11 | 0.49744 | 0.6636927264479057
30, 33, 34, 63, 37, 36, 81, 62, 11 | 0.50297 | 0.6680780281264177
30, 33, 34, 63, 37, 36, 65, 81, 11 | 0.50595 | 0.6735218508997429
30, 33, 10, 34, 37, 36, 65, 81, 11 | 0.50475 | 0.6703462876153032
30, 33, 10, 34, 63, 37, 65, 81, 11 | 0.51436 | 0.6845607137456525
30, 33, 10, 34, 63, 37, 36, 65, 11 | 0.51291 | 0.6828973234538032
30, 33, 10, 34, 63, 37, 36, 81, 11 | 0.51376 | 0.6753364584908513
30, 33, 10, 34, 63, 36, 65, 81, 11 | 0.51174 | 0.6859216694389838
30, 33, 10, 63, 36, 65, 81, 62, 11 | 0.49762 | 0.6794193255708453
30, 33, 10, 63, 36, 65, 23, 81, 11 | 0.50457 | 0.6806290639649176
30, 33, 10, 63, 36, 23, 81, 62, 11 | 0.50096 | 0.6747315892938152
30, 33, 10, 63, 37, 36, 81, 62, 11 | 0.50078 | 0.6686828973234538
30, 33, 10, 63, 37, 36, 23, 81, 11 | 0.50813 | 0.6691365492212309
30, 33, 10, 63, 37, 36, 65, 23, 11 | 0.50712 | 0.6797217601693634
30, 33, 10, 63, 37, 36, 65, 81, 11 | 0.50348 | 0.6733706336004839
30, 33, 10, 63, 37, 65, 23, 81, 11 | 0.50833 | 0.6800241947678815
30, 33, 10, 37, 36, 65, 23, 81, 11 | 0.4992 | 0.6667170724330863
30, 33, 42, 10, 37, 36, 65, 23, 11 | 0.50159 | 0.6726145471041887
30, 33, 42, 10, 63, 37, 81, 62, 11 | 0.50478 | 0.6768486314834417
30, 33, 42, 10, 63, 37, 65, 23, 11 | 0.51212 | 0.6869801905337971
30, 33, 42, 10, 63, 36, 81, 62, 11 | 0.49798 | 0.678058369877514
30, 33, 42, 10, 63, 36, 65, 23, 11 | 0.50583 | 0.686677755935279
30, 33, 42, 10, 63, 65, 23, 81, 11 | 0.50634 | 0.68652653863602
30, 33, 42, 10, 34, 63, 36, 65, 11 | 0.512 | 0.691063057613791
30, 33, 42, 34, 63, 37, 65, 81, 11 | 0.50889 | 0.6788144563738092
30, 33, 42, 34, 63, 36, 65, 81, 11 | 0.50503 | 0.6818388023589899
30, 33, 42, 63, 36, 65, 23, 81, 11 | 0.49864 | 0.6765461968849237
30, 33, 42, 63, 36, 23, 81, 62, 11 | 0.49552 | 0.6727657644034477
30, 33, 42, 63, 37, 36, 81, 62, 11 | 0.49669 | 0.6662634205353093
30, 33, 42, 63, 37, 36, 65, 23, 11 | 0.50406 | 0.6777559352789959
30, 33, 42, 63, 37, 65, 23, 81, 11 | 0.50376 | 0.67397550279752
30, 42, 63, 37, 36, 65, 81, 62, 11 | 0.46818 | 0.6416150007560865
30, 42, 63, 37, 36, 65, 23, 81, 11 | 0.47562 | 0.6444881294420082
30, 42, 63, 37, 36, 23, 81, 62, 11 | 0.4732 | 0.6414637834568274
30, 42, 34, 63, 37, 36, 81, 62, 11 | 0.4781 | 0.6469076062301528
30, 42, 34, 63, 37, 36, 65, 81, 11 | 0.48116 | 0.6494783003175564
30, 42, 10, 34, 63, 36, 81, 62, 11 | 0.48121 | 0.65673673068199
30, 42, 10, 34, 63, 36, 65, 81, 11 | 0.48522 | 0.6602147285649478
30, 42, 10, 63, 36, 65, 81, 62, 11 | 0.47193 | 0.6538636019960683
30, 42, 10, 63, 36, 65, 23, 81, 11 | 0.47862 | 0.6541660365945864
30, 42, 10, 63, 36, 23, 81, 62, 11 | 0.47512 | 0.6499319522153334
30, 42, 10, 63, 37, 36, 81, 62, 11 | 0.47616 | 0.6456978678360804
30, 42, 10, 63, 37, 36, 65, 23, 11 | 0.48474 | 0.6559806441856948
30, 42, 10, 37, 36, 23, 81, 62, 11 | 0.46901 | 0.6355663087857251
30, 10, 63, 37, 36, 65, 81, 62, 11 | 0.47317 | 0.6463027370331166
30, 10, 63, 37, 36, 65, 23, 81, 11 | 0.48068 | 0.6488734311205202
30, 10, 63, 37, 36, 23, 81, 62, 11 | 0.47786 | 0.6429759564494179
30, 10, 34, 63, 37, 36, 81, 62, 11 | 0.48353 | 0.648117344624225
30, 10, 34, 63, 37, 36, 65, 81, 11 | 0.487 | 0.6537123846968094
1, 30, 63, 37, 36, 65, 23, 81, 11 | 0.49459 | 0.6857704521397248
1, 30, 34, 63, 37, 36, 65, 81, 11 | 0.50061 | 0.6912142749130501
1, 30, 10, 34, 37, 36, 65, 81, 11 | 0.49855 | 0.6848631483441706
1, 30, 10, 34, 63, 37, 65, 81, 11 | 0.5093 | 0.699228791773779
1, 30, 10, 63, 36, 65, 23, 81, 11 | 0.49792 | 0.6946922727960079
1, 30, 10, 63, 37, 36, 81, 62, 11 | 0.49624 | 0.6848631483441706
1, 30, 10, 63, 37, 36, 23, 81, 11 | 0.50256 | 0.6851655829426886
1, 30, 10, 63, 37, 36, 65, 23, 11 | 0.50119 | 0.6945410554967488
1, 30, 10, 63, 37, 36, 65, 81, 11 | 0.49884 | 0.6900045365189778
1, 30, 10, 63, 37, 65, 23, 81, 11 | 0.50335 | 0.6942386208982307
1, 30, 10, 37, 36, 65, 23, 81, 11 | 0.49275 | 0.6798729774686224
1, 30, 42, 10, 63, 37, 65, 23, 11 | 0.50611 | 0.699531226372297
1, 30, 42, 10, 63, 36, 81, 62, 11 | 0.49218 | 0.6900045365189778
1, 30, 42, 10, 63, 36, 65, 23, 11 | 0.49841 | 0.699380009073038
1, 30, 42, 34, 63, 36, 65, 81, 11 | 0.4979 | 0.6975654014819296
1, 30, 42, 63, 36, 65, 23, 81, 11 | 0.49143 | 0.690911840314532
1, 30, 42, 63, 37, 36, 81, 62, 11 | 0.49143 | 0.6841070618478754
1, 30, 42, 63, 37, 36, 65, 23, 11 | 0.49758 | 0.6925752306063814
1, 30, 33, 10, 63, 36, 65, 23, 81 | 0.52619 | 0.6999752045623605
1, 33, 63, 37, 36, 65, 23, 81, 11 | 0.49949 | 0.6906094057160139
1, 33, 34, 63, 37, 36, 65, 81, 11 | 0.50543 | 0.6963556630878572
1, 33, 10, 34, 37, 36, 65, 81, 11 | 0.5032 | 0.6921215787086042
1, 33, 10, 34, 63, 37, 36, 81, 11 | 0.51271 | 0.6986239225767428
1, 33, 10, 63, 36, 65, 23, 81, 11 | 0.50206 | 0.6990775744745199
1, 33, 10, 63, 37, 36, 81, 62, 11 | 0.50022 | 0.6890972327234236
1, 33, 10, 63, 37, 36, 23, 81, 11 | 0.5074 | 0.690911840314532
1, 33, 10, 63, 37, 36, 65, 23, 11 | 0.50505 | 0.699531226372297
1, 33, 10, 63, 37, 36, 65, 81, 11 | 0.50277 | 0.6955995765915621
1, 33, 10, 63, 37, 65, 23, 81, 11 | 0.50687 | 0.699833660970815
1, 33, 10, 37, 36, 65, 23, 81, 11 | 0.49783 | 0.68652653863602
1, 33, 42, 10, 63, 36, 81, 62, 11 | 0.49565 | 0.6922727960078633
1, 33, 42, 34, 63, 36, 65, 81, 11 | 0.50219 | 0.699984878270074
1, 33, 42, 63, 36, 65, 23, 81, 11 | 0.49576 | 0.6925752306063814
1, 33, 42, 63, 37, 36, 81, 62, 11 | 0.49585 | 0.6863753213367609
1, 33, 42, 63, 37, 36, 65, 23, 11 | 0.50154 | 0.695297141993044
1, 42, 10, 63, 37, 36, 65, 23, 11 | 0.48326 | 0.6773022833812188
1, 10, 63, 37, 36, 65, 23, 81, 11 | 0.48117 | 0.6726145471041887
1, 10, 34, 63, 37, 36, 65, 81, 11 | 0.48734 | 0.6791168909723272
9, 30, 10, 63, 37, 36, 81, 62, 11 | 0.50442 | 0.6721608952064116
9, 30, 10, 63, 37, 36, 65, 23, 11 | 0.51188 | 0.6838046272493573
9, 30, 42, 10, 63, 37, 65, 23, 11 | 0.5133 | 0.6851655829426886
9, 33, 37, 36, 65, 81, 62, 11, 92 | 0.4913 | 0.6991634980988594
9, 33, 10, 63, 36, 65, 23, 81, 11 | 0.5151 | 0.6851655829426886
9, 33, 10, 63, 37, 36, 81, 62, 11 | 0.50866 | 0.6754876757901104
9, 33, 10, 63, 37, 36, 65, 23, 11 | 0.51641 | 0.6863753213367609
9, 33, 42, 10, 63, 37, 65, 23, 11 | 0.51665 | 0.6887947981249055
9, 33, 42, 63, 37, 36, 65, 23, 11 | 0.51138 | 0.6804778466656586
9, 42, 37, 36, 23, 81, 62, 11, 92 | 0.46358 | 0.6962737642585551
9, 42, 37, 36, 65, 81, 62, 11, 92 | 0.45741 | 0.6879087452471483
9, 42, 63, 36, 65, 81, 62, 11, 92 | 0.46863 | 0.6958174904942965
9, 42, 10, 37, 65, 81, 62, 11, 92 | 0.46411 | 0.6997718631178708
9, 42, 10, 37, 36, 65, 62, 11, 92 | 0.46415 | 0.6967300380228136
9, 42, 10, 36, 23, 81, 62, 11, 92 | 0.46521 | 0.6970342205323193
9, 42, 10, 36, 65, 81, 62, 11, 92 | 0.46059 | 0.6894296577946768
9, 10, 37, 36, 23, 81, 62, 11, 92 | 0.47085 | 0.6968821292775665
9, 10, 37, 36, 65, 23, 81, 11, 92 | 0.47344 | 0.6968821292775665
9, 10, 37, 36, 65, 81, 62, 11, 92 | 0.46444 | 0.6877566539923954
9, 10, 63, 36, 65, 81, 62, 11, 92 | 0.47539 | 0.6976425855513309
9, 63, 37, 36, 65, 81, 62, 11, 92 | 0.47197 | 0.6938403041825095
35, 63, 37, 36, 23, 81, 62, 11, 92 | 0.5084 | 0.6994676806083651
35, 63, 37, 36, 65, 81, 62, 11, 92 | 0.50505 | 0.6935361216730038
8, 63, 36, 65, 23, 81, 62, 11, 92 | 0.50243 | 0.6971863117870722
