177, 145, 438 | 0.13064 | 0.06406561737973841
937, 177, 438 | 0.13352 | 0.06672578142318776
937, 145, 438 | 0.13111 | 0.06761250277100421
883, 937, 177 | 0.1363 | 0.09267660401814647
883, 937, 438 | 0.13633 | 0.06827754378186655
883, 177, 438 | 0.13478 | 0.06473065839060076
883, 145, 438 | 0.13528 | 0.06694746176014188
120, 883, 937 | 0.14036 | 0.06002990813928648
120, 883, 145 | 0.13904 | 0.06382978723404255
120, 937, 177 | 0.13775 | 0.0807949881183841
692, 120, 883 | 0.14314 | 0.08200734394124846
692, 120, 937 | 0.14219 | 0.05896176030762658
692, 120, 145 | 0.14063 | 0.0679973678438254
692, 883, 937 | 0.1411 | 0.06280709250160223
692, 883, 145 | 0.13986 | 0.0649265189734591
692, 883, 438 | 0.13908 | 0.07226778984704056
692, 937, 438 | 0.13715 | 0.07248947018399468
692, 177, 438 | 0.13388 | 0.07027266681445356
692, 145, 438 | 0.13579 | 0.07204610951008646
419, 692, 120 | 0.14499 | 0.0659561632817213
419, 692, 883 | 0.14414 | 0.06976744186046512
419, 692, 937 | 0.14238 | 0.06344798120059816
419, 692, 438 | 0.14039 | 0.07226778984704056
419, 120, 883 | 0.14344 | 0.08384332925336598
419, 120, 937 | 0.14245 | 0.06173894466994232
419, 120, 177 | 0.14116 | 0.07906675307841866
419, 883, 937 | 0.14149 | 0.06686605426190985
419, 883, 177 | 0.13987 | 0.09138042773817238
419, 883, 438 | 0.13987 | 0.06761250277100421
419, 937, 177 | 0.13884 | 0.06977748973860445
419, 937, 438 | 0.13783 | 0.06783418310795833
419, 177, 438 | 0.13745 | 0.0656173797384172
494, 419, 692 | 0.14626 | 0.07009813739234928
494, 419, 120 | 0.14607 | 0.07017896641866077
494, 419, 177 | 0.14282 | 0.0712896953985742
494, 419, 438 | 0.14184 | 0.06872090445577478
494, 692, 120 | 0.14576 | 0.06635833500904886
494, 692, 438 | 0.14109 | 0.07426291287962758
494, 120, 177 | 0.1414 | 0.0829552819183409
494, 937, 177 | 0.13699 | 0.07280190105854396
494, 937, 438 | 0.13606 | 0.069164265129683
494, 177, 438 | 0.13759 | 0.06783418310795833
494, 145, 438 | 0.13515 | 0.06849922411882066
217, 494, 692 | 0.14944 | 0.0686961746445023
217, 494, 120 | 0.14896 | 0.07460285541926402
217, 494, 177 | 0.14468 | 0.09829336789803413
217, 494, 438 | 0.14459 | 0.07670139658612281
217, 419, 692 | 0.14711 | 0.07410374524334068
217, 419, 120 | 0.147 | 0.07259199678262618
217, 419, 883 | 0.14566 | 0.0864953080375357
217, 419, 937 | 0.14383 | 0.08246101260414442
217, 419, 177 | 0.1428 | 0.09440483905811191
217, 419, 438 | 0.14271 | 0.07271115052094879
217, 692, 120 | 0.14815 | 0.06877136537301427
217, 692, 883 | 0.14656 | 0.08771929824561403
217, 692, 937 | 0.14492 | 0.07968382824182867
217, 692, 438 | 0.14337 | 0.07936156062957216
217, 120, 937 | 0.14471 | 0.07797479171117283
217, 883, 937 | 0.14315 | 0.08139286477248452
217, 883, 145 | 0.14125 | 0.09848651019960518
217, 883, 438 | 0.14192 | 0.07404123254267346
217, 937, 177 | 0.14002 | 0.0965651328580687
217, 937, 438 | 0.13992 | 0.07514963422744403
217, 177, 438 | 0.139 | 0.07248947018399468
217, 145, 438 | 0.13799 | 0.07315451119485701
684, 217, 494 | 0.15302 | 0.07546060368482947
684, 217, 419 | 0.15154 | 0.09649990112715048
684, 217, 692 | 0.15235 | 0.0686961746445023
684, 217, 120 | 0.15201 | 0.07178765332797105
684, 217, 883 | 0.15 | 0.09934720522235822
684, 217, 937 | 0.14856 | 0.08758812219611194
684, 217, 177 | 0.14769 | 0.09613307409807734
684, 494, 419 | 0.15028 | 0.06545382637927626
684, 494, 692 | 0.14971 | 0.06489084718606049
684, 494, 120 | 0.14932 | 0.06897245123667806
684, 494, 177 | 0.146 | 0.07150572477856988
684, 419, 692 | 0.14943 | 0.07210094131784499
684, 419, 120 | 0.14944 | 0.06816810778202292
684, 419, 883 | 0.14807 | 0.08261933904528763
684, 419, 937 | 0.14647 | 0.07348857081820125
684, 419, 177 | 0.14625 | 0.06783322531864333
684, 692, 120 | 0.14892 | 0.06354313291775589
684, 692, 883 | 0.14738 | 0.08139534883720931
684, 692, 937 | 0.14588 | 0.07007049775688956
684, 692, 145 | 0.14486 | 0.06755867514805879
684, 120, 883 | 0.14649 | 0.0952672378620971
684, 120, 937 | 0.14576 | 0.06814783165990174
684, 120, 177 | 0.14478 | 0.07885072369842298
684, 120, 145 | 0.1447 | 0.06646194340864224
684, 883, 937 | 0.14425 | 0.07092501602221747
684, 883, 177 | 0.14279 | 0.09202851587815943
684, 883, 145 | 0.14341 | 0.06448782627769248
684, 937, 177 | 0.14211 | 0.06934543097861309
354, 684, 217 | 0.1593 | 0.08725581395348837
354, 684, 494 | 0.15736 | 0.0764406115248922
354, 684, 419 | 0.15666 | 0.08206446509788412
354, 684, 692 | 0.15662 | 0.07109953935509714
354, 684, 883 | 0.15501 | 0.08669930640554875
354, 684, 937 | 0.15346 | 0.07669301431318094
354, 684, 177 | 0.15297 | 0.07690645927846188
354, 217, 494 | 0.15665 | 0.07193257546060368
354, 217, 692 | 0.15554 | 0.0739034648507911
354, 217, 883 | 0.15377 | 0.09281925744594043
354, 217, 937 | 0.15188 | 0.09036530655842769
354, 217, 438 | 0.1506 | 0.08446020837951673
354, 494, 419 | 0.15373 | 0.08542614198141191
354, 494, 692 | 0.15392 | 0.06989785699979972
354, 494, 177 | 0.15 | 0.08144307625837113
354, 494, 438 | 0.14896 | 0.08046996231434272
354, 419, 692 | 0.15242 | 0.07610654916883637
354, 419, 883 | 0.15154 | 0.07690738474092207
354, 419, 937 | 0.14968 | 0.07306131168553728
354, 419, 177 | 0.14906 | 0.07604234175847915
354, 419, 438 | 0.14798 | 0.07581467523830636
354, 692, 883 | 0.15165 | 0.07588739290085679
354, 692, 937 | 0.14982 | 0.07135227515488143
354, 692, 438 | 0.14771 | 0.08313012635779206
354, 120, 883 | 0.14849 | 0.08588331293349653
354, 120, 937 | 0.14731 | 0.06793420209356975
354, 120, 177 | 0.146 | 0.08576366385828472
354, 120, 145 | 0.14473 | 0.09958324193902171
354, 883, 937 | 0.14874 | 0.07306131168553728
354, 883, 145 | 0.14652 | 0.09695108576442202
354, 883, 438 | 0.14695 | 0.07780979827089338
354, 937, 177 | 0.14593 | 0.07733851803845324
354, 937, 438 | 0.14479 | 0.0784748392817557
354, 177, 438 | 0.14429 | 0.0764797162491687
354, 145, 438 | 0.14246 | 0.07714475726003103
722, 354, 494 | 0.15811 | 0.07938063504508036
722, 354, 692 | 0.15721 | 0.07730823152413378
722, 354, 883 | 0.15633 | 0.07813137494900041
722, 354, 937 | 0.15431 | 0.07776116214484084
722, 354, 177 | 0.15383 | 0.07777057679844458
722, 354, 438 | 0.15248 | 0.08357348703170028
722, 684, 494 | 0.15499 | 0.08094864758918072
722, 684, 419 | 0.15365 | 0.09926834091358513
722, 684, 692 | 0.15439 | 0.07290206288804325
722, 684, 120 | 0.15444 | 0.06816810778202292
722, 684, 883 | 0.15295 | 0.0850673194614443
722, 684, 937 | 0.15136 | 0.07583849604785302
722, 684, 177 | 0.15114 | 0.07020954849859581
722, 684, 145 | 0.1507 | 0.06558455801710901
722, 217, 494 | 0.15429 | 0.07742061936495492
722, 217, 692 | 0.15328 | 0.07750851191668336
722, 217, 120 | 0.15332 | 0.07299416850995374
722, 217, 883 | 0.15189 | 0.08873929008567931
722, 217, 937 | 0.15002 | 0.08566545609912411
722, 217, 177 | 0.14905 | 0.09634910347807302
722, 217, 438 | 0.14875 | 0.07936156062957216
722, 494, 692 | 0.15347 | 0.07350290406569197
722, 494, 120 | 0.15336 | 0.07198873919163483
722, 494, 177 | 0.15003 | 0.07496219485850075
722, 494, 438 | 0.14889 | 0.07603635557526048
722, 419, 692 | 0.15136 | 0.07871019427198077
722, 419, 120 | 0.15163 | 0.06957570882766942
722, 419, 883 | 0.15073 | 0.0744594043247654
722, 419, 937 | 0.14887 | 0.07049775688955351
722, 419, 177 | 0.14847 | 0.06869734283862605
722, 419, 438 | 0.14718 | 0.0729328308579029
722, 692, 120 | 0.15268 | 0.06696159260004021
722, 692, 883 | 0.15171 | 0.07323541411668706
722, 692, 937 | 0.1499 | 0.06814783165990174
722, 692, 145 | 0.14869 | 0.06975213862689186
722, 692, 438 | 0.14785 | 0.0784748392817557
722, 120, 883 | 0.15117 | 0.08527131782945736
722, 120, 937 | 0.15004 | 0.06622516556291391
722, 120, 177 | 0.14883 | 0.0818751350183625
722, 120, 145 | 0.14875 | 0.06953279227900855
722, 883, 937 | 0.14903 | 0.0707113864558855
722, 883, 177 | 0.14745 | 0.09440483905811191
722, 883, 145 | 0.14807 | 0.06690063610440886
722, 883, 438 | 0.1473 | 0.07404123254267346
722, 937, 177 | 0.14635 | 0.07323395981853532
722, 937, 438 | 0.1452 | 0.07448459321658168
722, 177, 438 | 0.1448 | 0.07337619153181113
722, 145, 438 | 0.14414 | 0.0747062735535358
766, 722, 494 | 0.16443 | 0.08643669149353195
766, 722, 937 | 0.16072 | 0.08352916043580431
766, 722, 177 | 0.16044 | 0.07928278245841434
766, 722, 145 | 0.15988 | 0.07742926080280764
766, 354, 494 | 0.16464 | 0.08016464131713054
766, 354, 419 | 0.16339 | 0.09669764682618152
766, 354, 937 | 0.16053 | 0.08523819696646016
766, 354, 177 | 0.16002 | 0.0859796932382804
766, 217, 494 | 0.16062 | 0.07918463347706782
766, 217, 937 | 0.15605 | 0.09399700918607136
766, 494, 419 | 0.1579 | 0.08048249950563575
766, 494, 177 | 0.15399 | 0.07993087059840139
766, 419, 937 | 0.15395 | 0.07904293954283273
766, 419, 177 | 0.15357 | 0.07690645927846188
766, 120, 937 | 0.15123 | 0.07242042298654133
766, 120, 177 | 0.15008 | 0.08684381075826313
766, 120, 145 | 0.15 | 0.07457775828032463
766, 883, 937 | 0.1514 | 0.07690664387951293
766, 883, 145 | 0.15052 | 0.07150690940995832
766, 937, 177 | 0.14991 | 0.07928278245841434
829, 766, 354 | 0.18012 | 0.09888603256212511
829, 766, 494 | 0.17369 | 0.09545276362210897
829, 766, 419 | 0.17325 | 0.09610440972908839
829, 766, 937 | 0.16997 | 0.0935697500534074
829, 766, 145 | 0.16883 | 0.09431892958982233
829, 722, 494 | 0.16981 | 0.09447275578204625
829, 722, 883 | 0.16827 | 0.08894328845369237
829, 722, 937 | 0.16638 | 0.08630634479812006
829, 722, 145 | 0.16517 | 0.08839657819697302
829, 722, 438 | 0.16487 | 0.08534692972733318
829, 354, 494 | 0.17037 | 0.08839670717365739
829, 354, 883 | 0.16842 | 0.09098327213382293
829, 354, 937 | 0.16647 | 0.08972441785943175
829, 354, 438 | 0.16492 | 0.08978053646641543
829, 684, 217 | 0.16783 | 0.08576744186046512
829, 684, 494 | 0.1651 | 0.09035672285378284
829, 684, 419 | 0.16519 | 0.08048249950563575
829, 684, 883 | 0.16298 | 0.09649122807017543
829, 684, 937 | 0.16137 | 0.08822901089510789
829, 684, 145 | 0.16043 | 0.08444834393507349
829, 217, 494 | 0.16567 | 0.08722069776558213
829, 217, 937 | 0.16131 | 0.09826960051271096
829, 217, 438 | 0.16037 | 0.08512524939037908
829, 494, 419 | 0.16271 | 0.08522839628238085
829, 494, 438 | 0.15796 | 0.07980492130348038
829, 419, 883 | 0.16086 | 0.0864953080375357
829, 419, 937 | 0.15899 | 0.08331553086947234
829, 419, 438 | 0.15767 | 0.07803147860784748
829, 692, 883 | 0.15919 | 0.08343533251733987
829, 692, 937 | 0.15741 | 0.0781884212775048
829, 692, 145 | 0.1559 | 0.08664180741390656
829, 692, 438 | 0.15564 | 0.08268676568388383
829, 883, 937 | 0.15763 | 0.08117923520615253
829, 883, 145 | 0.15638 | 0.08400965123930687
829, 883, 438 | 0.15625 | 0.07714475726003103
829, 937, 438 | 0.1541 | 0.07958324096652628
829, 177, 438 | 0.1525 | 0.0764797162491687
829, 145, 438 | 0.15282 | 0.07803147860784748
529, 829, 766 | 0.18931 | 0.09848363926576217
529, 829, 722 | 0.18562 | 0.09683490162532078
529, 829, 354 | 0.18576 | 0.09288774635818338
529, 829, 494 | 0.1791 | 0.09310074480595845
529, 829, 419 | 0.17849 | 0.09709313822424362
529, 829, 145 | 0.17394 | 0.09826716385172186
529, 766, 494 | 0.17659 | 0.08780870246961976
529, 766, 419 | 0.17579 | 0.09551117263199525
529, 766, 177 | 0.17196 | 0.09462086843810759
529, 766, 145 | 0.17159 | 0.08883527089273964
529, 722, 494 | 0.17274 | 0.08761270090160721
529, 722, 692 | 0.1714 | 0.09453234528339675
529, 722, 120 | 0.1718 | 0.0828473758294792
529, 722, 177 | 0.16834 | 0.08943616331821128
529, 722, 145 | 0.168 | 0.08291291949989033
529, 354, 494 | 0.17285 | 0.079968639749118
529, 354, 419 | 0.17149 | 0.09867510381649199
529, 354, 692 | 0.17128 | 0.09132785900260365
529, 354, 177 | 0.16787 | 0.09354072153812919
529, 684, 494 | 0.16808 | 0.08330066640533124
529, 684, 419 | 0.1679 | 0.07870278821435633
529, 684, 692 | 0.16695 | 0.08592028840376527
529, 684, 120 | 0.16709 | 0.07942891614719486
529, 684, 177 | 0.16358 | 0.08684381075826313
529, 684, 145 | 0.16326 | 0.07984207062952402
529, 217, 494 | 0.16728 | 0.07898863190905528
529, 217, 692 | 0.16581 | 0.0883236531143601
529, 217, 120 | 0.16582 | 0.08445606273878946
529, 494, 419 | 0.16572 | 0.08285544789400831
529, 494, 692 | 0.16502 | 0.08511916683356699
529, 494, 120 | 0.16498 | 0.08224411823848783
529, 494, 177 | 0.16144 | 0.09051631021818968
529, 419, 692 | 0.16396 | 0.09192870018025236
529, 419, 120 | 0.16433 | 0.08083651719284134
529, 419, 177 | 0.16101 | 0.08425145819831498
529, 692, 120 | 0.16367 | 0.07741805751055701
529, 692, 145 | 0.15967 | 0.08137749506470718
529, 120, 177 | 0.15973 | 0.09699719161806006
529, 120, 145 | 0.15984 | 0.08071945602105725
529, 883, 145 | 0.15719 | 0.07677122175915771
368, 766, 177 | 0.17758 | 0.09937351479801253
368, 722, 883 | 0.17705 | 0.09751121991024071
368, 722, 177 | 0.17462 | 0.09678116223806438
368, 354, 883 | 0.17761 | 0.09893920848633211
368, 684, 217 | 0.17734 | 0.09116279069767441
368, 684, 419 | 0.17405 | 0.09907059521455408
368, 684, 120 | 0.1734 | 0.0969233862859441
368, 684, 177 | 0.17048 | 0.09289263339814215
368, 419, 120 | 0.17012 | 0.09873315905891816
368, 419, 883 | 0.16973 | 0.09363525091799266
368, 419, 177 | 0.16741 | 0.090300280838194
