722, 354, 217, 494, 692, 120, 883, 937, 177, 145, 438 | 0.43873 | 0.3677676790068721
722, 354, 217, 494, 419, 692, 120, 883, 937, 177, 438 | 0.44434 | 0.3657725559742851
766, 722, 684, 217, 494, 692, 120, 883, 937, 177, 145 | 0.44601 | 0.38363676244790523
766, 722, 354, 684, 494, 419, 692, 120, 883, 937, 177 | 0.45409 | 0.38582847267228343
766, 722, 354, 684, 494, 692, 120, 883, 937, 177, 145 | 0.44867 | 0.3853915332309717
766, 722, 354, 684, 217, 494, 419, 692, 883, 937, 177 | 0.45506 | 0.3968459710520631
766, 722, 354, 684, 217, 494, 419, 692, 120, 937, 177 | 0.45889 | 0.38950097213220997
766, 722, 354, 217, 494, 419, 692, 883, 937, 177, 438 | 0.45114 | 0.3617823099091111
766, 722, 354, 217, 494, 692, 883, 937, 177, 145, 438 | 0.44577 | 0.36156062957215696
829, 766, 684, 217, 494, 692, 120, 883, 937, 177, 145 | 0.45074 | 0.3957008115814872
829, 766, 354, 684, 494, 692, 120, 883, 937, 177, 145 | 0.45426 | 0.39745558236455364
829, 766, 722, 354, 494, 419, 692, 883, 937, 177, 438 | 0.46398 | 0.3677676790068721
829, 766, 722, 354, 494, 692, 883, 937, 177, 145, 438 | 0.45874 | 0.367545998669918
829, 766, 722, 354, 217, 494, 692, 883, 937, 145, 438 | 0.46411 | 0.3746397694524496
829, 766, 722, 354, 217, 494, 419, 692, 937, 177, 438 | 0.46774 | 0.375526490800266
829, 766, 722, 354, 217, 494, 419, 883, 937, 177, 438 | 0.46588 | 0.3679893593438262
829, 766, 722, 354, 684, 217, 692, 120, 883, 937, 145 | 0.46618 | 0.3948234261899539
829, 766, 722, 354, 684, 217, 419, 692, 120, 883, 937 | 0.46998 | 0.3238624225592822
829, 766, 722, 354, 684, 217, 419, 120, 883, 937, 177 | 0.46763 | 0.3856124432922878
829, 766, 722, 354, 684, 494, 120, 883, 937, 177, 145 | 0.46042 | 0.39899100679973676
829, 766, 722, 354, 684, 494, 692, 120, 937, 177, 145 | 0.4628 | 0.39986839219127
829, 766, 722, 354, 684, 494, 692, 120, 883, 937, 145 | 0.46332 | 0.37003728887914017
829, 766, 722, 354, 684, 494, 692, 120, 883, 177, 145 | 0.45917 | 0.39811362140820356
829, 766, 722, 354, 684, 494, 692, 883, 937, 177, 145 | 0.46184 | 0.3961395042772538
829, 766, 722, 354, 684, 494, 419, 692, 120, 937, 177 | 0.46813 | 0.3914452365521711
829, 766, 722, 354, 684, 692, 120, 883, 937, 177, 145 | 0.46079 | 0.39789427506032027
829, 766, 722, 684, 494, 692, 120, 883, 937, 177, 145 | 0.45526 | 0.37223075235797326
829, 766, 722, 684, 217, 494, 120, 883, 937, 177, 145 | 0.45741 | 0.3976749287124369
829, 766, 722, 684, 217, 494, 692, 120, 937, 177, 145 | 0.4604 | 0.39811362140820356
829, 766, 722, 684, 217, 494, 692, 883, 937, 177, 145 | 0.45714 | 0.3948234261899539
829, 766, 722, 217, 494, 692, 883, 937, 177, 145, 438 | 0.45424 | 0.36200399024606517
829, 722, 217, 494, 692, 120, 883, 937, 177, 145, 438 | 0.44648 | 0.3684327200177344
829, 722, 217, 494, 419, 692, 120, 883, 937, 177, 438 | 0.45137 | 0.36643759698514744
829, 722, 684, 217, 494, 692, 120, 883, 937, 177, 145 | 0.45304 | 0.3932880017547708
829, 722, 354, 684, 494, 692, 120, 883, 937, 177, 145 | 0.4565 | 0.394165387146304
829, 722, 354, 684, 217, 494, 692, 120, 883, 937, 145 | 0.46204 | 0.3906558455801711
829, 722, 354, 684, 217, 494, 419, 120, 883, 937, 177 | 0.46112 | 0.38237200259235254
829, 722, 354, 217, 692, 120, 883, 937, 177, 145, 438 | 0.45163 | 0.37574817113722014
829, 722, 354, 217, 494, 419, 120, 883, 937, 177, 438 | 0.45478 | 0.3697628020394591
829, 722, 354, 217, 494, 419, 692, 120, 937, 177, 438 | 0.45853 | 0.37752161383285304
829, 722, 354, 217, 494, 419, 692, 120, 883, 937, 438 | 0.45946 | 0.375526490800266
829, 722, 354, 217, 494, 692, 883, 937, 177, 145, 438 | 0.45359 | 0.3223232099312791
829, 722, 354, 217, 494, 692, 120, 883, 177, 145, 438 | 0.45046 | 0.37796497450676125
829, 722, 354, 217, 494, 692, 120, 883, 937, 145, 438 | 0.4553 | 0.3788516958545777
829, 722, 354, 217, 494, 120, 883, 937, 177, 145, 438 | 0.44918 | 0.37264464641986256
829, 722, 354, 494, 692, 120, 883, 937, 177, 145, 438 | 0.44979 | 0.37131456439813787
829, 722, 354, 494, 419, 692, 120, 883, 937, 177, 438 | 0.45539 | 0.36954112170250497
829, 354, 217, 494, 692, 120, 883, 937, 177, 145, 438 | 0.44515 | 0.37131456439813787
529, 829, 217, 494, 692, 120, 883, 937, 177, 145, 438 | 0.44922 | 0.3910441143870539
529, 829, 354, 217, 494, 419, 120, 883, 937, 177, 438 | 0.46168 | 0.3937042784305032
529, 829, 354, 494, 692, 120, 883, 937, 177, 145, 438 | 0.4541 | 0.39259587674573265
529, 829, 354, 494, 419, 692, 120, 883, 937, 177, 438 | 0.46101 | 0.3914874750609621
529, 829, 722, 354, 692, 120, 883, 937, 177, 145, 438 | 0.46247 | 0.3976945244956772
529, 829, 722, 354, 419, 692, 120, 883, 937, 177, 438 | 0.46797 | 0.3954777211261361
529, 829, 722, 354, 494, 419, 120, 883, 937, 177, 438 | 0.46614 | 0.39303923741964086
529, 829, 722, 354, 494, 419, 692, 883, 937, 177, 438 | 0.46966 | 0.34360452227887384
529, 829, 722, 354, 494, 692, 883, 937, 177, 145, 438 | 0.46431 | 0.34537796497450673
529, 829, 722, 354, 494, 692, 120, 883, 937, 177, 438 | 0.46427 | 0.3976945244956772
529, 829, 722, 354, 494, 120, 883, 937, 177, 145, 438 | 0.46039 | 0.39614276213699845
529, 829, 722, 354, 217, 494, 692, 883, 937, 145, 438 | 0.46921 | 0.3511416537353137
529, 829, 722, 354, 217, 494, 419, 692, 937, 177, 438 | 0.47316 | 0.3513633340722678
529, 829, 722, 354, 217, 494, 419, 883, 937, 177, 438 | 0.46867 | 0.34382620261582797
529, 829, 722, 354, 217, 419, 120, 883, 937, 177, 438 | 0.46684 | 0.3959210818000443
529, 829, 722, 354, 684, 217, 692, 120, 883, 937, 145 | 0.47447 | 0.39789427506032027
529, 829, 722, 354, 684, 217, 419, 692, 120, 883, 937 | 0.47829 | 0.37662892544328136
529, 829, 722, 354, 684, 217, 419, 120, 883, 937, 177 | 0.47367 | 0.3933895009721322
529, 829, 722, 354, 684, 217, 494, 419, 120, 937, 177 | 0.47676 | 0.37913156189241737
529, 829, 722, 354, 684, 217, 494, 692, 120, 937, 145 | 0.47671 | 0.39986839219127
529, 829, 722, 354, 684, 494, 692, 883, 937, 177, 145 | 0.46893 | 0.39899100679973676
529, 829, 722, 684, 494, 692, 120, 883, 937, 177, 145 | 0.46387 | 0.37683702566352273
529, 829, 722, 684, 217, 494, 120, 883, 937, 177, 145 | 0.46322 | 0.3994296994955034
529, 829, 722, 217, 692, 120, 883, 937, 177, 145, 438 | 0.45844 | 0.3959210818000443
529, 829, 722, 217, 494, 419, 120, 883, 937, 177, 438 | 0.46129 | 0.39215251607182444
529, 829, 722, 217, 494, 419, 692, 120, 937, 177, 438 | 0.46621 | 0.39835956550653956
529, 829, 722, 217, 494, 692, 883, 937, 177, 145, 438 | 0.45854 | 0.3422744402571492
529, 829, 722, 217, 494, 692, 120, 883, 177, 145, 438 | 0.45924 | 0.3981378851695855
529, 829, 722, 217, 494, 692, 120, 883, 937, 145, 438 | 0.46233 | 0.3990246065174019
529, 829, 722, 217, 494, 120, 883, 937, 177, 145, 438 | 0.45627 | 0.395256040789182
529, 829, 722, 494, 692, 120, 883, 937, 177, 145, 438 | 0.45691 | 0.3923741964087785
529, 829, 722, 494, 419, 692, 120, 883, 937, 177, 438 | 0.46201 | 0.3901573930392374
529, 829, 766, 722, 494, 692, 883, 937, 177, 145, 438 | 0.46458 | 0.38594546663710927
529, 829, 766, 722, 217, 494, 883, 937, 177, 145, 438 | 0.46621 | 0.38816227000665043
529, 829, 766, 722, 217, 494, 692, 937, 177, 145, 438 | 0.46927 | 0.3945909997783197
529, 829, 766, 722, 217, 494, 419, 692, 937, 177, 438 | 0.47392 | 0.3945909997783197
529, 829, 766, 722, 217, 692, 883, 937, 177, 145, 438 | 0.46597 | 0.38638882731101754
529, 829, 766, 722, 684, 217, 692, 120, 883, 937, 145 | 0.47392 | 0.37552094757622284
529, 829, 766, 722, 684, 217, 419, 692, 120, 883, 937 | 0.47701 | 0.3783379619739372
529, 829, 766, 722, 684, 217, 419, 120, 883, 937, 177 | 0.4748 | 0.3933895009721322
529, 829, 766, 722, 684, 217, 494, 419, 120, 937, 177 | 0.47872 | 0.37761935623244763
529, 829, 766, 722, 684, 217, 494, 692, 120, 937, 145 | 0.47693 | 0.3779337574029392
529, 829, 766, 722, 684, 494, 692, 120, 937, 177, 145 | 0.4721 | 0.3829787234042553
529, 829, 766, 722, 684, 692, 120, 883, 937, 177, 145 | 0.46868 | 0.3801272208817723
529, 829, 766, 722, 354, 684, 692, 120, 883, 937, 145 | 0.47663 | 0.3788111427944725
529, 829, 766, 722, 354, 684, 692, 120, 883, 177, 145 | 0.47432 | 0.37245009870585655
529, 829, 766, 722, 354, 684, 419, 120, 883, 937, 177 | 0.47912 | 0.37632317995247355
529, 829, 766, 722, 354, 684, 217, 419, 883, 937, 177 | 0.48098 | 0.3968459710520631
529, 829, 766, 722, 354, 684, 217, 419, 692, 883, 937 | 0.48309 | 0.3849604785302286
529, 829, 766, 722, 354, 684, 217, 120, 883, 937, 177 | 0.4772 | 0.39576582415208467
529, 829, 766, 722, 354, 684, 217, 120, 883, 177, 145 | 0.47573 | 0.3965781969730204
529, 829, 766, 722, 354, 217, 692, 883, 177, 145, 438 | 0.47322 | 0.3950343604522279
529, 829, 766, 722, 354, 217, 692, 883, 937, 145, 438 | 0.47591 | 0.3959210818000443
529, 829, 766, 722, 354, 217, 419, 692, 883, 937, 438 | 0.4796 | 0.39436931944136555
529, 829, 766, 722, 354, 217, 419, 120, 883, 937, 177 | 0.47749 | 0.3981421473320372
529, 829, 766, 722, 354, 217, 419, 883, 937, 177, 438 | 0.47769 | 0.3906007537131456
529, 829, 766, 722, 354, 217, 494, 419, 937, 177, 438 | 0.4811 | 0.3990246065174019
529, 829, 766, 722, 354, 494, 883, 937, 177, 145, 438 | 0.47165 | 0.3919308357348703
529, 829, 766, 722, 354, 494, 692, 937, 177, 145, 438 | 0.47428 | 0.39835956550653956
529, 829, 766, 722, 354, 494, 419, 692, 937, 177, 438 | 0.47963 | 0.3976945244956772
529, 829, 766, 722, 354, 419, 692, 883, 937, 177, 438 | 0.47642 | 0.39037907337619154
529, 829, 766, 722, 354, 692, 883, 937, 177, 145, 438 | 0.47133 | 0.3906007537131456
529, 829, 766, 354, 494, 692, 883, 937, 177, 145, 438 | 0.46354 | 0.38683218798492575
529, 829, 766, 354, 684, 217, 419, 120, 883, 937, 177 | 0.47696 | 0.3990062648520199
529, 829, 766, 217, 494, 692, 883, 937, 177, 145, 438 | 0.45752 | 0.3830636222567058
529, 766, 354, 217, 494, 692, 883, 937, 177, 145, 438 | 0.4538 | 0.38372866326756816
529, 766, 722, 354, 494, 419, 692, 883, 937, 177, 438 | 0.46401 | 0.3848370649523387
529, 766, 722, 354, 494, 692, 883, 937, 177, 145, 438 | 0.45865 | 0.3848370649523387
529, 766, 722, 354, 217, 494, 883, 937, 177, 145, 438 | 0.45902 | 0.3866105076479716
529, 766, 722, 354, 217, 494, 692, 937, 177, 145, 438 | 0.46288 | 0.39392595876745734
529, 766, 722, 354, 217, 494, 419, 692, 937, 177, 438 | 0.46832 | 0.393260917756595
529, 766, 722, 354, 217, 419, 692, 883, 937, 177, 438 | 0.46473 | 0.3852804256262469
529, 766, 722, 354, 217, 692, 883, 937, 177, 145, 438 | 0.45952 | 0.3852804256262469
529, 766, 722, 354, 684, 217, 692, 120, 883, 937, 145 | 0.46837 | 0.38868172844922133
529, 766, 722, 354, 684, 217, 692, 120, 883, 177, 145 | 0.46597 | 0.3831980697521386
529, 766, 722, 354, 684, 217, 419, 692, 120, 883, 937 | 0.47217 | 0.36893826105533006
529, 766, 722, 354, 684, 217, 419, 120, 883, 937, 177 | 0.46958 | 0.3735147980125297
529, 766, 722, 354, 684, 217, 494, 419, 120, 937, 177 | 0.47359 | 0.3586087707928278
529, 766, 722, 354, 684, 217, 494, 419, 692, 937, 177 | 0.4729 | 0.39511773601209765
529, 766, 722, 354, 684, 217, 494, 692, 120, 937, 145 | 0.47156 | 0.3906558455801711
529, 766, 722, 354, 684, 494, 692, 120, 937, 177, 145 | 0.4675 | 0.39745558236455364
529, 766, 722, 354, 684, 494, 692, 883, 937, 177, 145 | 0.46301 | 0.3917525773195876
529, 766, 722, 354, 684, 494, 419, 692, 120, 937, 177 | 0.47297 | 0.3843162670123137
529, 766, 722, 354, 684, 419, 692, 120, 883, 937, 177 | 0.4692 | 0.39922229423201555
529, 766, 722, 354, 684, 692, 120, 883, 937, 177, 145 | 0.46395 | 0.39504277253783726
529, 766, 722, 684, 217, 494, 692, 120, 937, 177, 145 | 0.46452 | 0.39526211888572055
529, 766, 722, 684, 217, 692, 120, 883, 937, 177, 145 | 0.46067 | 0.39219127001535425
529, 766, 722, 217, 494, 692, 883, 937, 177, 145, 438 | 0.45348 | 0.3817335402349812
529, 722, 217, 494, 692, 120, 883, 937, 177, 145, 438 | 0.44792 | 0.39082243405009975
529, 722, 217, 494, 419, 692, 120, 883, 937, 177, 438 | 0.45296 | 0.3888273110175127
529, 722, 684, 217, 494, 692, 120, 883, 937, 177, 145 | 0.45593 | 0.38912042114498796
529, 722, 354, 684, 494, 692, 120, 883, 937, 177, 145 | 0.4597 | 0.3904364992322878
529, 722, 354, 217, 692, 120, 883, 937, 177, 145, 438 | 0.45266 | 0.39481268011527376
529, 722, 354, 217, 419, 692, 120, 883, 937, 177, 438 | 0.45817 | 0.39259587674573265
529, 722, 354, 217, 494, 419, 120, 883, 937, 177, 438 | 0.45549 | 0.3906007537131456
529, 722, 354, 217, 494, 419, 692, 120, 937, 177, 438 | 0.46128 | 0.3981378851695855
529, 722, 354, 217, 494, 419, 692, 883, 937, 177, 438 | 0.45796 | 0.33939259587674575
529, 722, 354, 217, 494, 692, 883, 937, 177, 145, 438 | 0.45252 | 0.3409443582354245
529, 722, 354, 217, 494, 692, 120, 883, 177, 145, 438 | 0.45372 | 0.39835956550653956
529, 722, 354, 217, 494, 692, 120, 883, 937, 177, 438 | 0.45538 | 0.39658612281090666
529, 722, 354, 217, 494, 692, 120, 883, 937, 145, 438 | 0.45625 | 0.39880292618044777
529, 722, 354, 217, 494, 120, 883, 937, 177, 145, 438 | 0.44978 | 0.3937042784305032
529, 722, 354, 494, 692, 120, 883, 937, 177, 145, 438 | 0.45174 | 0.3914874750609621
529, 722, 354, 494, 419, 692, 120, 883, 937, 177, 438 | 0.45748 | 0.389270671691421
529, 354, 217, 494, 692, 120, 883, 937, 177, 145, 438 | 0.44631 | 0.39170915539791623
529, 354, 217, 494, 419, 692, 120, 883, 937, 177, 438 | 0.45317 | 0.39082243405009975
368, 529, 354, 684, 494, 692, 120, 883, 937, 177, 145 | 0.46331 | 0.39526211888572055
368, 529, 354, 217, 494, 692, 883, 937, 177, 145, 438 | 0.45569 | 0.3883839503436045
368, 529, 722, 354, 494, 419, 692, 883, 937, 177, 438 | 0.46527 | 0.3857237863001552
368, 529, 722, 354, 494, 692, 883, 937, 177, 145, 438 | 0.46032 | 0.38727554865883396
368, 529, 722, 354, 494, 692, 120, 883, 937, 177, 145 | 0.46408 | 0.3963588506251371
368, 529, 722, 354, 217, 494, 883, 937, 177, 145, 438 | 0.46314 | 0.3923741964087785
368, 529, 722, 354, 217, 692, 883, 937, 177, 145, 438 | 0.46375 | 0.3919308357348703
368, 529, 722, 354, 684, 494, 692, 120, 937, 177, 145 | 0.47206 | 0.39811362140820356
368, 529, 722, 354, 684, 692, 120, 883, 937, 177, 145 | 0.47194 | 0.3976749287124369
368, 529, 722, 684, 494, 692, 120, 883, 937, 177, 145 | 0.46387 | 0.37135336696644
368, 529, 722, 217, 494, 692, 883, 937, 177, 145, 438 | 0.45464 | 0.3857237863001552
368, 529, 722, 217, 494, 692, 120, 883, 937, 177, 145 | 0.46026 | 0.3957008115814872
368, 529, 766, 722, 684, 692, 120, 883, 937, 177, 145 | 0.47022 | 0.37683702566352273
368, 529, 766, 722, 354, 684, 217, 494, 419, 120, 177 | 0.489 | 0.37221862173255565
368, 529, 766, 722, 354, 684, 217, 419, 120, 883, 177 | 0.48718 | 0.39014906027219703
368, 529, 829, 766, 722, 354, 684, 217, 494, 419, 177 | 0.49571 | 0.3905811190321884
368, 529, 829, 722, 494, 419, 692, 883, 937, 177, 438 | 0.46468 | 0.38328530259365995
368, 529, 829, 722, 494, 692, 883, 937, 177, 145, 438 | 0.46022 | 0.3843937042784305
368, 529, 829, 722, 494, 692, 120, 883, 937, 177, 145 | 0.46346 | 0.3807852599254222
368, 529, 829, 722, 217, 494, 883, 937, 177, 145, 438 | 0.46441 | 0.38993571270228333
368, 529, 829, 722, 217, 494, 692, 883, 177, 145, 438 | 0.46458 | 0.3897140323653292
368, 529, 829, 722, 217, 494, 692, 937, 177, 145, 438 | 0.46426 | 0.3919308357348703
368, 529, 829, 722, 217, 692, 883, 937, 177, 145, 438 | 0.46416 | 0.38904899135446686
368, 529, 829, 722, 684, 692, 120, 883, 937, 177, 145 | 0.47114 | 0.38034656722965565
368, 529, 829, 722, 354, 494, 883, 937, 177, 145, 438 | 0.47028 | 0.3923741964087785
368, 529, 829, 722, 354, 494, 692, 883, 177, 145, 438 | 0.47019 | 0.39303923741964086
368, 529, 829, 722, 354, 494, 692, 937, 177, 145, 438 | 0.46983 | 0.3945909997783197
368, 529, 829, 722, 354, 692, 883, 937, 177, 145, 438 | 0.47001 | 0.39215251607182444
368, 529, 829, 354, 494, 692, 883, 937, 177, 145, 438 | 0.46003 | 0.3866105076479716
368, 529, 829, 684, 494, 692, 120, 883, 937, 177, 145 | 0.45996 | 0.3779337574029392
368, 529, 829, 217, 494, 692, 883, 937, 177, 145, 438 | 0.45352 | 0.3839503436045223
368, 829, 354, 684, 494, 692, 120, 883, 937, 177, 145 | 0.45699 | 0.39592015792937046
368, 829, 354, 684, 217, 494, 692, 120, 883, 937, 145 | 0.46483 | 0.394165387146304
368, 829, 354, 684, 217, 494, 419, 120, 883, 937, 177 | 0.46899 | 0.39360553035212786
368, 829, 722, 354, 494, 419, 692, 883, 937, 177, 438 | 0.46184 | 0.36532919530037683
368, 829, 722, 354, 494, 692, 883, 937, 177, 145, 438 | 0.45701 | 0.3662159166481933
368, 829, 722, 354, 494, 692, 120, 883, 937, 177, 145 | 0.45767 | 0.39745558236455364
368, 829, 722, 354, 217, 494, 692, 120, 883, 937, 145 | 0.46323 | 0.394165387146304
368, 829, 722, 354, 217, 494, 692, 883, 937, 145, 438 | 0.46256 | 0.37131456439813787
368, 829, 722, 354, 217, 494, 419, 692, 937, 177, 438 | 0.4648 | 0.3719796054090002
368, 829, 722, 354, 217, 494, 419, 692, 883, 937, 438 | 0.46597 | 0.36865440035468855
368, 829, 722, 354, 217, 494, 419, 120, 883, 937, 177 | 0.46645 | 0.3918772953121625
368, 829, 722, 354, 217, 494, 419, 883, 937, 177, 438 | 0.46612 | 0.36865440035468855
368, 829, 722, 354, 684, 217, 692, 120, 883, 937, 145 | 0.47097 | 0.3967975433209037
368, 829, 722, 354, 684, 217, 419, 120, 883, 937, 177 | 0.47429 | 0.3933895009721322
368, 829, 722, 354, 684, 217, 494, 419, 883, 937, 177 | 0.4717 | 0.39166126593216677
368, 829, 722, 354, 684, 217, 494, 419, 120, 937, 177 | 0.4739 | 0.37545906243249083
368, 829, 722, 354, 684, 217, 494, 692, 883, 937, 145 | 0.46845 | 0.3932880017547708
368, 829, 722, 354, 684, 217, 494, 692, 120, 937, 145 | 0.46972 | 0.39526211888572055
368, 829, 722, 354, 684, 217, 494, 120, 883, 937, 177 | 0.46952 | 0.3914452365521711
368, 829, 722, 354, 684, 217, 494, 120, 883, 937, 145 | 0.46896 | 0.39438473349418735
368, 829, 722, 354, 684, 494, 120, 883, 937, 177, 145 | 0.46534 | 0.3976749287124369
368, 829, 722, 354, 684, 494, 692, 120, 937, 177, 145 | 0.46448 | 0.39789427506032027
368, 829, 722, 354, 684, 494, 692, 120, 883, 937, 145 | 0.46595 | 0.36937924983549025
368, 829, 722, 354, 684, 494, 692, 120, 883, 177, 145 | 0.46348 | 0.39811362140820356
368, 829, 722, 354, 684, 494, 692, 883, 937, 177, 145 | 0.46294 | 0.39526211888572055
368, 829, 722, 354, 684, 494, 419, 692, 120, 937, 177 | 0.46934 | 0.3927414128321452
368, 829, 722, 354, 684, 494, 419, 120, 883, 937, 177 | 0.47006 | 0.3717865629725643
368, 829, 722, 354, 684, 692, 120, 883, 937, 177, 145 | 0.46571 | 0.39833296775608684
368, 829, 722, 684, 494, 692, 120, 883, 937, 177, 145 | 0.45718 | 0.3709146742706734
368, 829, 722, 684, 217, 494, 120, 883, 937, 177, 145 | 0.46182 | 0.39811362140820356
368, 829, 722, 684, 217, 494, 692, 120, 937, 177, 145 | 0.46144 | 0.3976749287124369
368, 829, 722, 684, 217, 494, 692, 120, 883, 937, 145 | 0.46321 | 0.36806317174819037
368, 829, 722, 684, 217, 494, 419, 120, 883, 937, 177 | 0.46594 | 0.3877727370922445
368, 829, 722, 217, 494, 692, 883, 937, 177, 145, 438 | 0.45185 | 0.36200399024606517
368, 829, 766, 722, 494, 692, 120, 883, 937, 177, 145 | 0.45836 | 0.37771441105505593
368, 829, 766, 722, 684, 217, 419, 120, 883, 937, 177 | 0.47431 | 0.3918772953121625
368, 829, 766, 722, 684, 217, 494, 419, 120, 937, 177 | 0.47469 | 0.37265068049254696
368, 829, 766, 722, 684, 494, 120, 883, 937, 177, 145 | 0.46539 | 0.37903048914235576
368, 829, 766, 722, 684, 692, 120, 883, 937, 177, 145 | 0.46356 | 0.37595964027198947
368, 829, 766, 722, 354, 684, 419, 120, 883, 937, 177 | 0.47806 | 0.37545906243249083
368, 829, 766, 722, 354, 684, 217, 494, 419, 937, 177 | 0.48137 | 0.37761935623244763
368, 829, 766, 722, 354, 684, 217, 419, 883, 937, 177 | 0.48115 | 0.396197882912076
368, 829, 766, 722, 354, 684, 217, 120, 883, 937, 177 | 0.4774 | 0.39511773601209765
368, 829, 766, 722, 354, 217, 419, 120, 883, 937, 177 | 0.47716 | 0.39727802981205446
368, 829, 766, 354, 684, 217, 419, 120, 883, 937, 177 | 0.47715 | 0.39792611795204147
368, 829, 766, 684, 494, 692, 120, 883, 937, 177, 145 | 0.45257 | 0.3735468304452731
368, 766, 684, 217, 494, 692, 120, 883, 937, 177, 145 | 0.45026 | 0.38999780653652116
368, 766, 354, 684, 494, 419, 692, 120, 883, 937, 177 | 0.45956 | 0.3953337653920933
368, 766, 354, 684, 494, 692, 120, 883, 937, 177, 145 | 0.45352 | 0.3906558455801711
368, 766, 722, 354, 494, 419, 692, 120, 883, 937, 177 | 0.46137 | 0.395549794772089
368, 766, 722, 354, 494, 692, 120, 883, 937, 177, 145 | 0.45656 | 0.3932880017547708
368, 766, 722, 354, 684, 217, 692, 120, 883, 937, 145 | 0.46674 | 0.3882430357534547
368, 766, 722, 354, 684, 217, 419, 120, 883, 937, 177 | 0.47203 | 0.37610715057247784
368, 766, 722, 354, 684, 217, 494, 419, 120, 937, 177 | 0.47251 | 0.3577446532728451
368, 766, 722, 354, 684, 494, 120, 883, 937, 177, 145 | 0.46285 | 0.3948234261899539
368, 766, 722, 354, 684, 494, 692, 120, 937, 177, 145 | 0.4616 | 0.39284930905900417
368, 766, 722, 354, 684, 494, 692, 883, 937, 177, 145 | 0.45874 | 0.3897784601886379
368, 766, 722, 354, 684, 419, 692, 120, 883, 937, 177 | 0.46658 | 0.3966299416720674
368, 766, 722, 354, 684, 692, 120, 883, 937, 177, 145 | 0.46189 | 0.39284930905900417
368, 766, 722, 684, 494, 419, 692, 120, 883, 937, 177 | 0.45829 | 0.39079714841218405
368, 766, 722, 684, 494, 692, 120, 883, 937, 177, 145 | 0.454 | 0.36586970826935733
368, 766, 722, 684, 217, 494, 120, 883, 937, 177, 145 | 0.46003 | 0.39438473349418735
368, 766, 722, 684, 217, 494, 692, 120, 937, 177, 145 | 0.45934 | 0.3917525773195876
368, 766, 722, 684, 217, 494, 692, 883, 937, 177, 145 | 0.45411 | 0.38933976749287125
368, 766, 722, 684, 217, 692, 120, 883, 937, 177, 145 | 0.45912 | 0.3917525773195876
368, 766, 722, 217, 494, 692, 120, 883, 937, 177, 145 | 0.45383 | 0.3919719236674709
368, 722, 684, 217, 494, 692, 120, 883, 937, 177, 145 | 0.45281 | 0.38692695766615487
368, 722, 354, 684, 494, 419, 692, 120, 883, 937, 177 | 0.46095 | 0.3931734715921365
368, 722, 354, 684, 494, 692, 120, 883, 937, 177, 145 | 0.45611 | 0.38714630401403816
368, 722, 354, 684, 217, 494, 692, 120, 883, 937, 145 | 0.46124 | 0.38188199166483877
368, 722, 354, 684, 217, 494, 419, 692, 120, 937, 177 | 0.46481 | 0.396197882912076
368, 722, 354, 684, 217, 494, 419, 120, 883, 937, 177 | 0.46412 | 0.37329876863253403
368, 722, 354, 217, 494, 419, 692, 883, 937, 177, 438 | 0.45424 | 0.3639991132786522
368, 722, 354, 217, 494, 692, 883, 937, 177, 145, 438 | 0.44938 | 0.36510751496342275
