1, 30, 33, 42, 10, 34, 63, 37, 36, 65, 23, 81, 62, 11, 92 | 0.6174 | 0.8517110266159695
9, 1, 33, 42, 10, 34, 63, 37, 36, 65, 23, 81, 62, 11, 92 | 0.6187 | 0.831787072243346
9, 1, 30, 33, 10, 34, 63, 37, 36, 65, 23, 81, 62, 11, 92 | 0.63815 | 0.8637262357414449
9, 1, 30, 33, 42, 10, 63, 37, 36, 65, 23, 81, 62, 11, 92 | 0.63625 | 0.8638783269961977
9, 1, 30, 33, 42, 10, 34, 63, 36, 65, 23, 81, 62, 11, 92 | 0.63355 | 0.8617490494296578
9, 1, 30, 33, 42, 10, 34, 63, 37, 36, 23, 81, 62, 11, 92 | 0.6353 | 0.8657034220532319
9, 1, 30, 33, 42, 10, 34, 63, 37, 36, 65, 23, 62, 11, 92 | 0.63401 | 0.8638783269961977
9, 1, 30, 33, 42, 10, 34, 63, 37, 36, 65, 23, 81, 62, 11 | 0.63807 | 0.7993346438832603
9, 1, 30, 33, 42, 10, 34, 63, 37, 36, 65, 23, 81, 62, 92 | 0.63373 | 0.8641825095057034
9, 1, 30, 33, 42, 10, 34, 63, 37, 36, 65, 23, 81, 11, 92 | 0.63686 | 0.8652471482889734
9, 1, 30, 33, 42, 10, 34, 63, 37, 36, 65, 81, 62, 11, 92 | 0.63949 | 0.8653992395437262
9, 1, 30, 33, 42, 10, 34, 63, 37, 65, 23, 81, 62, 11, 92 | 0.63492 | 0.8637262357414449
9, 1, 30, 33, 42, 10, 34, 37, 36, 65, 23, 81, 62, 11, 92 | 0.625 | 0.8576425855513308
9, 1, 30, 33, 42, 34, 63, 37, 36, 65, 23, 81, 62, 11, 92 | 0.63225 | 0.860532319391635
9, 1, 30, 42, 10, 34, 63, 37, 36, 65, 23, 81, 62, 11, 92 | 0.61289 | 0.8576425855513308
9, 30, 33, 42, 10, 34, 63, 37, 36, 65, 23, 81, 62, 11, 92 | 0.62377 | 0.8407604562737643
35, 9, 33, 42, 10, 34, 63, 37, 36, 65, 23, 81, 62, 11, 92 | 0.65528 | 0.8232699619771863
35, 9, 30, 33, 10, 34, 63, 37, 36, 65, 23, 81, 62, 11, 92 | 0.67408 | 0.8585551330798479
35, 9, 30, 33, 42, 10, 63, 37, 36, 65, 23, 81, 62, 11, 92 | 0.67308 | 0.8596197718631179
35, 9, 30, 33, 42, 10, 34, 63, 36, 65, 23, 81, 62, 11, 92 | 0.66997 | 0.8567300380228137
35, 9, 30, 33, 42, 10, 34, 63, 37, 36, 23, 81, 62, 11, 92 | 0.672 | 0.8611406844106464
35, 9, 30, 33, 42, 10, 34, 63, 37, 36, 65, 23, 62, 11, 92 | 0.67064 | 0.8587072243346008
35, 9, 30, 33, 42, 10, 34, 63, 37, 36, 65, 23, 81, 62, 11 | 0.67391 | 0.8335097535158023
35, 9, 30, 33, 42, 10, 34, 63, 37, 36, 65, 23, 81, 62, 92 | 0.67203 | 0.8611406844106464
35, 9, 30, 33, 42, 10, 34, 63, 37, 36, 65, 23, 81, 11, 92 | 0.67413 | 0.8615969581749049
35, 9, 30, 33, 42, 10, 34, 63, 37, 36, 65, 81, 62, 11, 92 | 0.67583 | 0.8617490494296578
35, 9, 30, 33, 42, 10, 34, 63, 37, 65, 23, 81, 62, 11, 92 | 0.67134 | 0.8591634980988593
35, 9, 30, 33, 42, 10, 34, 37, 36, 65, 23, 81, 62, 11, 92 | 0.66478 | 0.854448669201521
35, 9, 30, 33, 42, 34, 63, 37, 36, 65, 23, 81, 62, 11, 92 | 0.66962 | 0.8565779467680609
35, 9, 30, 42, 10, 34, 63, 37, 36, 65, 23, 81, 62, 11, 92 | 0.6533 | 0.8524714828897338
35, 9, 1, 30, 10, 34, 63, 37, 36, 65, 23, 81, 62, 11, 92 | 0.66385 | 0.8714828897338402
35, 9, 1, 30, 42, 10, 63, 37, 36, 65, 23, 81, 62, 11, 92 | 0.6632 | 0.8719391634980989
35, 9, 1, 30, 42, 10, 34, 63, 36, 65, 23, 81, 62, 11, 92 | 0.65977 | 0.8692015209125475
35, 9, 1, 30, 42, 10, 34, 63, 37, 36, 23, 81, 62, 11, 92 | 0.66209 | 0.8734600760456274
35, 9, 1, 30, 42, 10, 34, 63, 37, 36, 65, 23, 62, 11, 92 | 0.6606 | 0.8716349809885932
35, 9, 1, 30, 42, 10, 34, 63, 37, 36, 65, 23, 81, 62, 11 | 0.66473 | 0.8332073189172842
35, 9, 1, 30, 42, 10, 34, 63, 37, 36, 65, 23, 81, 62, 92 | 0.66203 | 0.8733079847908746
35, 9, 1, 30, 42, 10, 34, 63, 37, 36, 65, 23, 81, 11, 92 | 0.66397 | 0.8734600760456274
35, 9, 1, 30, 42, 10, 34, 63, 37, 36, 65, 81, 62, 11, 92 | 0.66611 | 0.8734600760456274
35, 9, 1, 30, 42, 10, 34, 63, 37, 65, 23, 81, 62, 11, 92 | 0.66161 | 0.8711787072243345
35, 9, 1, 30, 42, 10, 34, 37, 36, 65, 23, 81, 62, 11, 92 | 0.65437 | 0.8667680608365019
35, 9, 1, 30, 42, 34, 63, 37, 36, 65, 23, 81, 62, 11, 92 | 0.65923 | 0.8690494296577946
35, 9, 1, 30, 33, 42, 63, 37, 36, 65, 23, 81, 62, 11, 92 | 0.67833 | 0.8748288973384031
35, 9, 1, 30, 33, 42, 34, 63, 36, 65, 23, 81, 62, 11, 92 | 0.6748 | 0.8720912547528518
35, 9, 1, 30, 33, 42, 34, 63, 37, 36, 23, 81, 62, 11, 92 | 0.67728 | 0.8761977186311787
35, 9, 1, 30, 33, 42, 34, 63, 37, 36, 65, 23, 62, 11, 92 | 0.67545 | 0.8742205323193917
35, 9, 1, 30, 33, 42, 34, 63, 37, 36, 65, 23, 81, 62, 11 | 0.67971 | 0.8446998336609708
35, 9, 1, 30, 33, 42, 34, 63, 37, 36, 65, 23, 81, 62, 92 | 0.67757 | 0.8763498098859316
35, 9, 1, 30, 33, 42, 34, 63, 37, 36, 65, 23, 81, 11, 92 | 0.67924 | 0.875893536121673
35, 9, 1, 30, 33, 42, 34, 63, 37, 36, 65, 81, 62, 11, 92 | 0.68106 | 0.8761977186311787
35, 9, 1, 30, 33, 42, 34, 63, 37, 65, 23, 81, 62, 11, 92 | 0.67598 | 0.8736121673003803
35, 9, 1, 30, 33, 42, 34, 37, 36, 65, 23, 81, 62, 11, 92 | 0.67018 | 0.8708745247148288
35, 9, 1, 30, 33, 42, 10, 34, 36, 65, 23, 81, 62, 11, 92 | 0.67071 | 0.8708745247148288
35, 9, 1, 30, 33, 42, 10, 34, 37, 36, 23, 81, 62, 11, 92 | 0.67266 | 0.8745247148288974
35, 9, 1, 30, 33, 42, 10, 34, 37, 36, 65, 23, 62, 11, 92 | 0.67105 | 0.872851711026616
35, 9, 1, 30, 33, 42, 10, 34, 37, 36, 65, 23, 81, 62, 11 | 0.67475 | 0.8392560108876456
35, 9, 1, 30, 33, 42, 10, 34, 37, 36, 65, 23, 81, 62, 92 | 0.67236 | 0.8746768060836502
35, 9, 1, 30, 33, 42, 10, 34, 37, 36, 65, 23, 81, 11, 92 | 0.67446 | 0.8745247148288974
35, 9, 1, 30, 33, 42, 10, 34, 37, 36, 65, 81, 62, 11, 92 | 0.67604 | 0.8742205323193917
35, 9, 1, 30, 33, 42, 10, 34, 37, 65, 23, 81, 62, 11, 92 | 0.67194 | 0.8726996197718632
35, 9, 1, 30, 33, 42, 10, 34, 63, 37, 23, 81, 62, 11, 92 | 0.67908 | 0.8781749049429658
35, 9, 1, 30, 33, 42, 10, 34, 63, 37, 65, 23, 62, 11, 92 | 0.67697 | 0.8761977186311787
35, 9, 1, 30, 33, 42, 10, 34, 63, 37, 65, 23, 81, 62, 11 | 0.68132 | 0.8468168758505973
35, 9, 1, 30, 33, 42, 10, 34, 63, 37, 65, 23, 81, 62, 92 | 0.6792 | 0.8781749049429658
35, 9, 1, 30, 33, 42, 10, 34, 63, 37, 65, 23, 81, 11, 92 | 0.68086 | 0.8775665399239544
35, 9, 1, 30, 33, 42, 10, 34, 63, 37, 65, 81, 62, 11, 92 | 0.68263 | 0.8780228136882129
35, 9, 1, 30, 33, 42, 10, 34, 63, 37, 36, 65, 62, 11, 92 | 0.68177 | 0.8784790874524715
35, 9, 1, 30, 33, 42, 10, 34, 63, 37, 36, 65, 81, 62, 11 | 0.68556 | 0.8484802661424466
35, 9, 1, 30, 33, 42, 10, 34, 63, 37, 36, 65, 81, 62, 92 | 0.68344 | 0.8798479087452471
35, 9, 1, 30, 33, 42, 10, 34, 63, 37, 36, 65, 81, 11, 92 | 0.68435 | 0.8787832699619772
35, 9, 1, 30, 33, 42, 10, 34, 63, 37, 36, 23, 62, 11, 92 | 0.67804 | 0.8786311787072243
35, 9, 1, 30, 33, 42, 10, 34, 63, 37, 36, 23, 81, 62, 11 | 0.68212 | 0.8434900952668986
35, 9, 1, 30, 33, 42, 10, 34, 63, 37, 36, 23, 81, 62, 92 | 0.67965 | 0.8801520912547528
35, 9, 1, 30, 33, 42, 10, 34, 63, 37, 36, 23, 81, 11, 92 | 0.6808 | 0.8793916349809886
35, 9, 1, 30, 33, 42, 10, 34, 63, 37, 36, 81, 62, 11, 92 | 0.68232 | 0.88
35, 9, 1, 30, 33, 42, 10, 34, 63, 36, 23, 81, 62, 11, 92 | 0.67674 | 0.8765019011406844
35, 9, 1, 30, 33, 42, 10, 34, 63, 36, 65, 81, 62, 11, 92 | 0.68129 | 0.8761977186311787
35, 9, 1, 30, 33, 42, 10, 34, 63, 65, 23, 81, 62, 11, 92 | 0.67608 | 0.8742205323193917
35, 9, 1, 30, 33, 42, 10, 63, 36, 65, 23, 81, 62, 11, 92 | 0.67803 | 0.8745247148288974
35, 9, 1, 30, 33, 42, 10, 63, 37, 36, 23, 81, 62, 11, 92 | 0.68004 | 0.8786311787072243
35, 9, 1, 30, 33, 42, 10, 63, 37, 36, 65, 23, 62, 11, 92 | 0.67898 | 0.8765019011406844
35, 9, 1, 30, 33, 42, 10, 63, 37, 36, 65, 23, 81, 62, 11 | 0.68275 | 0.8469680931498563
35, 9, 1, 30, 33, 42, 10, 63, 37, 36, 65, 23, 81, 62, 92 | 0.6806 | 0.8787832699619772
35, 9, 1, 30, 33, 42, 10, 63, 37, 36, 65, 23, 81, 11, 92 | 0.68159 | 0.8783269961977186
35, 9, 1, 30, 33, 42, 10, 63, 37, 36, 65, 81, 62, 11, 92 | 0.67653 | 0.8749809885931559
35, 9, 1, 30, 33, 42, 10, 63, 37, 65, 23, 81, 62, 11, 92 | 0.67982 | 0.8765019011406844
35, 9, 1, 30, 33, 42, 10, 37, 36, 65, 23, 81, 62, 11, 92 | 0.67335 | 0.8725475285171103
35, 9, 1, 30, 33, 10, 63, 37, 36, 65, 23, 81, 62, 11, 92 | 0.68255 | 0.8768060836501901
35, 9, 1, 30, 33, 10, 34, 63, 36, 65, 23, 81, 62, 11, 92 | 0.67984 | 0.8749809885931559
35, 9, 1, 30, 33, 10, 34, 63, 37, 36, 23, 81, 62, 11, 92 | 0.68182 | 0.87893536121673
35, 9, 1, 30, 33, 10, 34, 63, 37, 36, 65, 23, 62, 11, 92 | 0.67889 | 0.8765019011406844
35, 9, 1, 30, 33, 10, 34, 63, 37, 36, 65, 23, 81, 62, 11 | 0.68433 | 0.8471193104491154
35, 9, 1, 30, 33, 10, 34, 63, 37, 36, 65, 23, 81, 62, 92 | 0.68218 | 0.87893536121673
35, 9, 1, 30, 33, 10, 34, 63, 37, 36, 65, 23, 81, 11, 92 | 0.68379 | 0.87893536121673
35, 9, 1, 30, 33, 10, 34, 63, 37, 36, 65, 81, 62, 11, 92 | 0.68551 | 0.8786311787072243
35, 9, 1, 30, 33, 10, 34, 63, 37, 65, 23, 81, 62, 11, 92 | 0.68046 | 0.8757414448669202
35, 9, 1, 30, 33, 10, 34, 37, 36, 65, 23, 81, 62, 11, 92 | 0.67506 | 0.8733079847908746
35, 9, 1, 30, 33, 34, 63, 37, 36, 65, 23, 81, 62, 11, 92 | 0.67896 | 0.873916349809886
35, 9, 1, 33, 10, 34, 63, 37, 36, 65, 23, 81, 62, 11, 92 | 0.66705 | 0.847148288973384
35, 9, 1, 33, 42, 10, 63, 37, 36, 65, 23, 81, 62, 11, 92 | 0.66574 | 0.8479087452471483
35, 9, 1, 33, 42, 10, 34, 63, 36, 65, 23, 81, 62, 11, 92 | 0.66226 | 0.8442585551330799
35, 9, 1, 33, 42, 10, 34, 63, 37, 36, 23, 81, 62, 11, 92 | 0.66486 | 0.8494296577946768
35, 9, 1, 33, 42, 10, 34, 63, 37, 36, 65, 23, 62, 11, 92 | 0.66314 | 0.8489733840304182
35, 9, 1, 33, 42, 10, 34, 63, 37, 36, 65, 23, 81, 62, 11 | 0.66567 | 0.8359292303039467
35, 9, 1, 33, 42, 10, 34, 63, 37, 36, 65, 23, 81, 62, 92 | 0.66472 | 0.8494296577946768
35, 9, 1, 33, 42, 10, 34, 63, 37, 36, 65, 23, 81, 11, 92 | 0.66675 | 0.8497338403041825
35, 9, 1, 33, 42, 10, 34, 63, 37, 36, 65, 81, 62, 11, 92 | 0.66855 | 0.8503422053231939
35, 9, 1, 33, 42, 10, 34, 63, 37, 65, 23, 81, 62, 11, 92 | 0.66395 | 0.8479087452471483
35, 9, 1, 33, 42, 10, 34, 37, 36, 65, 23, 81, 62, 11, 92 | 0.65727 | 0.8436501901140684
35, 9, 1, 33, 42, 34, 63, 37, 36, 65, 23, 81, 62, 11, 92 | 0.6624 | 0.8448669201520913
35, 9, 1, 42, 10, 34, 63, 37, 36, 65, 23, 81, 62, 11, 92 | 0.64697 | 0.8418250950570342
35, 1, 33, 42, 10, 34, 63, 37, 36, 65, 23, 81, 62, 11, 92 | 0.64677 | 0.8365019011406845
35, 1, 30, 33, 10, 34, 63, 37, 36, 65, 23, 81, 62, 11, 92 | 0.66239 | 0.8653992395437262
35, 1, 30, 33, 42, 10, 63, 37, 36, 65, 23, 81, 62, 11, 92 | 0.66332 | 0.8684410646387832
35, 1, 30, 33, 42, 10, 34, 63, 36, 65, 23, 81, 62, 11, 92 | 0.65827 | 0.8644866920152091
35, 1, 30, 33, 42, 10, 34, 63, 37, 36, 23, 81, 62, 11, 92 | 0.66259 | 0.869657794676806
35, 1, 30, 33, 42, 10, 34, 63, 37, 36, 65, 23, 62, 11, 92 | 0.66047 | 0.867680608365019
35, 1, 30, 33, 42, 10, 34, 63, 37, 36, 65, 23, 81, 62, 11 | 0.66536 | 0.8353243611069107
35, 1, 30, 33, 42, 10, 34, 63, 37, 36, 65, 23, 81, 62, 92 | 0.66303 | 0.869809885931559
35, 1, 30, 33, 42, 10, 34, 63, 37, 36, 65, 23, 81, 11, 92 | 0.66466 | 0.869809885931559
35, 1, 30, 33, 42, 10, 34, 63, 37, 36, 65, 81, 62, 11, 92 | 0.6668 | 0.8695057034220532
35, 1, 30, 33, 42, 10, 34, 63, 37, 65, 23, 81, 62, 11, 92 | 0.66135 | 0.8667680608365019
35, 1, 30, 33, 42, 10, 34, 37, 36, 65, 23, 81, 62, 11, 92 | 0.65555 | 0.8628136882129278
35, 1, 30, 33, 42, 34, 63, 37, 36, 65, 23, 81, 62, 11, 92 | 0.65822 | 0.8640304182509506
35, 1, 30, 42, 10, 34, 63, 37, 36, 65, 23, 81, 62, 11, 92 | 0.64508 | 0.8634220532319392
35, 30, 33, 42, 10, 34, 63, 37, 36, 65, 23, 81, 62, 11, 92 | 0.65416 | 0.8468441064638783
8, 35, 33, 42, 10, 34, 63, 37, 36, 65, 23, 81, 62, 11, 92 | 0.68063 | 0.8325475285171102
8, 35, 30, 33, 10, 34, 63, 37, 36, 65, 23, 81, 62, 11, 92 | 0.6965 | 0.8650950570342205
8, 35, 30, 33, 42, 10, 63, 37, 36, 65, 23, 81, 62, 11, 92 | 0.69771 | 0.8685931558935361
8, 35, 30, 33, 42, 10, 34, 63, 36, 65, 23, 81, 62, 11, 92 | 0.69259 | 0.8638783269961977
8, 35, 30, 33, 42, 10, 34, 63, 37, 36, 23, 81, 62, 11, 92 | 0.69719 | 0.8692015209125475
8, 35, 30, 33, 42, 10, 34, 63, 37, 36, 65, 23, 62, 11, 92 | 0.6952 | 0.8667680608365019
8, 35, 30, 33, 42, 10, 34, 63, 37, 36, 65, 23, 81, 62, 11 | 0.69945 | 0.8546801754120671
8, 35, 30, 33, 42, 10, 34, 63, 37, 36, 65, 23, 81, 62, 92 | 0.69843 | 0.8693536121673003
8, 35, 30, 33, 42, 10, 34, 63, 37, 36, 65, 23, 81, 11, 92 | 0.69906 | 0.8695057034220532
8, 35, 30, 33, 42, 10, 34, 63, 37, 36, 65, 81, 62, 11, 92 | 0.70094 | 0.8701140684410646
8, 35, 30, 33, 42, 10, 34, 63, 37, 65, 23, 81, 62, 11, 92 | 0.69607 | 0.8669201520912547
8, 35, 30, 33, 42, 10, 34, 37, 36, 65, 23, 81, 62, 11, 92 | 0.69451 | 0.8647908745247148
8, 35, 30, 33, 42, 34, 63, 37, 36, 65, 23, 81, 62, 11, 92 | 0.69269 | 0.8637262357414449
8, 35, 30, 42, 10, 34, 63, 37, 36, 65, 23, 81, 62, 11, 92 | 0.68018 | 0.8626615969581749
8, 35, 1, 30, 10, 34, 63, 37, 36, 65, 23, 81, 62, 11, 92 | 0.68596 | 0.8787832699619772
8, 35, 1, 30, 42, 10, 63, 37, 36, 65, 23, 81, 62, 11, 92 | 0.68749 | 0.8813688212927757
8, 35, 1, 30, 42, 10, 34, 63, 36, 65, 23, 81, 62, 11, 92 | 0.68204 | 0.8778707224334601
8, 35, 1, 30, 42, 10, 34, 63, 37, 36, 23, 81, 62, 11, 92 | 0.68688 | 0.8824334600760456
8, 35, 1, 30, 42, 10, 34, 63, 37, 36, 65, 23, 62, 11, 92 | 0.68467 | 0.8798479087452471
8, 35, 1, 30, 42, 10, 34, 63, 37, 36, 65, 23, 81, 62, 11 | 0.68995 | 0.8528655678209587
8, 35, 1, 30, 42, 10, 34, 63, 37, 36, 65, 23, 81, 62, 92 | 0.68797 | 0.8821292775665399
8, 35, 1, 30, 42, 10, 34, 63, 37, 36, 65, 23, 81, 11, 92 | 0.68854 | 0.8822813688212928
8, 35, 1, 30, 42, 10, 34, 63, 37, 36, 65, 81, 62, 11, 92 | 0.69082 | 0.8824334600760456
8, 35, 1, 30, 42, 10, 34, 63, 37, 65, 23, 81, 62, 11, 92 | 0.68598 | 0.8796958174904943
8, 35, 1, 30, 42, 10, 34, 37, 36, 65, 23, 81, 62, 11, 92 | 0.68379 | 0.8771102661596958
8, 35, 1, 30, 42, 34, 63, 37, 36, 65, 23, 81, 62, 11, 92 | 0.68208 | 0.8761977186311787
8, 35, 1, 30, 33, 42, 63, 37, 36, 65, 23, 81, 62, 11, 92 | 0.69944 | 0.8813688212927757
8, 35, 1, 30, 33, 42, 34, 63, 36, 65, 23, 81, 62, 11, 92 | 0.69365 | 0.8775665399239544
8, 35, 1, 30, 33, 42, 34, 63, 37, 36, 23, 81, 62, 11, 92 | 0.6989 | 0.8822813688212928
8, 35, 1, 30, 33, 42, 34, 63, 37, 36, 65, 23, 62, 11, 92 | 0.69616 | 0.87893536121673
8, 35, 1, 30, 33, 42, 34, 63, 37, 36, 65, 23, 81, 62, 11 | 0.70168 | 0.8620898230757599
8, 35, 1, 30, 33, 42, 34, 63, 37, 36, 65, 23, 81, 62, 92 | 0.70031 | 0.8821292775665399
8, 35, 1, 30, 33, 42, 34, 63, 37, 36, 65, 23, 81, 11, 92 | 0.70055 | 0.8821292775665399
8, 35, 1, 30, 33, 42, 34, 63, 37, 36, 65, 81, 62, 11, 92 | 0.7026 | 0.8821292775665399
8, 35, 1, 30, 33, 42, 34, 63, 37, 65, 23, 81, 62, 11, 92 | 0.69708 | 0.87893536121673
8, 35, 1, 30, 33, 42, 34, 37, 36, 65, 23, 81, 62, 11, 92 | 0.69625 | 0.8780228136882129
8, 35, 1, 30, 33, 42, 10, 34, 36, 65, 23, 81, 62, 11, 92 | 0.69616 | 0.8783269961977186
8, 35, 1, 30, 33, 42, 10, 34, 37, 36, 23, 81, 62, 11, 92 | 0.70047 | 0.8828897338403042
8, 35, 1, 30, 33, 42, 10, 34, 37, 36, 65, 23, 62, 11, 92 | 0.69819 | 0.88106463878327
8, 35, 1, 30, 33, 42, 10, 34, 37, 36, 65, 23, 81, 62, 11 | 0.70297 | 0.8601239981853924
8, 35, 1, 30, 33, 42, 10, 34, 37, 36, 65, 23, 81, 62, 92 | 0.70142 | 0.8828897338403042
8, 35, 1, 30, 33, 42, 10, 34, 37, 36, 65, 23, 81, 11, 92 | 0.70207 | 0.8827376425855513
8, 35, 1, 30, 33, 42, 10, 34, 37, 36, 65, 81, 62, 11, 92 | 0.70389 | 0.8827376425855513
8, 35, 1, 30, 33, 42, 10, 34, 37, 65, 23, 81, 62, 11, 92 | 0.69942 | 0.8809125475285171
8, 35, 1, 30, 33, 42, 10, 34, 63, 37, 23, 81, 62, 11, 92 | 0.70215 | 0.8851711026615969
8, 35, 1, 30, 33, 42, 10, 34, 63, 37, 65, 81, 62, 11, 92 | 0.70572 | 0.8851711026615969
8, 35, 1, 30, 33, 42, 10, 34, 63, 37, 36, 65, 62, 11, 92 | 0.70461 | 0.8854752851711026
8, 35, 1, 30, 33, 42, 10, 34, 63, 37, 36, 65, 81, 62, 11 | 0.70942 | 0.8652653863601996
8, 35, 1, 30, 33, 42, 10, 34, 63, 37, 36, 65, 81, 62, 92 | 0.70793 | 0.887148288973384
8, 35, 1, 30, 33, 42, 10, 34, 63, 37, 36, 65, 81, 11, 92 | 0.70756 | 0.8866920152091254
8, 35, 1, 30, 33, 42, 10, 34, 63, 37, 36, 23, 62, 11, 92 | 0.70087 | 0.8854752851711026
8, 35, 1, 30, 33, 42, 10, 34, 63, 37, 36, 23, 81, 62, 11 | 0.70604 | 0.8605776500831696
8, 35, 1, 30, 33, 42, 10, 34, 63, 37, 36, 23, 81, 62, 92 | 0.70423 | 0.8873003802281368
8, 35, 1, 30, 33, 42, 10, 34, 63, 37, 36, 23, 81, 11, 92 | 0.70408 | 0.8873003802281368
8, 35, 1, 30, 33, 42, 10, 34, 63, 37, 36, 81, 62, 11, 92 | 0.70589 | 0.8874524714828897
8, 35, 1, 30, 33, 42, 10, 34, 63, 36, 23, 81, 62, 11, 92 | 0.69772 | 0.8833460076045627
8, 35, 1, 30, 33, 42, 10, 34, 63, 36, 65, 81, 62, 11, 92 | 0.70238 | 0.8831939163498099
8, 35, 1, 30, 33, 42, 10, 34, 63, 65, 23, 81, 62, 11, 92 | 0.69672 | 0.8804562737642585
8, 35, 1, 30, 33, 42, 10, 63, 36, 65, 23, 81, 62, 11, 92 | 0.6985 | 0.8813688212927757
8, 35, 1, 30, 33, 42, 10, 63, 37, 36, 23, 81, 62, 11, 92 | 0.70311 | 0.8866920152091254
8, 35, 1, 30, 33, 42, 10, 63, 37, 36, 65, 23, 62, 11, 92 | 0.70146 | 0.884106463878327
8, 35, 1, 30, 33, 42, 10, 63, 37, 36, 65, 23, 81, 62, 11 | 0.70629 | 0.8640556479661273
8, 35, 1, 30, 33, 42, 10, 63, 37, 36, 65, 23, 81, 62, 92 | 0.70476 | 0.8865399239543726
8, 35, 1, 30, 33, 42, 10, 63, 37, 36, 65, 23, 81, 11, 92 | 0.70445 | 0.8859315589353612
8, 35, 1, 30, 33, 42, 10, 63, 37, 36, 65, 81, 62, 11, 92 | 0.69956 | 0.883041825095057
8, 35, 1, 30, 33, 42, 10, 63, 37, 65, 23, 81, 62, 11, 92 | 0.70255 | 0.8836501901140684
8, 35, 1, 30, 33, 42, 10, 37, 36, 65, 23, 81, 62, 11, 92 | 0.70083 | 0.8816730038022814
8, 35, 1, 30, 33, 10, 63, 37, 36, 65, 23, 81, 62, 11, 92 | 0.70302 | 0.8827376425855513
8, 35, 1, 30, 33, 10, 34, 63, 36, 65, 23, 81, 62, 11, 92 | 0.69823 | 0.8801520912547528
8, 35, 1, 30, 33, 10, 34, 63, 37, 36, 23, 81, 62, 11, 92 | 0.70261 | 0.8844106463878327
8, 35, 1, 30, 33, 10, 34, 63, 37, 36, 65, 23, 62, 11, 92 | 0.69892 | 0.8813688212927757
8, 35, 1, 30, 33, 10, 34, 63, 37, 36, 65, 23, 81, 62, 11 | 0.70568 | 0.8628459095720551
8, 35, 1, 30, 33, 10, 34, 63, 37, 36, 65, 23, 81, 62, 92 | 0.70421 | 0.8844106463878327
8, 35, 1, 30, 33, 10, 34, 63, 37, 36, 65, 23, 81, 11, 92 | 0.70437 | 0.8839543726235741
8, 35, 1, 30, 33, 10, 34, 63, 37, 36, 65, 81, 62, 11, 92 | 0.70646 | 0.8842585551330798
8, 35, 1, 30, 33, 10, 34, 63, 37, 65, 23, 81, 62, 11, 92 | 0.70102 | 0.8806083650190114
8, 35, 1, 30, 33, 10, 34, 37, 36, 65, 23, 81, 62, 11, 92 | 0.70039 | 0.8796958174904943
8, 35, 1, 30, 33, 34, 63, 37, 36, 65, 23, 81, 62, 11, 92 | 0.69772 | 0.8778707224334601
8, 35, 1, 33, 10, 34, 63, 37, 36, 65, 23, 81, 62, 11, 92 | 0.68796 | 0.8527756653992395
8, 35, 1, 33, 42, 10, 63, 37, 36, 65, 23, 81, 62, 11, 92 | 0.68888 | 0.8568821292775666
8, 35, 1, 33, 42, 10, 34, 63, 36, 65, 23, 81, 62, 11, 92 | 0.68335 | 0.8520152091254752
8, 35, 1, 33, 42, 10, 34, 63, 37, 36, 23, 81, 62, 11, 92 | 0.68855 | 0.8573384030418251
8, 35, 1, 33, 42, 10, 34, 63, 37, 36, 65, 23, 62, 11, 92 | 0.68605 | 0.8556653992395438
8, 35, 1, 33, 42, 10, 34, 63, 37, 36, 65, 23, 81, 62, 11 | 0.68976 | 0.8537728716165129
8, 35, 1, 33, 42, 10, 34, 63, 37, 36, 65, 23, 81, 62, 92 | 0.68946 | 0.857490494296578
8, 35, 1, 33, 42, 10, 34, 63, 37, 36, 65, 23, 81, 11, 92 | 0.69015 | 0.8576425855513308
8, 35, 1, 33, 42, 10, 34, 63, 37, 36, 65, 81, 62, 11, 92 | 0.69219 | 0.8580988593155894
8, 35, 1, 33, 42, 10, 34, 63, 37, 65, 23, 81, 62, 11, 92 | 0.68717 | 0.8550570342205324
8, 35, 1, 33, 42, 10, 34, 37, 36, 65, 23, 81, 62, 11, 92 | 0.68558 | 0.8529277566539923
8, 35, 1, 33, 42, 34, 63, 37, 36, 65, 23, 81, 62, 11, 92 | 0.68407 | 0.8520152091254752
8, 35, 1, 42, 10, 34, 63, 37, 36, 65, 23, 81, 62, 11, 92 | 0.67192 | 0.8514068441064638
8, 35, 9, 1, 10, 34, 63, 37, 36, 65, 23, 81, 62, 11, 92 | 0.69014 | 0.8600760456273764
8, 35, 9, 1, 42, 10, 63, 37, 36, 65, 23, 81, 62, 11, 92 | 0.6894 | 0.8609885931558935
8, 35, 9, 1, 42, 10, 34, 63, 36, 65, 23, 81, 62, 11, 92 | 0.68573 | 0.8571863117870723
8, 35, 9, 1, 42, 10, 34, 63, 37, 36, 23, 81, 62, 11, 92 | 0.68858 | 0.8623574144486692
8, 35, 9, 1, 42, 10, 34, 63, 37, 36, 65, 81, 62, 11, 92 | 0.69212 | 0.8631178707224335
8, 35, 9, 1, 42, 10, 34, 63, 37, 65, 23, 81, 62, 11, 92 | 0.68804 | 0.8606844106463878
8, 35, 9, 1, 42, 10, 34, 37, 36, 65, 23, 81, 62, 11, 92 | 0.68511 | 0.8571863117870723
8, 35, 9, 1, 42, 34, 63, 37, 36, 65, 23, 81, 62, 11, 92 | 0.6856 | 0.8577946768060837
8, 35, 9, 1, 33, 42, 63, 37, 36, 65, 23, 81, 62, 11, 92 | 0.70338 | 0.8638783269961977
8, 35, 9, 1, 33, 42, 34, 63, 36, 65, 23, 81, 62, 11, 92 | 0.69949 | 0.8596197718631179
8, 35, 9, 1, 33, 42, 34, 63, 37, 36, 23, 81, 62, 11, 92 | 0.70262 | 0.8644866920152091
8, 35, 9, 1, 33, 42, 34, 63, 37, 36, 65, 81, 62, 11, 92 | 0.70591 | 0.8653992395437262
8, 35, 9, 1, 33, 42, 34, 63, 37, 65, 23, 81, 62, 11, 92 | 0.70128 | 0.8622053231939163
8, 35, 9, 1, 33, 42, 34, 37, 36, 65, 23, 81, 62, 11, 92 | 0.69956 | 0.8609885931558935
8, 35, 9, 1, 33, 42, 10, 34, 36, 65, 23, 81, 62, 11, 92 | 0.69957 | 0.8597718631178707
8, 35, 9, 1, 33, 42, 10, 34, 37, 36, 23, 81, 62, 11, 92 | 0.70211 | 0.8644866920152091
8, 35, 9, 1, 33, 42, 10, 34, 37, 36, 65, 81, 62, 11, 92 | 0.7051 | 0.8652471482889734
8, 35, 9, 1, 33, 42, 10, 34, 37, 65, 23, 81, 62, 11, 92 | 0.70139 | 0.8634220532319392
8, 35, 9, 1, 33, 42, 10, 34, 63, 37, 23, 81, 62, 11, 92 | 0.70452 | 0.8670722433460076
8, 35, 9, 1, 33, 42, 10, 34, 63, 37, 65, 81, 62, 11, 92 | 0.70765 | 0.8681368821292775
8, 35, 9, 1, 33, 42, 10, 34, 63, 37, 36, 65, 62, 11, 92 | 0.70655 | 0.8690494296577946
8, 35, 9, 1, 33, 42, 10, 34, 63, 37, 36, 65, 81, 62, 11 | 0.70931 | 0.8660214728564948
8, 35, 9, 1, 33, 42, 10, 34, 63, 37, 36, 65, 81, 62, 92 | 0.70904 | 0.8693536121673003
8, 35, 9, 1, 33, 42, 10, 34, 63, 37, 36, 65, 81, 11, 92 | 0.70909 | 0.8687452471482889
8, 35, 9, 1, 33, 42, 10, 34, 63, 37, 36, 23, 62, 11, 92 | 0.70326 | 0.8679847908745247
8, 35, 9, 1, 33, 42, 10, 34, 63, 37, 36, 23, 81, 62, 11 | 0.70625 | 0.8616361711779827
8, 35, 9, 1, 33, 42, 10, 34, 63, 37, 36, 23, 81, 62, 92 | 0.70574 | 0.8685931558935361
8, 35, 9, 1, 33, 42, 10, 34, 63, 37, 36, 23, 81, 11, 92 | 0.70597 | 0.8681368821292775
8, 35, 9, 1, 33, 42, 10, 34, 63, 37, 36, 81, 62, 11, 92 | 0.70745 | 0.8687452471482889
8, 35, 9, 1, 33, 42, 10, 34, 63, 36, 23, 81, 62, 11, 92 | 0.70164 | 0.8637262357414449
8, 35, 9, 1, 33, 42, 10, 34, 63, 36, 65, 81, 62, 11, 92 | 0.70573 | 0.864638783269962
8, 35, 9, 1, 33, 42, 10, 63, 36, 65, 23, 81, 62, 11, 92 | 0.70271 | 0.8623574144486692
8, 35, 9, 1, 33, 42, 10, 63, 37, 36, 23, 81, 62, 11, 92 | 0.70531 | 0.8673764258555133
8, 35, 9, 1, 33, 42, 10, 63, 37, 36, 65, 23, 62, 11, 92 | 0.70401 | 0.8669201520912547
8, 35, 9, 1, 33, 42, 10, 63, 37, 36, 65, 23, 81, 62, 11 | 0.7067 | 0.8649629517616816
8, 35, 9, 1, 33, 42, 10, 63, 37, 36, 65, 23, 81, 62, 92 | 0.70646 | 0.8678326996197718
8, 35, 9, 1, 33, 42, 10, 63, 37, 36, 65, 23, 81, 11, 92 | 0.70654 | 0.8672243346007604
8, 35, 9, 1, 33, 42, 10, 63, 37, 36, 65, 81, 62, 11, 92 | 0.70148 | 0.8644866920152091
8, 35, 9, 1, 33, 42, 10, 63, 37, 65, 23, 81, 62, 11, 92 | 0.70505 | 0.8661596958174905
8, 35, 9, 1, 33, 42, 10, 37, 36, 65, 23, 81, 62, 11, 92 | 0.70259 | 0.8634220532319392
8, 35, 9, 1, 33, 10, 63, 37, 36, 65, 23, 81, 62, 11, 92 | 0.70761 | 0.8652471482889734
8, 35, 9, 1, 33, 10, 34, 63, 36, 65, 23, 81, 62, 11, 92 | 0.70442 | 0.8622053231939163
8, 35, 9, 1, 33, 10, 34, 63, 37, 36, 23, 81, 62, 11, 92 | 0.70705 | 0.8664638783269962
8, 35, 9, 1, 33, 10, 34, 63, 37, 36, 65, 81, 62, 11, 92 | 0.71027 | 0.867680608365019
8, 35, 9, 1, 33, 10, 34, 63, 37, 65, 23, 81, 62, 11, 92 | 0.70579 | 0.864638783269962
8, 35, 9, 1, 33, 10, 34, 37, 36, 65, 23, 81, 62, 11, 92 | 0.70417 | 0.8631178707224335
8, 35, 9, 1, 33, 34, 63, 37, 36, 65, 23, 81, 62, 11, 92 | 0.7041 | 0.8622053231939163
8, 35, 9, 1, 30, 33, 63, 37, 36, 65, 23, 81, 62, 11, 92 | 0.71857 | 0.889125475285171
8, 35, 9, 1, 30, 33, 34, 63, 36, 65, 23, 81, 62, 11, 92 | 0.71531 | 0.8869961977186311
8, 35, 9, 1, 30, 33, 34, 63, 37, 36, 23, 81, 62, 11, 92 | 0.71792 | 0.8909505703422054
8, 35, 9, 1, 30, 33, 34, 63, 37, 36, 65, 81, 62, 11, 92 | 0.72117 | 0.8909505703422054
8, 35, 9, 1, 30, 33, 34, 37, 36, 65, 23, 81, 62, 11, 92 | 0.71526 | 0.8876045627376425
8, 35, 9, 1, 30, 33, 10, 34, 36, 65, 23, 81, 62, 11, 92 | 0.71613 | 0.8883650190114069
8, 35, 9, 1, 30, 33, 10, 34, 37, 36, 23, 81, 62, 11, 92 | 0.71818 | 0.8915589353612168
8, 35, 9, 1, 30, 33, 10, 34, 37, 36, 65, 81, 62, 11, 92 | 0.72109 | 0.8914068441064639
8, 35, 9, 1, 30, 33, 10, 34, 37, 65, 23, 81, 62, 11, 92 | 0.71708 | 0.8894296577946768
8, 35, 9, 1, 30, 33, 10, 34, 63, 37, 23, 81, 62, 11, 92 | 0.71982 | 0.8926235741444867
8, 35, 9, 1, 30, 33, 10, 34, 63, 37, 65, 81, 62, 11, 92 | 0.72289 | 0.8927756653992396
8, 35, 9, 1, 30, 33, 10, 34, 63, 37, 36, 65, 62, 11, 92 | 0.72108 | 0.8935361216730038
8, 35, 9, 1, 30, 33, 10, 34, 63, 37, 36, 65, 81, 62, 11 | 0.72639 | 0.8738847724179646
8, 35, 9, 1, 30, 33, 10, 34, 63, 37, 36, 65, 81, 62, 92 | 0.72496 | 0.8949049429657795
8, 35, 9, 1, 30, 33, 10, 34, 63, 37, 36, 65, 81, 11, 92 | 0.7247 | 0.8946007604562738
8, 35, 9, 1, 30, 33, 10, 34, 63, 37, 36, 23, 62, 11, 92 | 0.71783 | 0.893384030418251
8, 35, 9, 1, 30, 33, 10, 34, 63, 37, 36, 23, 81, 62, 11 | 0.72346 | 0.8699531226372297
8, 35, 9, 1, 30, 33, 10, 34, 63, 37, 36, 23, 81, 62, 92 | 0.72175 | 0.8952091254752852
8, 35, 9, 1, 30, 33, 10, 34, 63, 37, 36, 23, 81, 11, 92 | 0.7217 | 0.8949049429657795
8, 35, 9, 1, 30, 33, 10, 34, 63, 37, 36, 81, 62, 11, 92 | 0.72302 | 0.8950570342205323
8, 35, 9, 1, 30, 33, 10, 34, 63, 36, 23, 81, 62, 11, 92 | 0.7179 | 0.8918631178707225
8, 35, 9, 1, 30, 33, 10, 34, 63, 36, 65, 81, 62, 11, 92 | 0.72185 | 0.8917110266159696
8, 35, 9, 1, 30, 33, 10, 63, 36, 65, 23, 81, 62, 11, 92 | 0.71868 | 0.8895817490494297
8, 35, 9, 1, 30, 33, 10, 63, 37, 36, 23, 81, 62, 11, 92 | 0.72083 | 0.8936882129277567
8, 35, 9, 1, 30, 33, 10, 63, 37, 36, 65, 23, 62, 11, 92 | 0.71846 | 0.8914068441064639
8, 35, 9, 1, 30, 33, 10, 63, 37, 36, 65, 23, 81, 62, 11 | 0.72371 | 0.8734311205201875
8, 35, 9, 1, 30, 33, 10, 63, 37, 36, 65, 23, 81, 62, 92 | 0.72232 | 0.8938403041825095
8, 35, 9, 1, 30, 33, 10, 63, 37, 36, 65, 23, 81, 11, 92 | 0.72206 | 0.893384030418251
8, 35, 9, 1, 30, 33, 10, 63, 37, 36, 65, 81, 62, 11, 92 | 0.7171 | 0.8901901140684411
8, 35, 9, 1, 30, 33, 10, 63, 37, 65, 23, 81, 62, 11, 92 | 0.72019 | 0.8907984790874525
8, 35, 9, 1, 30, 33, 10, 37, 36, 65, 23, 81, 62, 11, 92 | 0.71855 | 0.8897338403041825
8, 35, 9, 1, 30, 33, 42, 10, 36, 65, 23, 81, 62, 11, 92 | 0.71407 | 0.8876045627376425
8, 35, 9, 1, 30, 33, 42, 10, 37, 36, 23, 81, 62, 11, 92 | 0.7161 | 0.8909505703422054
8, 35, 9, 1, 30, 33, 42, 10, 37, 36, 65, 23, 62, 11, 92 | 0.71495 | 0.8894296577946768
8, 35, 9, 1, 30, 33, 42, 10, 37, 36, 65, 23, 81, 62, 11 | 0.71867 | 0.8699531226372297
8, 35, 9, 1, 30, 33, 42, 10, 37, 36, 65, 23, 81, 62, 92 | 0.71721 | 0.8914068441064639
8, 35, 9, 1, 30, 33, 42, 10, 37, 36, 65, 23, 81, 11, 92 | 0.71725 | 0.8906463878326997
8, 35, 9, 1, 30, 33, 42, 10, 37, 36, 65, 81, 62, 11, 92 | 0.71217 | 0.8877566539923955
8, 35, 9, 1, 30, 33, 42, 10, 37, 65, 23, 81, 62, 11, 92 | 0.716 | 0.8897338403041825
8, 35, 9, 1, 30, 33, 42, 10, 63, 37, 23, 81, 62, 11, 92 | 0.71851 | 0.8935361216730038
8, 35, 9, 1, 30, 33, 42, 10, 63, 37, 65, 23, 62, 11, 92 | 0.71703 | 0.8914068441064639
8, 35, 9, 1, 30, 33, 42, 10, 63, 37, 65, 23, 81, 62, 11 | 0.72123 | 0.8726750340238923
8, 35, 9, 1, 30, 33, 42, 10, 63, 37, 65, 23, 81, 62, 92 | 0.71981 | 0.8935361216730038
8, 35, 9, 1, 30, 33, 42, 10, 63, 37, 65, 23, 81, 11, 92 | 0.71966 | 0.8926235741444867
8, 35, 9, 1, 30, 33, 42, 10, 63, 37, 65, 81, 62, 11, 92 | 0.71482 | 0.890342205323194
8, 35, 9, 1, 30, 33, 42, 10, 63, 37, 36, 65, 62, 11, 92 | 0.71385 | 0.8901901140684411
8, 35, 9, 1, 30, 33, 42, 10, 63, 37, 36, 65, 81, 62, 11 | 0.71763 | 0.8708604264327839
8, 35, 9, 1, 30, 33, 42, 10, 63, 37, 36, 65, 81, 62, 92 | 0.71621 | 0.8917110266159696
8, 35, 9, 1, 30, 33, 42, 10, 63, 37, 36, 65, 81, 11, 92 | 0.71525 | 0.8911026615969582
8, 35, 9, 1, 30, 33, 42, 10, 63, 37, 36, 65, 23, 81, 62 | 0.72271 | 0.8863875724065298
8, 35, 9, 1, 30, 33, 42, 10, 63, 37, 36, 65, 23, 81, 11 | 0.72256 | 0.8717677302283381
8, 35, 9, 1, 30, 33, 42, 10, 63, 37, 36, 65, 23, 81, 92 | 0.721 | 0.8947528517110266
8, 35, 9, 1, 30, 33, 42, 10, 63, 37, 36, 65, 23, 62, 11 | 0.72022 | 0.8720701648268562
8, 35, 9, 1, 30, 33, 42, 10, 63, 37, 36, 65, 23, 62, 92 | 0.71877 | 0.893384030418251
8, 35, 9, 1, 30, 33, 42, 10, 63, 37, 36, 65, 23, 11, 92 | 0.71857 | 0.8929277566539924
8, 35, 9, 1, 30, 33, 42, 10, 63, 37, 36, 23, 62, 11, 92 | 0.71736 | 0.893384030418251
8, 35, 9, 1, 30, 33, 42, 10, 63, 37, 36, 23, 81, 62, 11 | 0.72147 | 0.8693482534401935
8, 35, 9, 1, 30, 33, 42, 10, 63, 37, 36, 23, 81, 62, 92 | 0.71971 | 0.895361216730038
8, 35, 9, 1, 30, 33, 42, 10, 63, 37, 36, 23, 81, 11, 92 | 0.71884 | 0.8944486692015209
8, 35, 9, 1, 30, 33, 42, 10, 63, 37, 36, 81, 62, 11, 92 | 0.71387 | 0.8920152091254753
8, 35, 9, 1, 30, 33, 42, 10, 63, 36, 23, 81, 62, 11, 92 | 0.71562 | 0.8915589353612168
8, 35, 9, 1, 30, 33, 42, 10, 63, 36, 65, 23, 62, 11, 92 | 0.71418 | 0.8894296577946768
8, 35, 9, 1, 30, 33, 42, 10, 63, 36, 65, 23, 81, 62, 11 | 0.71917 | 0.8722213821261152
8, 35, 9, 1, 30, 33, 42, 10, 63, 36, 65, 23, 81, 62, 92 | 0.71784 | 0.8917110266159696
8, 35, 9, 1, 30, 33, 42, 10, 63, 36, 65, 23, 81, 11, 92 | 0.71718 | 0.8906463878326997
8, 35, 9, 1, 30, 33, 42, 10, 63, 36, 65, 81, 62, 11, 92 | 0.71279 | 0.8879087452471482
8, 35, 9, 1, 30, 33, 42, 10, 63, 65, 23, 81, 62, 11, 92 | 0.71548 | 0.8895817490494297
8, 35, 9, 1, 30, 33, 42, 10, 34, 63, 23, 81, 62, 11, 92 | 0.71462 | 0.8909505703422054
8, 35, 9, 1, 30, 33, 42, 10, 34, 63, 65, 81, 62, 11, 92 | 0.71853 | 0.8909505703422054
8, 35, 9, 1, 30, 33, 42, 10, 34, 63, 36, 65, 62, 11, 92 | 0.71724 | 0.8911026615969582
8, 35, 9, 1, 30, 33, 42, 10, 34, 63, 36, 65, 81, 62, 11 | 0.7222 | 0.8734311205201875
8, 35, 9, 1, 30, 33, 42, 10, 34, 63, 36, 65, 81, 62, 92 | 0.72088 | 0.8927756653992396
8, 35, 9, 1, 30, 33, 42, 10, 34, 63, 36, 65, 81, 11, 92 | 0.7202 | 0.8915589353612168
8, 35, 9, 1, 30, 33, 42, 10, 34, 63, 36, 23, 62, 11, 92 | 0.71314 | 0.8912547528517111
8, 35, 9, 1, 30, 33, 42, 10, 34, 63, 36, 23, 81, 62, 11 | 0.71846 | 0.8687433842431574
8, 35, 9, 1, 30, 33, 42, 10, 34, 63, 36, 23, 81, 62, 92 | 0.71681 | 0.8930798479087453
8, 35, 9, 1, 30, 33, 42, 10, 34, 63, 36, 23, 81, 11, 92 | 0.71626 | 0.8918631178707225
8, 35, 9, 1, 30, 33, 42, 10, 34, 63, 36, 81, 62, 11, 92 | 0.71828 | 0.8927756653992396
8, 35, 9, 1, 30, 33, 42, 10, 34, 63, 37, 36, 62, 11, 92 | 0.71946 | 0.8947528517110266
8, 35, 9, 1, 30, 33, 42, 10, 34, 63, 37, 36, 81, 62, 11 | 0.72363 | 0.8704067745350068
8, 35, 9, 1, 30, 33, 42, 10, 34, 63, 37, 36, 81, 62, 92 | 0.7219 | 0.8959695817490494
8, 35, 9, 1, 30, 33, 42, 10, 34, 63, 37, 36, 81, 11, 92 | 0.72116 | 0.8952091254752852
8, 35, 9, 1, 30, 33, 42, 10, 34, 63, 37, 36, 23, 81, 62 | 0.72219 | 0.8858609794628752
8, 35, 9, 1, 30, 33, 42, 10, 34, 63, 37, 36, 23, 81, 11 | 0.72223 | 0.8682897323453803
8, 35, 9, 1, 30, 33, 42, 10, 34, 63, 37, 36, 23, 81, 92 | 0.72038 | 0.8956653992395437
8, 35, 9, 1, 30, 33, 42, 10, 34, 63, 37, 36, 23, 62, 11 | 0.71972 | 0.8688946015424165
8, 35, 9, 1, 30, 33, 42, 10, 34, 63, 37, 36, 23, 62, 92 | 0.71797 | 0.8947528517110266
8, 35, 9, 1, 30, 33, 42, 10, 34, 63, 37, 36, 23, 11, 92 | 0.71796 | 0.8942965779467681
8, 35, 9, 1, 30, 33, 42, 10, 34, 63, 37, 36, 65, 81, 62 | 0.72525 | 0.8871774618220116
8, 35, 9, 1, 30, 33, 42, 10, 34, 63, 37, 36, 65, 81, 11 | 0.72509 | 0.8728262513231514
8, 35, 9, 1, 30, 33, 42, 10, 34, 63, 37, 36, 65, 81, 92 | 0.72357 | 0.8952091254752852
8, 35, 9, 1, 30, 33, 42, 10, 34, 63, 37, 36, 65, 62, 11 | 0.72278 | 0.8726750340238923
8, 35, 9, 1, 30, 33, 42, 10, 34, 63, 37, 36, 65, 62, 92 | 0.72129 | 0.8946007604562738
8, 35, 9, 1, 30, 33, 42, 10, 34, 63, 37, 36, 65, 11, 92 | 0.7211 | 0.8939923954372624
8, 35, 9, 1, 30, 33, 42, 10, 34, 63, 37, 65, 62, 11, 92 | 0.71956 | 0.8929277566539924
8, 35, 9, 1, 30, 33, 42, 10, 34, 63, 37, 65, 81, 62, 11 | 0.72381 | 0.8735823378194465
8, 35, 9, 1, 30, 33, 42, 10, 34, 63, 37, 65, 81, 62, 92 | 0.72239 | 0.8944486692015209
8, 35, 9, 1, 30, 33, 42, 10, 34, 63, 37, 65, 81, 11, 92 | 0.7222 | 0.8932319391634981
8, 35, 9, 1, 30, 33, 42, 10, 34, 63, 37, 23, 62, 11, 92 | 0.71642 | 0.8927756653992396
8, 35, 9, 1, 30, 33, 42, 10, 34, 63, 37, 23, 81, 62, 11 | 0.72092 | 0.8691970361409346
8, 35, 9, 1, 30, 33, 42, 10, 34, 63, 37, 23, 81, 62, 92 | 0.7192 | 0.8946007604562738
8, 35, 9, 1, 30, 33, 42, 10, 34, 63, 37, 23, 81, 11, 92 | 0.71925 | 0.8936882129277567
8, 35, 9, 1, 30, 33, 42, 10, 34, 63, 37, 81, 62, 11, 92 | 0.7207 | 0.8946007604562738
8, 35, 9, 1, 30, 33, 42, 10, 34, 37, 23, 81, 62, 11, 92 | 0.7156 | 0.8911026615969582
8, 35, 9, 1, 30, 33, 42, 10, 34, 37, 65, 81, 62, 11, 92 | 0.71851 | 0.8909505703422054
8, 35, 9, 1, 30, 33, 42, 10, 34, 37, 36, 65, 62, 11, 92 | 0.71738 | 0.8909505703422054
8, 35, 9, 1, 30, 33, 42, 10, 34, 37, 36, 65, 81, 62, 11 | 0.72116 | 0.8708604264327839
8, 35, 9, 1, 30, 33, 42, 10, 34, 37, 36, 65, 81, 62, 92 | 0.7197 | 0.892319391634981
8, 35, 9, 1, 30, 33, 42, 10, 34, 37, 36, 65, 81, 11, 92 | 0.7197 | 0.8914068441064639
8, 35, 9, 1, 30, 33, 42, 10, 34, 37, 36, 23, 62, 11, 92 | 0.71433 | 0.8911026615969582
8, 35, 9, 1, 30, 33, 42, 10, 34, 37, 36, 23, 81, 62, 11 | 0.71838 | 0.8664751247542719
8, 35, 9, 1, 30, 33, 42, 10, 34, 37, 36, 23, 81, 62, 92 | 0.71661 | 0.8926235741444867
8, 35, 9, 1, 30, 33, 42, 10, 34, 37, 36, 23, 81, 11, 92 | 0.71686 | 0.8920152091254753
8, 35, 9, 1, 30, 33, 42, 10, 34, 37, 36, 81, 62, 11, 92 | 0.71815 | 0.8921673003802282
8, 35, 9, 1, 30, 33, 42, 10, 34, 36, 23, 81, 62, 11, 92 | 0.71325 | 0.889277566539924
8, 35, 9, 1, 30, 33, 42, 10, 34, 36, 65, 81, 62, 11, 92 | 0.71703 | 0.8889733840304183
8, 35, 9, 1, 30, 33, 42, 34, 37, 36, 23, 81, 62, 11, 92 | 0.71357 | 0.889125475285171
8, 35, 9, 1, 30, 33, 42, 34, 37, 36, 65, 81, 62, 11, 92 | 0.71666 | 0.889125475285171
8, 35, 9, 1, 30, 33, 42, 34, 63, 37, 23, 81, 62, 11, 92 | 0.71533 | 0.8906463878326997
8, 35, 9, 1, 30, 33, 42, 34, 63, 37, 65, 81, 62, 11, 92 | 0.71855 | 0.8906463878326997
8, 35, 9, 1, 30, 33, 42, 34, 63, 37, 36, 65, 62, 11, 92 | 0.71778 | 0.8907984790874525
8, 35, 9, 1, 30, 33, 42, 34, 63, 37, 36, 65, 81, 62, 11 | 0.72205 | 0.8726750340238923
8, 35, 9, 1, 30, 33, 42, 34, 63, 37, 36, 65, 81, 62, 92 | 0.72069 | 0.8926235741444867
8, 35, 9, 1, 30, 33, 42, 34, 63, 37, 36, 65, 81, 11, 92 | 0.72048 | 0.8920152091254753
8, 35, 9, 1, 30, 33, 42, 34, 63, 37, 36, 23, 62, 11, 92 | 0.7144 | 0.8907984790874525
8, 35, 9, 1, 30, 33, 42, 34, 63, 37, 36, 23, 81, 62, 11 | 0.71898 | 0.8684409496446394
8, 35, 9, 1, 30, 33, 42, 34, 63, 37, 36, 23, 81, 62, 92 | 0.71733 | 0.8927756653992396
8, 35, 9, 1, 30, 33, 42, 34, 63, 37, 36, 23, 81, 11, 92 | 0.71727 | 0.892319391634981
8, 35, 9, 1, 30, 33, 42, 34, 63, 37, 36, 81, 62, 11, 92 | 0.71873 | 0.8927756653992396
8, 35, 9, 1, 30, 33, 42, 34, 63, 36, 23, 81, 62, 11, 92 | 0.71301 | 0.889125475285171
8, 35, 9, 1, 30, 33, 42, 34, 63, 36, 65, 81, 62, 11, 92 | 0.71712 | 0.8889733840304183
8, 35, 9, 1, 30, 33, 42, 63, 36, 65, 23, 81, 62, 11, 92 | 0.71413 | 0.8877566539923955
8, 35, 9, 1, 30, 33, 42, 63, 37, 36, 23, 81, 62, 11, 92 | 0.71668 | 0.8918631178707225
8, 35, 9, 1, 30, 33, 42, 63, 37, 36, 65, 23, 62, 11, 92 | 0.71528 | 0.8894296577946768
8, 35, 9, 1, 30, 33, 42, 63, 37, 36, 65, 23, 81, 62, 11 | 0.71956 | 0.871616512929079
8, 35, 9, 1, 30, 33, 42, 63, 37, 36, 65, 23, 81, 62, 92 | 0.71819 | 0.8917110266159696
8, 35, 9, 1, 30, 33, 42, 63, 37, 36, 65, 23, 81, 11, 92 | 0.71798 | 0.8914068441064639
8, 35, 9, 1, 30, 33, 42, 63, 37, 36, 65, 81, 62, 11, 92 | 0.71306 | 0.8883650190114069
8, 35, 9, 1, 30, 33, 42, 63, 37, 65, 23, 81, 62, 11, 92 | 0.71605 | 0.8895817490494297
8, 35, 9, 1, 30, 33, 42, 37, 36, 65, 23, 81, 62, 11, 92 | 0.71425 | 0.8880608365019012
8, 35, 9, 1, 30, 42, 63, 37, 36, 65, 23, 81, 62, 11, 92 | 0.70062 | 0.886083650190114
8, 35, 9, 1, 30, 42, 34, 63, 36, 65, 23, 81, 62, 11, 92 | 0.69682 | 0.8825855513307985
8, 35, 9, 1, 30, 42, 34, 63, 37, 36, 23, 81, 62, 11, 92 | 0.69971 | 0.887148288973384
8, 35, 9, 1, 30, 42, 34, 63, 37, 36, 65, 81, 62, 11, 92 | 0.70328 | 0.8869961977186311
8, 35, 9, 1, 30, 42, 34, 63, 37, 65, 23, 81, 62, 11, 92 | 0.69868 | 0.8845627376425855
8, 35, 9, 1, 30, 42, 34, 37, 36, 65, 23, 81, 62, 11, 92 | 0.69656 | 0.8827376425855513
8, 35, 9, 1, 30, 42, 10, 34, 36, 65, 23, 81, 62, 11, 92 | 0.69714 | 0.8827376425855513
8, 35, 9, 1, 30, 42, 10, 34, 37, 36, 23, 81, 62, 11, 92 | 0.69947 | 0.8865399239543726
8, 35, 9, 1, 30, 42, 10, 34, 37, 36, 65, 81, 62, 11, 92 | 0.7027 | 0.8862357414448669
8, 35, 9, 1, 30, 42, 10, 34, 37, 65, 23, 81, 62, 11, 92 | 0.69901 | 0.8848669201520912
8, 35, 9, 1, 30, 42, 10, 34, 63, 37, 23, 81, 62, 11, 92 | 0.70232 | 0.889277566539924
8, 35, 9, 1, 30, 42, 10, 34, 63, 37, 65, 81, 62, 11, 92 | 0.70566 | 0.889125475285171
8, 35, 9, 1, 30, 42, 10, 34, 63, 37, 36, 65, 62, 11, 92 | 0.70446 | 0.8888212927756654
8, 35, 9, 1, 30, 42, 10, 34, 63, 37, 36, 65, 81, 62, 11 | 0.70869 | 0.8640556479661273
8, 35, 9, 1, 30, 42, 10, 34, 63, 37, 36, 65, 81, 62, 92 | 0.70688 | 0.8907984790874525
8, 35, 9, 1, 30, 42, 10, 34, 63, 37, 36, 65, 81, 11, 92 | 0.70682 | 0.8900380228136883
8, 35, 9, 1, 30, 42, 10, 34, 63, 37, 36, 23, 62, 11, 92 | 0.70092 | 0.889277566539924
8, 35, 9, 1, 30, 42, 10, 34, 63, 37, 36, 23, 81, 62, 11 | 0.70545 | 0.8589142597913201
8, 35, 9, 1, 30, 42, 10, 34, 63, 37, 36, 23, 81, 62, 92 | 0.70329 | 0.8909505703422054
8, 35, 9, 1, 30, 42, 10, 34, 63, 37, 36, 23, 81, 11, 92 | 0.70337 | 0.8904942965779468
8, 35, 9, 1, 30, 42, 10, 34, 63, 37, 36, 81, 62, 11, 92 | 0.7052 | 0.8911026615969582
8, 35, 9, 1, 30, 42, 10, 34, 63, 36, 23, 81, 62, 11, 92 | 0.69931 | 0.8873003802281368
8, 35, 9, 1, 30, 42, 10, 34, 63, 36, 65, 81, 62, 11, 92 | 0.70371 | 0.887148288973384
8, 35, 9, 1, 30, 42, 10, 34, 63, 65, 23, 81, 62, 11, 92 | 0.69896 | 0.8851711026615969
8, 35, 9, 1, 30, 42, 10, 63, 36, 65, 23, 81, 62, 11, 92 | 0.70049 | 0.8859315589353612
8, 35, 9, 1, 30, 42, 10, 63, 37, 36, 23, 81, 62, 11, 92 | 0.7029 | 0.8900380228136883
8, 35, 9, 1, 30, 42, 10, 63, 37, 36, 65, 23, 62, 11, 92 | 0.70178 | 0.8877566539923955
8, 35, 9, 1, 30, 42, 10, 63, 37, 36, 65, 23, 81, 62, 11 | 0.70599 | 0.8628459095720551
8, 35, 9, 1, 30, 42, 10, 63, 37, 36, 65, 23, 81, 62, 92 | 0.70415 | 0.8900380228136883
8, 35, 9, 1, 30, 42, 10, 63, 37, 36, 65, 23, 81, 11, 92 | 0.70409 | 0.8895817490494297
8, 35, 9, 1, 30, 42, 10, 63, 37, 36, 65, 81, 62, 11, 92 | 0.69929 | 0.8868441064638783
8, 35, 9, 1, 30, 42, 10, 63, 37, 65, 23, 81, 62, 11, 92 | 0.7029 | 0.8880608365019012
8, 35, 9, 1, 30, 42, 10, 37, 36, 65, 23, 81, 62, 11, 92 | 0.70004 | 0.8851711026615969
8, 35, 9, 1, 30, 10, 63, 37, 36, 65, 23, 81, 62, 11, 92 | 0.70481 | 0.8880608365019012
8, 35, 9, 1, 30, 10, 34, 63, 36, 65, 23, 81, 62, 11, 92 | 0.70169 | 0.8857794676806083
8, 35, 9, 1, 30, 10, 34, 63, 37, 36, 23, 81, 62, 11, 92 | 0.70416 | 0.8897338403041825
8, 35, 9, 1, 30, 10, 34, 63, 37, 36, 65, 81, 62, 11, 92 | 0.7076 | 0.8895817490494297
8, 35, 9, 1, 30, 10, 34, 63, 37, 65, 23, 81, 62, 11, 92 | 0.70318 | 0.8866920152091254
8, 35, 9, 1, 30, 10, 34, 37, 36, 65, 23, 81, 62, 11, 92 | 0.70111 | 0.8851711026615969
8, 35, 9, 1, 30, 34, 63, 37, 36, 65, 23, 81, 62, 11, 92 | 0.70076 | 0.8847148288973384
8, 35, 9, 30, 10, 34, 63, 37, 36, 65, 23, 81, 62, 11, 92 | 0.69781 | 0.8714828897338402
8, 35, 9, 30, 42, 10, 63, 37, 36, 65, 23, 81, 62, 11, 92 | 0.69736 | 0.8730038022813689
8, 35, 9, 30, 42, 10, 34, 63, 36, 65, 23, 81, 62, 11, 92 | 0.69403 | 0.8688973384030418
8, 35, 9, 30, 42, 10, 34, 63, 37, 36, 23, 81, 62, 11, 92 | 0.69651 | 0.8737642585551331
8, 35, 9, 30, 42, 10, 34, 63, 37, 36, 65, 23, 62, 11, 92 | 0.69495 | 0.8716349809885932
8, 35, 9, 30, 42, 10, 34, 63, 37, 36, 65, 23, 81, 62, 11 | 0.69871 | 0.8525631332224406
8, 35, 9, 30, 42, 10, 34, 63, 37, 36, 65, 23, 81, 62, 92 | 0.69727 | 0.8736121673003803
8, 35, 9, 30, 42, 10, 34, 63, 37, 36, 65, 23, 81, 11, 92 | 0.69825 | 0.873916349809886
8, 35, 9, 30, 42, 10, 34, 63, 37, 36, 65, 81, 62, 11, 92 | 0.70001 | 0.8742205323193917
8, 35, 9, 30, 42, 10, 34, 63, 37, 65, 23, 81, 62, 11, 92 | 0.69599 | 0.8720912547528518
8, 35, 9, 30, 42, 10, 34, 37, 36, 65, 23, 81, 62, 11, 92 | 0.6933 | 0.8687452471482889
8, 35, 9, 30, 42, 34, 63, 37, 36, 65, 23, 81, 62, 11, 92 | 0.69362 | 0.8687452471482889
8, 35, 9, 30, 33, 42, 63, 37, 36, 65, 23, 81, 62, 11, 92 | 0.7119 | 0.875893536121673
8, 35, 9, 30, 33, 42, 34, 63, 36, 65, 23, 81, 62, 11, 92 | 0.70837 | 0.8719391634980989
8, 35, 9, 30, 33, 42, 34, 63, 37, 36, 23, 81, 62, 11, 92 | 0.71106 | 0.876958174904943
8, 35, 9, 30, 33, 42, 34, 63, 37, 36, 65, 23, 62, 11, 92 | 0.70918 | 0.8746768060836502
8, 35, 9, 30, 33, 42, 34, 63, 37, 36, 65, 23, 81, 62, 11 | 0.71312 | 0.8628459095720551
8, 35, 9, 30, 33, 42, 34, 63, 37, 36, 65, 23, 81, 62, 92 | 0.71216 | 0.8766539923954373
8, 35, 9, 30, 33, 42, 34, 63, 37, 36, 65, 23, 81, 11, 92 | 0.71287 | 0.8766539923954373
8, 35, 9, 30, 33, 42, 34, 63, 37, 36, 65, 81, 62, 11, 92 | 0.71439 | 0.8771102661596958
8, 35, 9, 30, 33, 42, 34, 63, 37, 65, 23, 81, 62, 11, 92 | 0.70986 | 0.8745247148288974
8, 35, 9, 30, 33, 42, 34, 37, 36, 65, 23, 81, 62, 11, 92 | 0.70824 | 0.8731558935361217
8, 35, 9, 30, 33, 42, 10, 34, 36, 65, 23, 81, 62, 11, 92 | 0.70864 | 0.8726996197718632
8, 35, 9, 30, 33, 42, 10, 34, 37, 36, 23, 81, 62, 11, 92 | 0.71071 | 0.8768060836501901
8, 35, 9, 30, 33, 42, 10, 34, 37, 36, 65, 23, 62, 11, 92 | 0.70919 | 0.8749809885931559
8, 35, 9, 30, 33, 42, 10, 34, 37, 36, 65, 23, 81, 62, 11 | 0.71249 | 0.8616361711779827
8, 35, 9, 30, 33, 42, 10, 34, 37, 36, 65, 23, 81, 62, 92 | 0.71142 | 0.8771102661596958
8, 35, 9, 30, 33, 42, 10, 34, 37, 36, 65, 23, 81, 11, 92 | 0.71235 | 0.876958174904943
8, 35, 9, 30, 33, 42, 10, 34, 37, 36, 65, 81, 62, 11, 92 | 0.71378 | 0.8771102661596958
8, 35, 9, 30, 33, 42, 10, 34, 37, 65, 23, 81, 62, 11, 92 | 0.71012 | 0.8755893536121673
8, 35, 9, 30, 33, 42, 10, 34, 63, 37, 23, 81, 62, 11, 92 | 0.713 | 0.8790874524714829
8, 35, 9, 30, 33, 42, 10, 34, 63, 37, 65, 81, 62, 11, 92 | 0.71617 | 0.8798479087452471
8, 35, 9, 30, 33, 42, 10, 34, 63, 37, 36, 65, 62, 11, 92 | 0.71524 | 0.8795437262357414
8, 35, 9, 30, 33, 42, 10, 34, 63, 37, 36, 65, 81, 62, 11 | 0.7187 | 0.8657190382579767
8, 35, 9, 30, 33, 42, 10, 34, 63, 37, 36, 65, 81, 62, 92 | 0.71762 | 0.8813688212927757
8, 35, 9, 30, 33, 42, 10, 34, 63, 37, 36, 65, 81, 11, 92 | 0.71767 | 0.8807604562737643
8, 35, 9, 30, 33, 42, 10, 34, 63, 37, 36, 23, 62, 11, 92 | 0.7119 | 0.8792395437262357
8, 35, 9, 30, 33, 42, 10, 34, 63, 37, 36, 23, 81, 62, 11 | 0.71563 | 0.8611825192802056
8, 35, 9, 30, 33, 42, 10, 34, 63, 37, 36, 23, 81, 62, 92 | 0.71427 | 0.88106463878327
8, 35, 9, 30, 33, 42, 10, 34, 63, 37, 36, 23, 81, 11, 92 | 0.71445 | 0.8801520912547528
8, 35, 9, 30, 33, 42, 10, 34, 63, 37, 36, 81, 62, 11, 92 | 0.71583 | 0.8812167300380228
8, 35, 9, 30, 33, 42, 10, 34, 63, 36, 23, 81, 62, 11, 92 | 0.71048 | 0.8768060836501901
8, 35, 9, 30, 33, 42, 10, 34, 63, 36, 65, 81, 62, 11, 92 | 0.71458 | 0.8771102661596958
8, 35, 9, 30, 33, 42, 10, 34, 63, 65, 23, 81, 62, 11, 92 | 0.70985 | 0.8749809885931559
8, 35, 9, 30, 33, 42, 10, 63, 36, 65, 23, 81, 62, 11, 92 | 0.71155 | 0.8754372623574145
8, 35, 9, 30, 33, 42, 10, 63, 37, 36, 23, 81, 62, 11, 92 | 0.71371 | 0.88
8, 35, 9, 30, 33, 42, 10, 63, 37, 36, 65, 23, 62, 11, 92 | 0.71274 | 0.8778707224334601
8, 35, 9, 30, 33, 42, 10, 63, 37, 36, 65, 23, 81, 62, 11 | 0.71616 | 0.8646605171631635
8, 35, 9, 30, 33, 42, 10, 63, 37, 36, 65, 23, 81, 62, 92 | 0.71509 | 0.8801520912547528
8, 35, 9, 30, 33, 42, 10, 63, 37, 36, 65, 23, 81, 11, 92 | 0.71519 | 0.8795437262357414
8, 35, 9, 30, 33, 42, 10, 63, 37, 36, 65, 81, 62, 11, 92 | 0.70972 | 0.8766539923954373
8, 35, 9, 30, 33, 42, 10, 63, 37, 65, 23, 81, 62, 11, 92 | 0.71362 | 0.8783269961977186
8, 35, 9, 30, 33, 42, 10, 37, 36, 65, 23, 81, 62, 11, 92 | 0.71135 | 0.8755893536121673
8, 35, 9, 30, 33, 10, 63, 37, 36, 65, 23, 81, 62, 11, 92 | 0.71591 | 0.8775665399239544
8, 35, 9, 30, 33, 10, 34, 63, 36, 65, 23, 81, 62, 11, 92 | 0.71308 | 0.8748288973384031
8, 35, 9, 30, 33, 10, 34, 63, 37, 36, 23, 81, 62, 11, 92 | 0.71529 | 0.87893536121673
8, 35, 9, 30, 33, 10, 34, 63, 37, 36, 65, 23, 62, 11, 92 | 0.71241 | 0.8768060836501901
8, 35, 9, 30, 33, 10, 34, 63, 37, 36, 65, 23, 81, 62, 11 | 0.71742 | 0.8651141690609405
8, 35, 9, 30, 33, 10, 34, 63, 37, 36, 65, 23, 81, 62, 92 | 0.71645 | 0.8790874524714829
8, 35, 9, 30, 33, 10, 34, 63, 37, 36, 65, 23, 81, 11, 92 | 0.717 | 0.8790874524714829
8, 35, 9, 30, 33, 10, 34, 63, 37, 36, 65, 81, 62, 11, 92 | 0.71855 | 0.8795437262357414
8, 35, 9, 30, 33, 10, 34, 63, 37, 65, 23, 81, 62, 11, 92 | 0.71418 | 0.8763498098859316
8, 35, 9, 30, 33, 10, 34, 37, 36, 65, 23, 81, 62, 11, 92 | 0.71273 | 0.8749809885931559
8, 35, 9, 30, 33, 34, 63, 37, 36, 65, 23, 81, 62, 11, 92 | 0.71236 | 0.8740684410646388
8, 35, 9, 33, 10, 34, 63, 37, 36, 65, 23, 81, 62, 11, 92 | 0.69988 | 0.8450190114068441
8, 35, 9, 33, 42, 10, 63, 37, 36, 65, 23, 81, 62, 11, 92 | 0.69884 | 0.847148288973384
8, 35, 9, 33, 42, 10, 34, 63, 36, 65, 23, 81, 62, 11, 92 | 0.6952 | 0.8419771863117871
8, 35, 9, 33, 42, 10, 34, 63, 37, 36, 23, 81, 62, 11, 92 | 0.69808 | 0.8477566539923954
8, 35, 9, 33, 42, 10, 34, 63, 37, 36, 65, 23, 62, 11, 92 | 0.69641 | 0.8468441064638783
8, 35, 9, 33, 42, 10, 34, 63, 37, 36, 65, 23, 81, 62, 11 | 0.69846 | 0.8545289581128082
8, 35, 9, 33, 42, 10, 34, 63, 37, 36, 65, 23, 81, 62, 92 | 0.69883 | 0.8480608365019011
8, 35, 9, 33, 42, 10, 34, 63, 37, 36, 65, 23, 81, 11, 92 | 0.69988 | 0.8480608365019011
8, 35, 9, 33, 42, 10, 34, 63, 37, 36, 65, 81, 62, 11, 92 | 0.70146 | 0.8492775665399239
8, 35, 9, 33, 42, 10, 34, 63, 37, 65, 23, 81, 62, 11, 92 | 0.69733 | 0.8469961977186312
8, 35, 9, 33, 42, 10, 34, 37, 36, 65, 23, 81, 62, 11, 92 | 0.69495 | 0.8438022813688213
8, 35, 9, 33, 42, 34, 63, 37, 36, 65, 23, 81, 62, 11, 92 | 0.69554 | 0.8433460076045627
8, 35, 9, 42, 10, 34, 63, 37, 36, 65, 23, 81, 62, 11, 92 | 0.68074 | 0.8395437262357415
8, 9, 33, 42, 10, 34, 63, 37, 36, 65, 23, 81, 62, 11, 92 | 0.66018 | 0.8323954372623574
8, 9, 30, 33, 10, 34, 63, 37, 36, 65, 23, 81, 62, 11, 92 | 0.67953 | 0.8660076045627376
8, 9, 30, 33, 42, 10, 63, 37, 36, 65, 23, 81, 62, 11, 92 | 0.67782 | 0.8670722433460076
8, 9, 30, 33, 42, 10, 34, 63, 36, 65, 23, 81, 62, 11, 92 | 0.67532 | 0.8634220532319392
8, 9, 30, 33, 42, 10, 34, 63, 37, 36, 23, 81, 62, 11, 92 | 0.67717 | 0.8682889733840304
8, 9, 30, 33, 42, 10, 34, 63, 37, 36, 65, 23, 62, 11, 92 | 0.67591 | 0.8661596958174905
8, 9, 30, 33, 42, 10, 34, 63, 37, 36, 65, 23, 81, 62, 11 | 0.67948 | 0.8344170573113564
8, 9, 30, 33, 42, 10, 34, 63, 37, 36, 65, 23, 81, 62, 92 | 0.67725 | 0.8673764258555133
8, 9, 30, 33, 42, 10, 34, 63, 37, 36, 65, 23, 81, 11, 92 | 0.67865 | 0.8679847908745247
8, 9, 30, 33, 42, 10, 34, 63, 37, 36, 65, 81, 62, 11, 92 | 0.6809 | 0.8682889733840304
8, 9, 30, 33, 42, 10, 34, 63, 37, 65, 23, 81, 62, 11, 92 | 0.67678 | 0.866615969581749
8, 9, 30, 33, 42, 10, 34, 37, 36, 65, 23, 81, 62, 11, 92 | 0.67275 | 0.8626615969581749
8, 9, 30, 33, 42, 34, 63, 37, 36, 65, 23, 81, 62, 11, 92 | 0.674 | 0.8628136882129278
8, 9, 30, 42, 10, 34, 63, 37, 36, 65, 23, 81, 62, 11, 92 | 0.65609 | 0.8591634980988593
8, 9, 1, 30, 10, 34, 63, 37, 36, 65, 23, 81, 62, 11, 92 | 0.66702 | 0.8793916349809886
8, 9, 1, 30, 42, 10, 63, 37, 36, 65, 23, 81, 62, 11, 92 | 0.66559 | 0.88
8, 9, 1, 30, 42, 10, 34, 63, 36, 65, 23, 81, 62, 11, 92 | 0.66283 | 0.8772623574144487
8, 9, 1, 30, 42, 10, 34, 63, 37, 36, 23, 81, 62, 11, 92 | 0.66489 | 0.8812167300380228
8, 9, 1, 30, 42, 10, 34, 63, 37, 36, 65, 23, 62, 11, 92 | 0.66365 | 0.87893536121673
8, 9, 1, 30, 42, 10, 34, 63, 37, 36, 65, 23, 81, 62, 11 | 0.66817 | 0.832602449720248
8, 9, 1, 30, 42, 10, 34, 63, 37, 36, 65, 23, 81, 62, 92 | 0.66497 | 0.8803041825095057
8, 9, 1, 30, 42, 10, 34, 63, 37, 36, 65, 23, 81, 11, 92 | 0.6661 | 0.8807604562737643
8, 9, 1, 30, 42, 10, 34, 63, 37, 36, 65, 81, 62, 11, 92 | 0.66893 | 0.8809125475285171
8, 9, 1, 30, 42, 10, 34, 63, 37, 65, 23, 81, 62, 11, 92 | 0.66487 | 0.8795437262357414
8, 9, 1, 30, 42, 10, 34, 37, 36, 65, 23, 81, 62, 11, 92 | 0.65997 | 0.8748288973384031
8, 9, 1, 30, 42, 34, 63, 37, 36, 65, 23, 81, 62, 11, 92 | 0.66139 | 0.8760456273764259
8, 9, 1, 30, 33, 42, 63, 37, 36, 65, 23, 81, 62, 11, 92 | 0.68261 | 0.8816730038022814
8, 9, 1, 30, 33, 42, 34, 63, 36, 65, 23, 81, 62, 11, 92 | 0.6797 | 0.87893536121673
8, 9, 1, 30, 33, 42, 34, 63, 37, 36, 23, 81, 62, 11, 92 | 0.68201 | 0.8828897338403042
8, 9, 1, 30, 33, 42, 34, 63, 37, 36, 65, 23, 62, 11, 92 | 0.68029 | 0.8803041825095057
8, 9, 1, 30, 33, 42, 34, 63, 37, 36, 65, 23, 81, 62, 11 | 0.68482 | 0.8446998336609708
8, 9, 1, 30, 33, 42, 34, 63, 37, 36, 65, 23, 81, 62, 92 | 0.68231 | 0.8819771863117871
8, 9, 1, 30, 33, 42, 34, 63, 37, 36, 65, 23, 81, 11, 92 | 0.68318 | 0.8822813688212928
8, 9, 1, 30, 33, 42, 34, 63, 37, 36, 65, 81, 62, 11, 92 | 0.6857 | 0.8822813688212928
8, 9, 1, 30, 33, 42, 34, 63, 37, 65, 23, 81, 62, 11, 92 | 0.68108 | 0.8807604562737643
8, 9, 1, 30, 33, 42, 34, 37, 36, 65, 23, 81, 62, 11, 92 | 0.67749 | 0.8781749049429658
8, 9, 1, 30, 33, 42, 10, 34, 36, 65, 23, 81, 62, 11, 92 | 0.67891 | 0.8793916349809886
8, 9, 1, 30, 33, 42, 10, 34, 37, 36, 23, 81, 62, 11, 92 | 0.68064 | 0.8824334600760456
8, 9, 1, 30, 33, 42, 10, 34, 37, 36, 65, 23, 62, 11, 92 | 0.67922 | 0.88106463878327
8, 9, 1, 30, 33, 42, 10, 34, 37, 36, 65, 23, 81, 62, 11 | 0.68321 | 0.841221835778013
8, 9, 1, 30, 33, 42, 10, 34, 37, 36, 65, 23, 81, 62, 92 | 0.68045 | 0.8822813688212928
8, 9, 1, 30, 33, 42, 10, 34, 37, 36, 65, 23, 81, 11, 92 | 0.6818 | 0.8821292775665399
8, 9, 1, 30, 33, 42, 10, 34, 37, 36, 65, 81, 62, 11, 92 | 0.68402 | 0.8821292775665399
8, 9, 1, 30, 33, 42, 10, 34, 37, 65, 23, 81, 62, 11, 92 | 0.68034 | 0.8815209125475285
8, 9, 1, 30, 33, 42, 10, 34, 63, 37, 23, 81, 62, 11, 92 | 0.68481 | 0.886083650190114
8, 9, 1, 30, 33, 42, 10, 34, 63, 37, 65, 23, 62, 11, 92 | 0.68303 | 0.8839543726235741
8, 9, 1, 30, 33, 42, 10, 34, 63, 37, 65, 23, 81, 62, 11 | 0.68753 | 0.8463632239528202
8, 9, 1, 30, 33, 42, 10, 34, 63, 37, 65, 23, 81, 62, 92 | 0.68491 | 0.8853231939163498
8, 9, 1, 30, 33, 42, 10, 34, 63, 37, 65, 23, 81, 11, 92 | 0.68591 | 0.8850190114068441
8, 9, 1, 30, 33, 42, 10, 34, 63, 37, 65, 81, 62, 11, 92 | 0.68829 | 0.8856273764258555
8, 9, 1, 30, 33, 42, 10, 34, 63, 37, 36, 65, 62, 11, 92 | 0.68722 | 0.8853231939163498
8, 9, 1, 30, 33, 42, 10, 34, 63, 37, 36, 65, 81, 62, 11 | 0.69133 | 0.8486314834417057
8, 9, 1, 30, 33, 42, 10, 34, 63, 37, 36, 65, 81, 62, 92 | 0.68879 | 0.8863878326996197
8, 9, 1, 30, 33, 42, 10, 34, 63, 37, 36, 65, 81, 11, 92 | 0.68894 | 0.8859315589353612
8, 9, 1, 30, 33, 42, 10, 34, 63, 37, 36, 23, 62, 11, 92 | 0.68357 | 0.8857794676806083
8, 9, 1, 30, 33, 42, 10, 34, 63, 37, 36, 23, 81, 62, 11 | 0.68799 | 0.8422803568728262
8, 9, 1, 30, 33, 42, 10, 34, 63, 37, 36, 23, 81, 62, 92 | 0.68499 | 0.8869961977186311
8, 9, 1, 30, 33, 42, 10, 34, 63, 37, 36, 23, 81, 11, 92 | 0.68544 | 0.8868441064638783
8, 9, 1, 30, 33, 42, 10, 34, 63, 37, 36, 81, 62, 11, 92 | 0.68764 | 0.8869961977186311
8, 9, 1, 30, 33, 42, 10, 34, 63, 36, 23, 81, 62, 11, 92 | 0.68237 | 0.8839543726235741
8, 9, 1, 30, 33, 42, 10, 34, 63, 36, 65, 23, 62, 11, 92 | 0.68066 | 0.8819771863117871
8, 9, 1, 30, 33, 42, 10, 34, 63, 36, 65, 23, 81, 62, 11 | 0.68595 | 0.8459095720550431
8, 9, 1, 30, 33, 42, 10, 34, 63, 36, 65, 23, 81, 62, 92 | 0.68342 | 0.8834980988593156
8, 9, 1, 30, 33, 42, 10, 34, 63, 36, 65, 23, 81, 11, 92 | 0.6839 | 0.8828897338403042
8, 9, 1, 30, 33, 42, 10, 34, 63, 36, 65, 81, 62, 11, 92 | 0.68682 | 0.8834980988593156
8, 9, 1, 30, 33, 42, 10, 34, 63, 65, 23, 81, 62, 11, 92 | 0.68188 | 0.8822813688212928
8, 9, 1, 30, 33, 42, 10, 63, 36, 65, 23, 81, 62, 11, 92 | 0.6832 | 0.8824334600760456
8, 9, 1, 30, 33, 42, 10, 63, 37, 36, 23, 81, 62, 11, 92 | 0.68504 | 0.8863878326996197
8, 9, 1, 30, 33, 42, 10, 63, 37, 36, 65, 23, 62, 11, 92 | 0.68419 | 0.884106463878327
8, 9, 1, 30, 33, 42, 10, 63, 37, 36, 65, 23, 81, 62, 11 | 0.68828 | 0.8463632239528202
8, 9, 1, 30, 33, 42, 10, 63, 37, 36, 65, 23, 81, 62, 92 | 0.68563 | 0.8857794676806083
8, 9, 1, 30, 33, 42, 10, 63, 37, 36, 65, 23, 81, 11, 92 | 0.68588 | 0.8856273764258555
8, 9, 1, 30, 33, 42, 10, 63, 37, 36, 65, 81, 62, 11, 92 | 0.68086 | 0.8822813688212928
8, 9, 1, 30, 33, 42, 10, 63, 37, 65, 23, 81, 62, 11, 92 | 0.68521 | 0.8847148288973384
8, 9, 1, 30, 33, 42, 10, 37, 36, 65, 23, 81, 62, 11, 92 | 0.68104 | 0.88106463878327
8, 9, 1, 30, 33, 10, 63, 37, 36, 65, 23, 81, 62, 11, 92 | 0.68781 | 0.884106463878327
8, 9, 1, 30, 33, 10, 34, 63, 36, 65, 23, 81, 62, 11, 92 | 0.68562 | 0.8827376425855513
8, 9, 1, 30, 33, 10, 34, 63, 37, 36, 23, 81, 62, 11, 92 | 0.68747 | 0.8863878326996197
8, 9, 1, 30, 33, 10, 34, 63, 37, 36, 65, 23, 62, 11, 92 | 0.68472 | 0.8842585551330798
8, 9, 1, 30, 33, 10, 34, 63, 37, 36, 65, 23, 81, 62, 11 | 0.69039 | 0.8477241796461515
8, 9, 1, 30, 33, 10, 34, 63, 37, 36, 65, 23, 81, 62, 92 | 0.68784 | 0.8856273764258555
8, 9, 1, 30, 33, 10, 34, 63, 37, 36, 65, 23, 81, 11, 92 | 0.68869 | 0.8859315589353612
8, 9, 1, 30, 33, 10, 34, 63, 37, 36, 65, 81, 62, 11, 92 | 0.69099 | 0.8859315589353612
8, 9, 1, 30, 33, 10, 34, 63, 37, 65, 23, 81, 62, 11, 92 | 0.6866 | 0.8839543726235741
8, 9, 1, 30, 33, 10, 34, 37, 36, 65, 23, 81, 62, 11, 92 | 0.68325 | 0.8815209125475285
8, 9, 1, 30, 33, 34, 63, 37, 36, 65, 23, 81, 62, 11, 92 | 0.68391 | 0.8807604562737643
8, 9, 1, 33, 10, 34, 63, 37, 36, 65, 23, 81, 62, 11, 92 | 0.67251 | 0.8558174904942966
8, 9, 1, 33, 42, 10, 63, 37, 36, 65, 23, 81, 62, 11, 92 | 0.6706 | 0.856425855513308
8, 9, 1, 33, 42, 10, 34, 63, 36, 65, 23, 81, 62, 11, 92 | 0.66765 | 0.8530798479087452
8, 9, 1, 33, 42, 10, 34, 63, 37, 36, 23, 81, 62, 11, 92 | 0.67003 | 0.8577946768060837
8, 9, 1, 33, 42, 10, 34, 63, 37, 36, 65, 23, 62, 11, 92 | 0.66848 | 0.8573384030418251
8, 9, 1, 33, 42, 10, 34, 63, 37, 36, 65, 23, 81, 62, 11 | 0.67138 | 0.8381974897928323
8, 9, 1, 33, 42, 10, 34, 63, 37, 36, 65, 23, 81, 62, 92 | 0.67006 | 0.8573384030418251
8, 9, 1, 33, 42, 10, 34, 63, 37, 36, 65, 23, 81, 11, 92 | 0.67124 | 0.8573384030418251
8, 9, 1, 33, 42, 10, 34, 63, 37, 36, 65, 81, 62, 11, 92 | 0.67363 | 0.8582509505703422
8, 9, 1, 33, 42, 10, 34, 63, 37, 65, 23, 81, 62, 11, 92 | 0.6695 | 0.8568821292775666
8, 9, 1, 33, 42, 10, 34, 37, 36, 65, 23, 81, 62, 11, 92 | 0.66529 | 0.8527756653992395
8, 9, 1, 33, 42, 34, 63, 37, 36, 65, 23, 81, 62, 11, 92 | 0.66685 | 0.8527756653992395
8, 9, 1, 42, 10, 34, 63, 37, 36, 65, 23, 81, 62, 11, 92 | 0.6495 | 0.8503422053231939
8, 1, 33, 42, 10, 34, 63, 37, 36, 65, 23, 81, 62, 11, 92 | 0.65282 | 0.8445627376425856
8, 1, 30, 33, 10, 34, 63, 37, 36, 65, 23, 81, 62, 11, 92 | 0.66878 | 0.872851711026616
8, 1, 30, 33, 42, 10, 63, 37, 36, 65, 23, 81, 62, 11, 92 | 0.66916 | 0.875893536121673
8, 1, 30, 33, 42, 10, 34, 63, 36, 65, 23, 81, 62, 11, 92 | 0.66459 | 0.8723954372623575
8, 1, 30, 33, 42, 10, 34, 63, 37, 36, 23, 81, 62, 11, 92 | 0.66873 | 0.8774144486692015
8, 1, 30, 33, 42, 10, 34, 63, 37, 36, 65, 23, 62, 11, 92 | 0.66682 | 0.8743726235741445
8, 1, 30, 33, 42, 10, 34, 63, 37, 36, 65, 23, 81, 62, 11 | 0.67197 | 0.8360804476032058
8, 1, 30, 33, 42, 10, 34, 63, 37, 36, 65, 23, 81, 62, 92 | 0.66926 | 0.8763498098859316
8, 1, 30, 33, 42, 10, 34, 63, 37, 36, 65, 23, 81, 11, 92 | 0.67013 | 0.8766539923954373
8, 1, 30, 33, 42, 10, 34, 63, 37, 36, 65, 81, 62, 11, 92 | 0.67287 | 0.8768060836501901
8, 1, 30, 33, 42, 10, 34, 63, 37, 65, 23, 81, 62, 11, 92 | 0.66795 | 0.8748288973384031
8, 1, 30, 33, 42, 10, 34, 37, 36, 65, 23, 81, 62, 11, 92 | 0.66441 | 0.8713307984790875
8, 1, 30, 33, 42, 34, 63, 37, 36, 65, 23, 81, 62, 11, 92 | 0.66371 | 0.869809885931559
8, 1, 30, 42, 10, 34, 63, 37, 36, 65, 23, 81, 62, 11, 92 | 0.64867 | 0.8708745247148288
8, 30, 33, 42, 10, 34, 63, 37, 36, 65, 23, 81, 62, 11, 92 | 0.66008 | 0.8541444866920153
