62, 11, 92 | 0.17996 | 0.26083650190114066
81, 62, 11 | 0.19292 | 0.2675034023892333
81, 62, 92 | 0.19174 | 0.28121673003802283
81, 11, 92 | 0.18493 | 0.27482889733840304
23, 81, 62 | 0.20231 | 0.3420221169036335
23, 81, 11 | 0.20041 | 0.2729472251625586
23, 81, 92 | 0.19832 | 0.300532319391635
23, 62, 11 | 0.18932 | 0.274761832753667
23, 62, 92 | 0.18904 | 0.27482889733840304
23, 11, 92 | 0.18513 | 0.27847908745247146
65, 23, 81 | 0.20901 | 0.25688073394495414
65, 23, 62 | 0.19312 | 0.4200895208004213
65, 23, 11 | 0.19577 | 0.29381521246030545
65, 23, 92 | 0.1958 | 0.289277566539924
65, 81, 62 | 0.19882 | 0.37269615587151134
65, 81, 11 | 0.19854 | 0.2836836534099501
65, 81, 92 | 0.19796 | 0.2883650190114068
65, 62, 11 | 0.18655 | 0.2811129593225465
65, 62, 92 | 0.18738 | 0.2643346007604563
65, 11, 92 | 0.18571 | 0.2695057034220532
36, 65, 23 | 0.21026 | 0.30695588948133784
36, 65, 81 | 0.20779 | 0.32159682618398217
36, 65, 62 | 0.20017 | 0.37993680884676145
36, 65, 11 | 0.19948 | 0.2982005141388175
36, 65, 92 | 0.19955 | 0.29307984790874525
36, 23, 81 | 0.21044 | 0.3051078601537317
36, 23, 62 | 0.20397 | 0.34728804634017907
36, 23, 11 | 0.20148 | 0.2879177377892031
36, 23, 92 | 0.20011 | 0.30463878326996197
36, 81, 62 | 0.20195 | 0.27935755660874145
36, 81, 11 | 0.19621 | 0.25903523363072734
36, 81, 92 | 0.19401 | 0.28821292775665397
36, 62, 11 | 0.19394 | 0.2842885226069862
36, 62, 92 | 0.19354 | 0.2862357414448669
36, 11, 92 | 0.18662 | 0.2777186311787072
37, 36, 65 | 0.21167 | 0.3142174432497013
37, 36, 23 | 0.21717 | 0.23776054289869122
37, 36, 81 | 0.20762 | 0.33858170096702206
37, 36, 62 | 0.2071 | 0.30450236966824645
37, 36, 11 | 0.20369 | 0.25268410706184785
37, 36, 92 | 0.20093 | 0.29034220532319394
37, 65, 23 | 0.21179 | 0.2942317014057198
37, 65, 81 | 0.21034 | 0.2959335482271262
37, 65, 62 | 0.20067 | 0.3796735123749342
37, 65, 11 | 0.20191 | 0.2687131407833056
37, 65, 92 | 0.20092 | 0.2795437262357414
37, 23, 81 | 0.21557 | 0.2788246962558889
37, 23, 62 | 0.20656 | 0.35281727224855186
37, 23, 11 | 0.20658 | 0.2563133222440647
37, 23, 92 | 0.20406 | 0.29034220532319394
37, 81, 62 | 0.20576 | 0.29067930489731436
37, 81, 11 | 0.20236 | 0.23665507334039015
37, 81, 92 | 0.19891 | 0.2847148288973384
37, 62, 11 | 0.19777 | 0.24860123998185393
37, 62, 92 | 0.19611 | 0.2695057034220532
37, 11, 92 | 0.19134 | 0.27057034220532317
63, 37, 36 | 0.22144 | 0.2907032181168057
63, 37, 65 | 0.22112 | 0.29283154121863797
63, 37, 23 | 0.22238 | 0.2674503150751333
63, 37, 81 | 0.22048 | 0.2741135631043888
63, 37, 62 | 0.21561 | 0.29331226961558715
63, 37, 11 | 0.21103 | 0.257523060638137
63, 37, 92 | 0.20809 | 0.2979467680608365
63, 36, 65 | 0.2183 | 0.2752688172043011
63, 36, 23 | 0.21717 | 0.27859912748424626
63, 36, 81 | 0.21431 | 0.29742127448549466
63, 36, 62 | 0.21195 | 0.2850184307530279
63, 36, 11 | 0.20482 | 0.28655678209587176
63, 36, 92 | 0.20291 | 0.3114828897338403
63, 65, 23 | 0.21275 | 0.3313136209403781
63, 65, 81 | 0.21773 | 0.25415323580461197
63, 65, 62 | 0.20568 | 0.36664033701948395
63, 65, 11 | 0.2038 | 0.3009224255254801
63, 65, 92 | 0.20341 | 0.30281368821292776
63, 23, 81 | 0.21633 | 0.22501859657822962
63, 23, 62 | 0.20533 | 0.32187993680884674
63, 23, 11 | 0.20105 | 0.2858006955995766
63, 23, 92 | 0.19983 | 0.3002281368821293
63, 81, 62 | 0.21117 | 0.27422327540810953
63, 81, 11 | 0.20425 | 0.27098140027219114
63, 81, 92 | 0.20149 | 0.308745247148289
63, 62, 11 | 0.19725 | 0.2848933918040224
63, 62, 92 | 0.19674 | 0.28851711026615967
63, 11, 92 | 0.18782 | 0.28304182509505704
34, 63, 37 | 0.23588 | 0.25864696916402863
34, 63, 36 | 0.23274 | 0.2837902264600715
34, 63, 65 | 0.22839 | 0.3340501792114695
34, 63, 23 | 0.2013 | 0.6528114396509938
34, 63, 81 | 0.23259 | 0.25688073394495414
34, 63, 62 | 0.22045 | 0.37072143233280674
34, 63, 11 | 0.21806 | 0.313322244064721
34, 63, 92 | 0.2166 | 0.3315589353612167
34, 37, 36 | 0.22898 | 0.3220500595947557
34, 37, 65 | 0.22429 | 0.3764635603345281
34, 37, 23 | 0.20216 | 0.6357246728065924
34, 37, 81 | 0.22827 | 0.30362013389536324
34, 37, 62 | 0.21817 | 0.3934965771458662
34, 37, 11 | 0.21955 | 0.2824739150158778
34, 37, 92 | 0.21697 | 0.3175665399239544
34, 36, 65 | 0.2244 | 0.36356033452807646
34, 36, 23 | 0.20049 | 0.6442074648570043
34, 36, 81 | 0.22502 | 0.331886932804364
34, 36, 62 | 0.21768 | 0.38717746182201157
34, 36, 11 | 0.21646 | 0.31453198245879327
34, 36, 92 | 0.21513 | 0.33079847908745247
34, 65, 23 | 0.1921 | 0.6837130392632089
34, 65, 81 | 0.22399 | 0.2810562856434416
34, 65, 62 | 0.20847 | 0.4408899420747762
34, 65, 11 | 0.21131 | 0.31483441705731136
34, 65, 92 | 0.21099 | 0.31574144486692013
34, 23, 81 | 0.19966 | 0.2189437143565584
34, 23, 62 | 0.18425 | 0.37348604528699314
34, 23, 11 | 0.18591 | 0.2552548011492515
34, 23, 92 | 0.18471 | 0.2692015209125475
34, 81, 62 | 0.21692 | 0.3809899947340706
34, 81, 11 | 0.21624 | 0.29925903523363073
34, 81, 92 | 0.21414 | 0.32714828897338405
34, 62, 11 | 0.20421 | 0.2988053833358536
34, 62, 92 | 0.20383 | 0.300532319391635
34, 11, 92 | 0.20132 | 0.30980988593155895
10, 34, 63 | 0.25307 | 0.31884737027058685
10, 34, 37 | 0.25014 | 0.3525618478133427
10, 34, 36 | 0.24478 | 0.4057210965435042
10, 34, 65 | 0.24534 | 0.397610513739546
10, 34, 23 | 0.22269 | 0.6634755210857974
10, 34, 81 | 0.24543 | 0.3737912224150756
10, 34, 62 | 0.23779 | 0.43562401263823064
10, 34, 11 | 0.23799 | 0.34870709209133527
10, 34, 92 | 0.23587 | 0.37718631178707224
10, 63, 37 | 0.24327 | 0.29077265799038576
10, 63, 36 | 0.23482 | 0.3797377830750894
10, 63, 65 | 0.23989 | 0.3176821983273596
10, 63, 23 | 0.23885 | 0.3205283567619971
10, 63, 81 | 0.23525 | 0.34949169352839077
10, 63, 62 | 0.23234 | 0.34755134281200634
10, 63, 11 | 0.22724 | 0.32768788749432937
10, 63, 92 | 0.22476 | 0.3615209125475285
10, 37, 36 | 0.23025 | 0.4066746126340882
10, 37, 65 | 0.23409 | 0.35937873357228195
10, 37, 23 | 0.23925 | 0.2876878332525448
10, 37, 81 | 0.23002 | 0.3856930324820233
10, 37, 62 | 0.22893 | 0.36203264876250657
10, 37, 11 | 0.22724 | 0.2927566913654922
10, 37, 92 | 0.22344 | 0.3464638783269962
10, 36, 65 | 0.22921 | 0.33082437275985666
10, 36, 23 | 0.2317 | 0.2910809500727096
10, 36, 81 | 0.22206 | 0.394247458467642
10, 36, 62 | 0.22267 | 0.34873617693522907
10, 36, 11 | 0.21892 | 0.3086345077876909
10, 36, 92 | 0.21617 | 0.3464638783269962
10, 65, 23 | 0.23215 | 0.3505816771691711
10, 65, 81 | 0.22946 | 0.36895611207537815
10, 65, 62 | 0.22181 | 0.4306213796735124
10, 65, 11 | 0.22247 | 0.3360048389535763
10, 65, 92 | 0.22125 | 0.35072243346007603
10, 23, 81 | 0.23202 | 0.3533349863625093
10, 23, 62 | 0.22507 | 0.4048183254344392
10, 23, 11 | 0.22448 | 0.3252684107061848
10, 23, 92 | 0.22205 | 0.35832699619771863
10, 81, 62 | 0.22271 | 0.3418904686677198
10, 81, 11 | 0.21907 | 0.2991078179343717
10, 81, 92 | 0.21595 | 0.34250950570342203
10, 62, 11 | 0.21593 | 0.3213367609254499
10, 62, 92 | 0.21452 | 0.3388593155893536
10, 11, 92 | 0.20959 | 0.33870722433460076
42, 10, 34 | 0.26104 | 0.386046511627907
42, 10, 63 | 0.25602 | 0.3166217640857444
42, 10, 37 | 0.25188 | 0.36452104584359246
42, 10, 36 | 0.24001 | 0.49547079856972587
42, 10, 65 | 0.24689 | 0.4120669056152927
42, 10, 23 | 0.25079 | 0.35639844886088223
42, 10, 81 | 0.23883 | 0.4898338705678155
42, 10, 62 | 0.24138 | 0.4246972090573986
42, 10, 11 | 0.24034 | 0.3549070013609557
42, 10, 92 | 0.2361 | 0.4156653992395437
42, 34, 63 | 0.25349 | 0.31919878177345673
42, 34, 37 | 0.25091 | 0.34880994254895065
42, 34, 36 | 0.24277 | 0.43504171632896305
42, 34, 65 | 0.24213 | 0.44133811230585424
42, 34, 23 | 0.22233 | 0.6732913233155599
42, 34, 81 | 0.24073 | 0.43763947433672207
42, 34, 62 | 0.2365 | 0.4585308056872038
42, 34, 11 | 0.23792 | 0.3565703916528051
42, 34, 92 | 0.23487 | 0.39923954372623577
42, 63, 37 | 0.24837 | 0.29522804549185133
42, 63, 36 | 0.23724 | 0.4162097735399285
42, 63, 65 | 0.24028 | 0.37849462365591396
42, 63, 23 | 0.24147 | 0.35518662142510904
42, 63, 81 | 0.23511 | 0.41916687329531366
42, 63, 62 | 0.23501 | 0.38454449710373884
42, 63, 11 | 0.23177 | 0.3420535309239377
42, 63, 92 | 0.22803 | 0.39513307984790874
42, 37, 36 | 0.2325 | 0.44600715137067937
42, 37, 65 | 0.23525 | 0.4118279569892473
42, 37, 23 | 0.24204 | 0.3211342704798837
42, 37, 81 | 0.22981 | 0.4571038928837094
42, 37, 62 | 0.23168 | 0.3988941548183254
42, 37, 11 | 0.23161 | 0.31060033267805837
42, 37, 92 | 0.2269 | 0.3782509505703422
42, 36, 65 | 0.22767 | 0.37801672640382317
42, 36, 23 | 0.23174 | 0.3198012603005332
42, 36, 81 | 0.2194 | 0.4571038928837094
42, 36, 62 | 0.22281 | 0.37862032648762506
42, 36, 11 | 0.22041 | 0.3225464993195222
42, 36, 92 | 0.21695 | 0.371254752851711
42, 65, 23 | 0.23069 | 0.37578768783325256
42, 65, 81 | 0.22531 | 0.4280932308455244
42, 65, 62 | 0.22084 | 0.45155344918378093
42, 65, 11 | 0.22272 | 0.34159987902616057
42, 65, 92 | 0.22052 | 0.371254752851711
42, 23, 81 | 0.22926 | 0.4238780064468138
42, 23, 62 | 0.22549 | 0.4378620326487625
42, 23, 11 | 0.22658 | 0.3378194465446847
42, 23, 92 | 0.22315 | 0.3861596958174905
42, 81, 62 | 0.22036 | 0.3678251711427067
42, 81, 11 | 0.21807 | 0.30848329048843187
42, 81, 92 | 0.21376 | 0.3700380228136882
42, 62, 11 | 0.21808 | 0.33161953727506427
42, 62, 92 | 0.21551 | 0.36684410646387833
42, 11, 92 | 0.21223 | 0.37019011406844105
33, 42, 10 | 0.28109 | 0.45097524709175196
33, 42, 34 | 0.28154 | 0.3874031007751938
33, 42, 63 | 0.27482 | 0.33817500292842917
33, 42, 37 | 0.27328 | 0.35561027084066127
33, 42, 36 | 0.26518 | 0.44147794994040523
33, 42, 65 | 0.26692 | 0.41935483870967744
33, 42, 23 | 0.27135 | 0.3573679108095007
33, 42, 81 | 0.26292 | 0.4470617406397223
33, 42, 62 | 0.26241 | 0.41956292785676674
33, 42, 11 | 0.2598 | 0.37275064267352187
33, 42, 92 | 0.25787 | 0.39847908745247146
33, 10, 34 | 0.28148 | 0.3452519379844961
33, 10, 63 | 0.27105 | 0.33067822420053883
33, 10, 37 | 0.26927 | 0.35092038926017116
33, 10, 36 | 0.26388 | 0.40441001191895115
33, 10, 65 | 0.26708 | 0.36475507765830345
33, 10, 23 | 0.26978 | 0.32295201163354337
33, 10, 81 | 0.26401 | 0.3788742871311679
33, 10, 62 | 0.2607 | 0.38401790416008424
33, 10, 11 | 0.25645 | 0.3567216089520641
33, 10, 92 | 0.25562 | 0.3656273764258555
33, 34, 63 | 0.26553 | 0.3244699543165046
33, 34, 37 | 0.26496 | 0.3305194043850393
33, 34, 36 | 0.26504 | 0.31847437425506553
33, 34, 65 | 0.25957 | 0.3821983273596177
33, 34, 23 | 0.23621 | 0.6564469219583131
33, 34, 81 | 0.26433 | 0.2999008182494421
33, 34, 62 | 0.25235 | 0.41429699842022116
33, 34, 11 | 0.25094 | 0.3485558747920762
33, 34, 92 | 0.25111 | 0.34220532319391633
33, 63, 37 | 0.25612 | 0.2635713448235432
33, 63, 36 | 0.25339 | 0.2839094159713945
33, 63, 65 | 0.25173 | 0.3020310633213859
33, 63, 23 | 0.25084 | 0.30283567619970914
33, 63, 81 | 0.25258 | 0.265187205554178
33, 63, 62 | 0.24526 | 0.31608741442864663
33, 63, 11 | 0.23793 | 0.3252684107061848
33, 63, 92 | 0.2382 | 0.3172623574144487
33, 37, 36 | 0.25023 | 0.3181168057210965
33, 37, 65 | 0.24876 | 0.3340501792114695
33, 37, 23 | 0.25364 | 0.26539020843431893
33, 37, 81 | 0.2489 | 0.30721547235308705
33, 37, 62 | 0.24406 | 0.3280674038967878
33, 37, 11 | 0.24026 | 0.28564947830031756
33, 37, 92 | 0.23912 | 0.29885931558935364
33, 36, 65 | 0.24887 | 0.329868578255675
33, 36, 23 | 0.25198 | 0.28259815802229765
33, 36, 81 | 0.24619 | 0.33783783783783783
33, 36, 62 | 0.24335 | 0.3342548709847288
33, 36, 11 | 0.23749 | 0.32390745501285345
33, 36, 92 | 0.2375 | 0.31984790874524716
33, 65, 23 | 0.24602 | 0.3328889966068832
33, 65, 81 | 0.24787 | 0.29456979915695514
33, 65, 62 | 0.236 | 0.40718799368088465
33, 65, 11 | 0.2349 | 0.3357024043550582
33, 65, 92 | 0.23637 | 0.30950570342205325
33, 23, 81 | 0.25061 | 0.2754773121745599
33, 23, 62 | 0.23941 | 0.3780937335439705
33, 23, 11 | 0.23686 | 0.32420988961137154
33, 23, 92 | 0.23699 | 0.31832699619771865
33, 81, 62 | 0.24203 | 0.3274091627172196
33, 81, 11 | 0.23664 | 0.308936942386209
33, 81, 92 | 0.23612 | 0.31285171102661596
33, 62, 11 | 0.22926 | 0.3192197187358234
33, 62, 92 | 0.23039 | 0.2980988593155893
33, 11, 92 | 0.22346 | 0.29095057034220534
30, 33, 42 | 0.30547 | 0.42174273858921163
30, 33, 10 | 0.30556 | 0.3897489722732441
30, 33, 34 | 0.30175 | 0.3608527131782946
30, 33, 63 | 0.29005 | 0.3644137284760455
30, 33, 37 | 0.29042 | 0.3594794231445656
30, 33, 36 | 0.28769 | 0.3814064362336114
30, 33, 65 | 0.28807 | 0.3753882915173238
30, 33, 23 | 0.28958 | 0.3481580222976248
30, 33, 81 | 0.28773 | 0.3560624845028515
30, 33, 62 | 0.28239 | 0.3865192206424434
30, 33, 11 | 0.2761 | 0.390443066686829
30, 33, 92 | 0.27 | 0.4796958174904943
30, 42, 10 | 0.2846 | 0.45307443365695793
30, 42, 34 | 0.28317 | 0.40794573643410853
30, 42, 63 | 0.27734 | 0.3525828745460935
30, 42, 37 | 0.27558 | 0.3726110915699379
30, 42, 36 | 0.26576 | 0.4792610250297974
30, 42, 65 | 0.2701 | 0.42616487455197133
30, 42, 23 | 0.27301 | 0.38269510421715947
30, 42, 81 | 0.2641 | 0.4789238780064468
30, 42, 62 | 0.26528 | 0.4311479726171669
30, 42, 11 | 0.26231 | 0.39150158778164224
30, 42, 92 | 0.25336 | 0.524106463878327
30, 10, 34 | 0.28606 | 0.3706395348837209
30, 10, 63 | 0.27635 | 0.3529342860489633
30, 10, 37 | 0.27422 | 0.37730097315042793
30, 10, 36 | 0.26672 | 0.45637663885578067
30, 10, 65 | 0.27268 | 0.38387096774193546
30, 10, 23 | 0.27414 | 0.3573679108095007
30, 10, 81 | 0.26794 | 0.4194148276717084
30, 10, 62 | 0.26622 | 0.4061348077935756
30, 10, 11 | 0.26203 | 0.38121881143202785
30, 10, 92 | 0.2533 | 0.5104182509505704
30, 34, 63 | 0.26928 | 0.34930303385264144
30, 34, 37 | 0.26871 | 0.3553757767616368
30, 34, 36 | 0.26628 | 0.3736591179976162
30, 34, 65 | 0.26351 | 0.4052568697729988
30, 34, 23 | 0.24072 | 0.6729277750848279
30, 34, 81 | 0.26648 | 0.34602033225886436
30, 34, 62 | 0.25663 | 0.4352290679304897
30, 34, 11 | 0.25502 | 0.3756237713594435
30, 34, 92 | 0.24753 | 0.4859315589353612
30, 63, 37 | 0.26091 | 0.2864345175284324
30, 63, 36 | 0.25537 | 0.34064362336114423
30, 63, 65 | 0.25671 | 0.3230585424133811
30, 63, 23 | 0.25477 | 0.33688802714493454
30, 63, 81 | 0.25542 | 0.313538308951153
30, 63, 62 | 0.25047 | 0.3362295945234334
30, 63, 11 | 0.24309 | 0.34916074398911234
30, 63, 92 | 0.23487 | 0.4704182509505703
30, 37, 36 | 0.25256 | 0.37890345649582835
30, 37, 65 | 0.25373 | 0.3634408602150538
30, 37, 23 | 0.25749 | 0.3087736306349976
30, 37, 81 | 0.25201 | 0.3607736176543516
30, 37, 62 | 0.2489 | 0.36216429699842023
30, 37, 11 | 0.24529 | 0.321941630122486
30, 37, 92 | 0.2362 | 0.45627376425855515
30, 36, 65 | 0.25143 | 0.34420549581839904
30, 36, 23 | 0.25312 | 0.31434803683955403
30, 36, 81 | 0.24696 | 0.374907017108852
30, 36, 62 | 0.24572 | 0.3525539757767246
30, 36, 11 | 0.23966 | 0.34795100559504005
30, 36, 92 | 0.23179 | 0.46387832699619774
30, 65, 23 | 0.25033 | 0.3697285506543868
30, 65, 81 | 0.25152 | 0.34044135878998266
30, 65, 62 | 0.24147 | 0.4319378620326488
30, 65, 11 | 0.24038 | 0.3639800393164978
30, 65, 92 | 0.2336 | 0.4634220532319392
30, 23, 81 | 0.25281 | 0.32159682618398217
30, 23, 62 | 0.24383 | 0.39784096893101634
30, 23, 11 | 0.2409 | 0.35263874187207017
30, 23, 92 | 0.233 | 0.46904942965779467
30, 81, 62 | 0.24544 | 0.345839915745129
30, 81, 11 | 0.2398 | 0.3338877967639498
30, 81, 92 | 0.23101 | 0.4637262357414449
30, 62, 11 | 0.2347 | 0.3481022228942991
30, 62, 92 | 0.22741 | 0.4552091254752852
30, 11, 92 | 0.22039 | 0.44836501901140685
1, 30, 33 | 0.32893 | 0.37229332689366496
1, 30, 42 | 0.30938 | 0.515103734439834
1, 30, 10 | 0.31226 | 0.463745298696755
1, 30, 34 | 0.30909 | 0.4366279069767442
1, 30, 63 | 0.30095 | 0.4143141618835657
1, 30, 37 | 0.30313 | 0.3882049478250674
1, 30, 36 | 0.29568 | 0.46686531585220503
1, 30, 65 | 0.29663 | 0.4542413381123059
1, 30, 23 | 0.29772 | 0.4332283082888997
1, 30, 81 | 0.29644 | 0.4360277708901562
1, 30, 62 | 0.29153 | 0.4657714586624539
1, 30, 11 | 0.28622 | 0.46665658551338274
1, 30, 92 | 0.27692 | 0.6050190114068441
1, 33, 42 | 0.31374 | 0.508298755186722
1, 33, 10 | 0.31565 | 0.46505729030000875
1, 33, 34 | 0.31311 | 0.43197674418604654
1, 33, 63 | 0.30428 | 0.4167740424036547
1, 33, 37 | 0.30687 | 0.38586000703482237
1, 33, 36 | 0.30172 | 0.4370679380214541
1, 33, 65 | 0.29987 | 0.45782556750298686
1, 33, 23 | 0.3024 | 0.4194134755210858
1, 33, 81 | 0.30203 | 0.41061244730969504
1, 33, 62 | 0.29491 | 0.46787783043707215
1, 33, 11 | 0.28999 | 0.4631785876304249
1, 33, 92 | 0.28678 | 0.5088973384030419
1, 42, 10 | 0.29334 | 0.5147380390098837
1, 42, 34 | 0.29369 | 0.45901162790697675
1, 42, 63 | 0.28926 | 0.3979149584163055
1, 42, 37 | 0.28965 | 0.39277758236604526
1, 42, 36 | 0.27834 | 0.5175208581644816
1, 42, 65 | 0.28096 | 0.4850657108721625
1, 42, 23 | 0.28383 | 0.44292292777508485
1, 42, 81 | 0.277 | 0.5147532853954873
1, 42, 62 | 0.2767 | 0.4886782517114271
1, 42, 11 | 0.27361 | 0.45939815514894905
1, 42, 92 | 0.26827 | 0.5374904942965779
1, 10, 34 | 0.29781 | 0.43430232558139537
1, 10, 63 | 0.29047 | 0.4021318964507438
1, 10, 37 | 0.29036 | 0.402860827764099
1, 10, 36 | 0.28116 | 0.5026221692491061
1, 10, 65 | 0.28487 | 0.45710872162485067
1, 10, 23 | 0.28664 | 0.42789626757149785
1, 10, 81 | 0.28277 | 0.46268286635259115
1, 10, 62 | 0.27891 | 0.4802527646129542
1, 10, 11 | 0.2756 | 0.45304702858006957
1, 10, 92 | 0.27049 | 0.5276045627376426
1, 34, 63 | 0.28558 | 0.4011947991097575
1, 34, 37 | 0.28727 | 0.3808183843357955
1, 34, 36 | 0.28204 | 0.432896305125149
1, 34, 65 | 0.27809 | 0.4787335722819594
1, 34, 23 | 0.25881 | 0.704920019389239
1, 34, 81 | 0.2826 | 0.40317381601785274
1, 34, 62 | 0.27203 | 0.5053975776724592
1, 34, 11 | 0.27065 | 0.4527445939815515
1, 34, 92 | 0.26628 | 0.5160456273764259
1, 63, 37 | 0.28232 | 0.3255950287255247
1, 63, 36 | 0.27422 | 0.41096543504171634
1, 63, 65 | 0.27385 | 0.41397849462365593
1, 63, 23 | 0.27298 | 0.41614154144449833
1, 63, 81 | 0.27458 | 0.3828415571534838
1, 63, 62 | 0.26785 | 0.4332543443917852
1, 63, 11 | 0.26171 | 0.441856948434901
1, 63, 92 | 0.25721 | 0.5070722433460076
1, 37, 36 | 0.27359 | 0.4536352800953516
1, 37, 65 | 0.27309 | 0.45830346475507766
1, 37, 23 | 0.27763 | 0.3955404750363548
1, 37, 81 | 0.2736 | 0.4315645921150508
1, 37, 62 | 0.26886 | 0.45879410215903105
1, 37, 11 | 0.2662 | 0.41856948434900954
1, 37, 92 | 0.26081 | 0.49718631178707223
1, 36, 65 | 0.26821 | 0.4297491039426523
1, 36, 23 | 0.27007 | 0.399054774600097
1, 36, 81 | 0.26615 | 0.4337961815026035
1, 36, 62 | 0.26283 | 0.4424697209057399
1, 36, 11 | 0.258 | 0.4326326931800998
1, 36, 92 | 0.25345 | 0.4985551330798479
1, 65, 23 | 0.26598 | 0.44255937954435287
1, 65, 81 | 0.26837 | 0.4000743863129184
1, 65, 62 | 0.25786 | 0.5013164823591364
1, 65, 11 | 0.25678 | 0.44352033872675034
1, 65, 92 | 0.25366 | 0.48775665399239543
1, 23, 81 | 0.27037 | 0.38730473592858916
1, 23, 62 | 0.26022 | 0.4830173775671406
1, 23, 11 | 0.25855 | 0.43142295478602755
1, 23, 92 | 0.25385 | 0.49961977186311785
1, 81, 62 | 0.26288 | 0.4385202738283307
1, 81, 11 | 0.25843 | 0.4223499168304854
1, 81, 92 | 0.25333 | 0.49657794676806083
1, 62, 11 | 0.25177 | 0.4279449569030697
1, 62, 92 | 0.24795 | 0.48273764258555135
1, 11, 92 | 0.24189 | 0.48638783269961977
9, 1, 30 | 0.35816 | 0.5336259485195656
9, 1, 33 | 0.36707 | 0.4236496820413749
9, 1, 42 | 0.33408 | 0.679585062240664
9, 1, 10 | 0.34044 | 0.606664917344529
9, 1, 34 | 0.34498 | 0.5202519379844961
9, 1, 63 | 0.34093 | 0.4674944359845379
9, 1, 37 | 0.33646 | 0.5194043850392778
9, 1, 36 | 0.33104 | 0.5760429082240763
9, 1, 65 | 0.33399 | 0.5397849462365591
9, 1, 23 | 0.3372 | 0.49430441105186623
9, 1, 81 | 0.33148 | 0.5535581453012646
9, 1, 62 | 0.32975 | 0.5487098472880464
9, 1, 11 | 0.32739 | 0.5173143807651596
9, 1, 92 | 0.3214 | 0.6056273764258555
9, 30, 33 | 0.35958 | 0.36158737825002013
9, 30, 42 | 0.32631 | 0.6179253112033195
9, 30, 10 | 0.3305 | 0.5606577451237645
9, 30, 34 | 0.33536 | 0.46618217054263567
9, 30, 63 | 0.32889 | 0.43047909101557924
9, 30, 37 | 0.32336 | 0.49478250674170476
9, 30, 36 | 0.31916 | 0.5364719904648391
9, 30, 65 | 0.32375 | 0.48052568697729986
9, 30, 23 | 0.32678 | 0.4363790596219098
9, 30, 81 | 0.31946 | 0.5141333994545003
9, 30, 62 | 0.31914 | 0.48828330700368616
9, 30, 11 | 0.31612 | 0.4578859821563587
9, 30, 92 | 0.30691 | 0.594828897338403
9, 33, 42 | 0.33041 | 0.6188381742738589
9, 33, 10 | 0.33394 | 0.5673926353538004
9, 33, 34 | 0.33963 | 0.46560077519379844
9, 33, 63 | 0.33338 | 0.4271992503221272
9, 33, 37 | 0.32798 | 0.48997537812170244
9, 33, 36 | 0.32538 | 0.5125148986889154
9, 33, 65 | 0.32767 | 0.48399044205495817
9, 33, 23 | 0.33153 | 0.42983519146873483
9, 33, 81 | 0.32499 | 0.4977684106124473
9, 33, 62 | 0.32324 | 0.48973143759873616
9, 33, 11 | 0.32066 | 0.4528958112808105
9, 33, 92 | 0.31724 | 0.5017490494296578
9, 42, 10 | 0.29943 | 0.5750896527595557
9, 42, 34 | 0.3056 | 0.4694767441860465
9, 42, 63 | 0.3029 | 0.39030104252079184
9, 42, 37 | 0.29556 | 0.4757884863407199
9, 42, 36 | 0.28781 | 0.5594755661501788
9, 42, 65 | 0.29391 | 0.4855436081242533
9, 42, 23 | 0.29786 | 0.4303199224430441
9, 42, 81 | 0.28628 | 0.5607488222167121
9, 42, 62 | 0.28972 | 0.48828330700368616
9, 42, 11 | 0.28877 | 0.4265840012097384
9, 42, 92 | 0.28313 | 0.5090494296577946
9, 10, 34 | 0.31161 | 0.44079457364341085
9, 10, 63 | 0.30562 | 0.3941665690523603
9, 10, 37 | 0.29823 | 0.4802438738421855
9, 10, 36 | 0.29227 | 0.5426698450536352
9, 10, 65 | 0.29913 | 0.4596176821983274
9, 10, 23 | 0.30296 | 0.40547746000969465
9, 10, 81 | 0.29258 | 0.5204562360525663
9, 10, 62 | 0.29407 | 0.47116903633491314
9, 10, 11 | 0.29213 | 0.4218962649327083
9, 10, 92 | 0.28727 | 0.49247148288973386
9, 34, 63 | 0.3095 | 0.4035375424622233
9, 34, 37 | 0.30297 | 0.47954039160511197
9, 34, 36 | 0.30038 | 0.5017878426698451
9, 34, 65 | 0.30072 | 0.4965352449223417
9, 34, 23 | 0.28289 | 0.7054047503635482
9, 34, 81 | 0.30008 | 0.48549466898090754
9, 34, 62 | 0.29494 | 0.5213270142180095
9, 34, 11 | 0.296 | 0.43414486617269016
9, 34, 92 | 0.29174 | 0.4956653992395437
9, 63, 37 | 0.29972 | 0.4332278109977723
9, 63, 36 | 0.29452 | 0.4858164481525626
9, 63, 65 | 0.29846 | 0.43751493428912785
9, 63, 23 | 0.2997 | 0.4144449830344159
9, 63, 81 | 0.29438 | 0.4668980907513018
9, 63, 62 | 0.29341 | 0.4466824644549763
9, 63, 11 | 0.28982 | 0.4187207016482686
9, 63, 92 | 0.28517 | 0.48608365019011407
9, 37, 36 | 0.28623 | 0.5100119189511323
9, 37, 65 | 0.28981 | 0.46606929510155315
9, 37, 23 | 0.29592 | 0.3843916626272419
9, 37, 81 | 0.28532 | 0.5016117034465658
9, 37, 62 | 0.28647 | 0.4556345444971037
9, 37, 11 | 0.28529 | 0.3925601088764555
9, 37, 92 | 0.27969 | 0.47422053231939165
9, 36, 65 | 0.28768 | 0.44217443249701316
9, 36, 23 | 0.29146 | 0.3883906931652933
9, 36, 81 | 0.28132 | 0.5
9, 36, 62 | 0.28318 | 0.4445760926803581
9, 36, 11 | 0.28056 | 0.4016331468319976
9, 36, 92 | 0.27572 | 0.471787072243346
9, 65, 23 | 0.29139 | 0.44243819680077556
9, 65, 81 | 0.28703 | 0.48363501115794694
9, 65, 62 | 0.28194 | 0.5186940494997367
9, 65, 11 | 0.28335 | 0.4258279147134432
9, 65, 92 | 0.27998 | 0.4737642585551331
9, 23, 81 | 0.29073 | 0.4742127448549467
9, 23, 62 | 0.28635 | 0.4993417588204318
9, 23, 11 | 0.28669 | 0.4197792227430818
9, 23, 92 | 0.2822 | 0.4847148288973384
9, 81, 62 | 0.28233 | 0.44141653501843076
9, 81, 11 | 0.27999 | 0.3937698472705278
9, 81, 92 | 0.27469 | 0.4708745247148289
9, 62, 11 | 0.27908 | 0.41312566157568426
9, 62, 92 | 0.27506 | 0.4708745247148289
9, 11, 92 | 0.27162 | 0.47193916349809883
35, 9, 1 | 0.41887 | 0.5934351052917396
35, 9, 30 | 0.41596 | 0.5203838714477013
35, 9, 33 | 0.4155 | 0.4847460355791677
35, 9, 42 | 0.39318 | 0.6540248962655602
35, 9, 10 | 0.39432 | 0.6253826642176157
35, 9, 34 | 0.39836 | 0.5458333333333333
35, 9, 63 | 0.39061 | 0.5417594002577018
35, 9, 37 | 0.39197 | 0.5253839840544027
35, 9, 36 | 0.38778 | 0.56746126340882
35, 9, 65 | 0.38899 | 0.5519713261648745
35, 9, 23 | 0.39108 | 0.5202375181774115
35, 9, 81 | 0.38844 | 0.5419042896107116
35, 9, 62 | 0.38378 | 0.5749078462348605
35, 9, 11 | 0.37864 | 0.5894450325117193
35, 9, 92 | 0.37959 | 0.5726235741444867
35, 1, 30 | 0.3842 | 0.5168129742597828
35, 1, 33 | 0.38279 | 0.48852934073895193
35, 1, 42 | 0.37385 | 0.5468879668049793
35, 1, 10 | 0.37292 | 0.5305694043558121
35, 1, 34 | 0.36948 | 0.5132751937984497
35, 1, 63 | 0.35942 | 0.5294599976572566
35, 1, 37 | 0.3684 | 0.42373080079727987
35, 1, 36 | 0.36179 | 0.4929678188319428
35, 1, 65 | 0.35948 | 0.5193548387096775
35, 1, 23 | 0.35973 | 0.5094522539990305
35, 1, 81 | 0.36286 | 0.4593354822712621
35, 1, 62 | 0.35379 | 0.5452869931542917
35, 1, 11 | 0.34664 | 0.5858158173295025
35, 1, 92 | 0.34707 | 0.5768821292775665
35, 30, 33 | 0.37901 | 0.4420027368590518
35, 30, 42 | 0.37174 | 0.4850622406639004
35, 30, 10 | 0.36956 | 0.4763404180879909
35, 30, 34 | 0.36487 | 0.46531007751937986
35, 30, 63 | 0.3528 | 0.4950216703760103
35, 30, 37 | 0.36048 | 0.4045022863172705
35, 30, 36 | 0.35511 | 0.45864123957091774
35, 30, 65 | 0.35426 | 0.46750298685782554
35, 30, 23 | 0.35406 | 0.4623121667474552
35, 30, 81 | 0.35652 | 0.4194148276717084
35, 30, 62 | 0.34829 | 0.4918378093733544
35, 30, 11 | 0.33968 | 0.5464993195221534
35, 30, 92 | 0.33793 | 0.5704942965779468
35, 33, 42 | 0.3648 | 0.446804979253112
35, 33, 10 | 0.36029 | 0.45639814571853404
35, 33, 34 | 0.35676 | 0.43197674418604654
35, 33, 63 | 0.34323 | 0.4718285111865995
35, 33, 37 | 0.35158 | 0.3734318208465236
35, 33, 36 | 0.34828 | 0.4023837902264601
35, 33, 65 | 0.34505 | 0.4395459976105137
35, 33, 23 | 0.34516 | 0.4301987396994668
35, 33, 81 | 0.34874 | 0.3726754277212993
35, 33, 62 | 0.33884 | 0.46419167983149023
35, 33, 11 | 0.32989 | 0.5198850748525631
35, 33, 92 | 0.33493 | 0.44045627376425855
35, 42, 10 | 0.35136 | 0.5348552435931077
35, 42, 34 | 0.35051 | 0.4929263565891473
35, 42, 63 | 0.34243 | 0.4816680332669556
35, 42, 37 | 0.34824 | 0.4130613202016649
35, 42, 36 | 0.33897 | 0.5138259833134684
35, 42, 65 | 0.33936 | 0.5080047789725209
35, 42, 23 | 0.34133 | 0.47709646146388757
35, 42, 81 | 0.33807 | 0.5054549962806844
35, 42, 62 | 0.33398 | 0.5286993154291733
35, 42, 11 | 0.32856 | 0.540601844851051
35, 42, 92 | 0.33068 | 0.5057034220532319
35, 10, 34 | 0.34829 | 0.45368217054263565
35, 10, 63 | 0.33698 | 0.4720627855218461
35, 10, 37 | 0.34264 | 0.405205768554344
35, 10, 36 | 0.33554 | 0.4799761620977354
35, 10, 65 | 0.33724 | 0.45842293906810033
35, 10, 23 | 0.33749 | 0.4476490547746001
35, 10, 81 | 0.33674 | 0.44421026531118274
35, 10, 62 | 0.3303 | 0.4946024223275408
35, 10, 11 | 0.32351 | 0.5221533343414486
35, 10, 92 | 0.3266 | 0.4723954372623574
35, 34, 63 | 0.33019 | 0.47323415719807893
35, 34, 37 | 0.3379 | 0.3823425958494548
35, 34, 36 | 0.33494 | 0.40738974970202624
35, 34, 65 | 0.32921 | 0.47443249701314216
35, 34, 23 | 0.30909 | 0.7107367910809501
35, 34, 81 | 0.33577 | 0.37329531366228613
35, 34, 62 | 0.32195 | 0.5164560294892049
35, 34, 11 | 0.3172 | 0.5164070769696053
35, 34, 92 | 0.32095 | 0.45657794676806085
35, 63, 37 | 0.32816 | 0.3184429593152773
35, 63, 36 | 0.32253 | 0.3742550655542312
35, 63, 65 | 0.31994 | 0.40370370370370373
35, 63, 23 | 0.31717 | 0.428744546776539
35, 63, 81 | 0.323 | 0.3432928341185222
35, 63, 62 | 0.31272 | 0.43799368088467616
35, 63, 11 | 0.30291 | 0.5027975200362922
35, 63, 92 | 0.30708 | 0.43650190114068443
35, 37, 36 | 0.32819 | 0.41787842669845054
35, 37, 65 | 0.32521 | 0.45209080047789724
35, 37, 23 | 0.32783 | 0.41250605913717886
35, 37, 81 | 0.32833 | 0.3927597322092735
35, 37, 62 | 0.3198 | 0.4674828857293312
35, 37, 11 | 0.31341 | 0.484953878723726
35, 37, 92 | 0.31638 | 0.43680608365019014
35, 36, 65 | 0.32275 | 0.4332138590203106
35, 36, 23 | 0.3233 | 0.4184440135724673
35, 36, 81 | 0.32285 | 0.41061244730969504
35, 36, 62 | 0.31635 | 0.4597156398104265
35, 36, 11 | 0.30794 | 0.506577952517768
35, 36, 92 | 0.31184 | 0.4444106463878327
35, 65, 23 | 0.31697 | 0.4594037809015996
35, 65, 81 | 0.3231 | 0.3709397470865361
35, 65, 62 | 0.30949 | 0.5111901000526593
35, 65, 11 | 0.3048 | 0.5094510812036896
35, 65, 92 | 0.30953 | 0.43467680608365017
35, 23, 81 | 0.32359 | 0.350235556657575
35, 23, 62 | 0.31022 | 0.4860452869931543
35, 23, 11 | 0.30419 | 0.5008316951459247
35, 23, 92 | 0.30829 | 0.4355893536121673
35, 81, 62 | 0.31695 | 0.4531332280147446
35, 81, 11 | 0.30869 | 0.49674882806593074
35, 81, 92 | 0.3124 | 0.43741444866920154
35, 62, 11 | 0.29826 | 0.5002268259488886
35, 62, 92 | 0.30327 | 0.4211406844106464
35, 11, 92 | 0.29356 | 0.41186311787072244
8, 35, 9 | 0.46124 | 0.4748406488055138
8, 35, 1 | 0.42904 | 0.582815422675436
8, 35, 30 | 0.42979 | 0.48006249070078855
8, 35, 33 | 0.42293 | 0.4926346293165902
8, 35, 42 | 0.41796 | 0.5181742738589211
8, 35, 10 | 0.41563 | 0.5125513863377941
8, 35, 34 | 0.41189 | 0.49622093023255814
8, 35, 63 | 0.39157 | 0.6290265901370505
8, 35, 37 | 0.4101 | 0.41141986164849337
8, 35, 36 | 0.40316 | 0.48438617401668654
8, 35, 65 | 0.4017 | 0.5005973715651135
8, 35, 23 | 0.40089 | 0.5032719340765875
8, 35, 81 | 0.40452 | 0.4468137862633276
8, 35, 62 | 0.39579 | 0.5275144813059505
8, 35, 11 | 0.38518 | 0.617722667473159
8, 35, 92 | 0.39008 | 0.5409885931558935
8, 9, 1 | 0.42285 | 0.6027876666867797
8, 9, 30 | 0.42104 | 0.5237315875613748
8, 9, 33 | 0.42566 | 0.44747645496256944
8, 9, 42 | 0.39652 | 0.6721991701244814
8, 9, 10 | 0.40131 | 0.6126126126126126
8, 9, 34 | 0.4057 | 0.5282945736434108
8, 9, 63 | 0.39028 | 0.6104017804849479
8, 9, 37 | 0.3978 | 0.521866572869035
8, 9, 36 | 0.39151 | 0.5889153754469607
8, 9, 65 | 0.39496 | 0.5467144563918758
8, 9, 23 | 0.39779 | 0.5059379544352884
8, 9, 81 | 0.39258 | 0.5591371187701463
8, 9, 62 | 0.39093 | 0.5535808320168509
8, 9, 11 | 0.38389 | 0.5936791168909723
8, 9, 92 | 0.38387 | 0.5916349809885931
8, 1, 30 | 0.38966 | 0.520755839904776
8, 1, 33 | 0.39398 | 0.44667149641793447
8, 1, 42 | 0.37697 | 0.5707053941908714
8, 1, 10 | 0.38 | 0.5210355987055016
8, 1, 34 | 0.37788 | 0.48992248062015503
8, 1, 63 | 0.36001 | 0.5927140681738315
8, 1, 37 | 0.37498 | 0.416813225466057
8, 1, 36 | 0.36592 | 0.5151370679380215
8, 1, 65 | 0.36613 | 0.5114695340501793
8, 1, 23 | 0.3669 | 0.4951526902569074
8, 1, 81 | 0.3673 | 0.4785519464418547
8, 1, 62 | 0.36147 | 0.5230384412848867
8, 1, 11 | 0.3526 | 0.5862694692272796
8, 1, 92 | 0.3516 | 0.5990874524714829
8, 30, 33 | 0.39122 | 0.4015938179183772
8, 30, 42 | 0.37618 | 0.5078838174273859
8, 30, 10 | 0.3779 | 0.4662818157963789
8, 30, 34 | 0.37413 | 0.44525193798449614
8, 30, 63 | 0.35384 | 0.5670610284643317
8, 30, 37 | 0.3678 | 0.4029780748036112
8, 30, 36 | 0.36017 | 0.48402860548271753
8, 30, 65 | 0.36205 | 0.4603345280764636
8, 30, 23 | 0.36242 | 0.44813378574890933
8, 30, 81 | 0.36167 | 0.4447061740639722
8, 30, 62 | 0.35748 | 0.46550816219062663
8, 30, 11 | 0.34676 | 0.5481627098140027
8, 30, 92 | 0.3436 | 0.5936121673003802
8, 33, 42 | 0.37546 | 0.4858921161825726
8, 33, 10 | 0.37525 | 0.45998425610076094
8, 33, 34 | 0.37249 | 0.42848837209302326
8, 33, 63 | 0.35116 | 0.5589785638983249
8, 33, 37 | 0.36605 | 0.38398405440262634
8, 33, 36 | 0.36035 | 0.44171632896305124
8, 33, 65 | 0.36013 | 0.443010752688172
8, 33, 23 | 0.36074 | 0.4276539020843432
8, 33, 81 | 0.3608 | 0.4137118770146293
8, 33, 62 | 0.35492 | 0.4548446550816219
8, 33, 11 | 0.34405 | 0.5381823680629064
8, 33, 92 | 0.34772 | 0.4796958174904943
8, 42, 10 | 0.35821 | 0.5170121577888568
8, 42, 34 | 0.35771 | 0.4697674418604651
8, 42, 63 | 0.3412 | 0.5524188825114209
8, 42, 37 | 0.35395 | 0.4025090866455622
8, 42, 36 | 0.34226 | 0.5319427890345649
8, 42, 65 | 0.34518 | 0.4959378733572282
8, 42, 23 | 0.34773 | 0.45782840523509455
8, 42, 81 | 0.34163 | 0.5209521448053558
8, 42, 62 | 0.3409 | 0.5009215376513955
8, 42, 11 | 0.33345 | 0.5393921064569787
8, 42, 92 | 0.33431 | 0.5236501901140684
8, 10, 34 | 0.36051 | 0.437984496124031
8, 10, 63 | 0.34059 | 0.5539416656905236
8, 10, 37 | 0.35283 | 0.41001289717434636
8, 10, 36 | 0.34365 | 0.5096543504171633
8, 10, 65 | 0.34806 | 0.45579450418160095
8, 10, 23 | 0.34891 | 0.4377120698012603
8, 10, 81 | 0.34489 | 0.47458467641953883
8, 10, 62 | 0.3423 | 0.4761716692996314
8, 10, 11 | 0.33307 | 0.5378799334643883
8, 10, 92 | 0.33493 | 0.5069201520912547
8, 34, 63 | 0.33511 | 0.5492561789855921
8, 34, 37 | 0.34923 | 0.38328057216555284
8, 34, 36 | 0.34374 | 0.43849821215733015
8, 34, 65 | 0.34056 | 0.47514934289127836
8, 34, 23 | 0.32046 | 0.7112215220552593
8, 34, 81 | 0.34489 | 0.4016860897594843
8, 34, 62 | 0.33435 | 0.5034228541337546
8, 34, 11 | 0.32781 | 0.5285044609103281
8, 34, 92 | 0.33035 | 0.487148288973384
8, 63, 37 | 0.3306 | 0.3148083010903975
8, 63, 36 | 0.3224 | 0.40119189511323006
8, 63, 65 | 0.3231 | 0.3913978494623656
8, 63, 23 | 0.3211 | 0.4069316529326224
8, 63, 81 | 0.32309 | 0.368584180510786
8, 63, 62 | 0.31718 | 0.4073196419167983
8, 63, 11 | 0.30503 | 0.5029487373355512
8, 63, 92 | 0.30763 | 0.46053231939163497
8, 37, 36 | 0.33475 | 0.4579261025029797
8, 37, 65 | 0.33536 | 0.4493428912783751
8, 37, 23 | 0.33846 | 0.4039020843431895
8, 37, 81 | 0.33511 | 0.4316885693032482
8, 37, 62 | 0.33112 | 0.4490521327014218
8, 37, 11 | 0.32226 | 0.5011341297444427
8, 37, 92 | 0.32415 | 0.4695057034220532
8, 36, 65 | 0.33011 | 0.42520908004778973
8, 36, 23 | 0.33099 | 0.4063257392147358
8, 36, 81 | 0.32765 | 0.43404413587899826
8, 36, 62 | 0.32464 | 0.43865192206424436
8, 36, 11 | 0.31399 | 0.5162558596703463
8, 36, 92 | 0.31665 | 0.47300380228136885
8, 65, 23 | 0.32774 | 0.4547988366456617
8, 65, 81 | 0.33065 | 0.40614926853458966
8, 65, 62 | 0.32076 | 0.49960505529225907
8, 65, 11 | 0.31411 | 0.5257825495236655
8, 65, 92 | 0.3177 | 0.46844106463878327
8, 23, 81 | 0.33164 | 0.38321348871807587
8, 23, 62 | 0.32212 | 0.4703791469194313
8, 23, 11 | 0.31418 | 0.5117193406925752
8, 23, 92 | 0.31695 | 0.4667680608365019
8, 81, 62 | 0.32543 | 0.42825171142706686
8, 81, 11 | 0.3148 | 0.5040072584303644
8, 81, 92 | 0.31704 | 0.4670722433460076
8, 62, 11 | 0.30886 | 0.5118705579918342
8, 62, 92 | 0.31229 | 0.45688212927756655
8, 11, 92 | 0.30028 | 0.4454752851711027
3, 8, 35 | 0.68554 | 0.8225538971807629
3, 8, 9 | 0.68411 | 0.8077939576099912
3, 8, 1 | 0.67139 | 0.8529535992276595
3, 8, 30 | 0.67112 | 0.8207112036899271
3, 8, 33 | 0.68238 | 0.7153666586170813
3, 8, 42 | 0.66481 | 0.8523651452282157
3, 8, 10 | 0.66939 | 0.8043383189014257
3, 8, 34 | 0.6664 | 0.8122093023255814
3, 8, 63 | 0.65827 | 0.8682206864238022
3, 8, 37 | 0.67096 | 0.719310587407668
3, 8, 36 | 0.66051 | 0.8392133492252681
3, 8, 65 | 0.66304 | 0.8086021505376344
3, 8, 23 | 0.66033 | 0.8387057682985943
3, 8, 81 | 0.66187 | 0.8158938755269031
3, 8, 62 | 0.66116 | 0.8138493944181148
3, 8, 11 | 0.65621 | 0.8610313019809466
3, 8, 92 | 0.65645 | 0.8565779467680609
3, 35, 9 | 0.68845 | 0.8114214644763434
3, 35, 1 | 0.67467 | 0.8635732818439631
3, 35, 30 | 0.6757 | 0.8241333134950156
3, 35, 33 | 0.6842 | 0.7412863237543267
3, 35, 42 | 0.66952 | 0.855103734439834
3, 35, 10 | 0.67327 | 0.8144843872999212
3, 35, 34 | 0.67036 | 0.8226744186046512
3, 35, 63 | 0.66513 | 0.846901721916364
3, 35, 37 | 0.67528 | 0.7277523742525501
3, 35, 36 | 0.66559 | 0.8387365911799761
3, 35, 65 | 0.66736 | 0.8172043010752689
3, 35, 23 | 0.66463 | 0.8476732913233156
3, 35, 81 | 0.66689 | 0.8161418299032978
3, 35, 62 | 0.66505 | 0.8289889415481833
3, 35, 11 | 0.66096 | 0.8654166036594586
3, 35, 92 | 0.66133 | 0.8590114068441065
3, 9, 1 | 0.67146 | 0.8602546310263682
3, 9, 30 | 0.67108 | 0.8305311709567029
3, 9, 33 | 0.68348 | 0.7168155839974242
3, 9, 42 | 0.66146 | 0.8907883817427386
3, 9, 10 | 0.66704 | 0.8360885157001662
3, 9, 34 | 0.66576 | 0.8308139534883721
3, 9, 63 | 0.66217 | 0.8375307485065011
3, 9, 37 | 0.66791 | 0.7700785555164732
3, 9, 36 | 0.66005 | 0.8599523241954709
3, 9, 65 | 0.66286 | 0.8260454002389487
3, 9, 23 | 0.66109 | 0.8450072709646146
3, 9, 81 | 0.66149 | 0.8364740887676667
3, 9, 62 | 0.66118 | 0.8304370721432333
3, 9, 11 | 0.65761 | 0.8592166943898382
3, 9, 92 | 0.65683 | 0.8702661596958174
3, 1, 30 | 0.65843 | 0.8308287457223628
3, 1, 33 | 0.6699 | 0.7246236818803832
3, 1, 42 | 0.65195 | 0.8650622406639004
3, 1, 10 | 0.65703 | 0.8133473279104347
3, 1, 34 | 0.65426 | 0.8200581395348837
3, 1, 63 | 0.6499 | 0.8335480848073094
3, 1, 37 | 0.65864 | 0.7309180443193809
3, 1, 36 | 0.64884 | 0.8432657926102503
3, 1, 65 | 0.65121 | 0.8145758661887694
3, 1, 23 | 0.64835 | 0.8465826466311197
3, 1, 81 | 0.65039 | 0.8177535333498637
3, 1, 62 | 0.64913 | 0.8230647709320695
3, 1, 11 | 0.64515 | 0.8569484349009526
3, 1, 92 | 0.64405 | 0.872851711026616
3, 30, 33 | 0.67062 | 0.7060291394993158
3, 30, 42 | 0.65222 | 0.8496265560165975
3, 30, 10 | 0.65671 | 0.8022391323362197
3, 30, 34 | 0.65374 | 0.8096899224806201
3, 30, 63 | 0.64893 | 0.8262855804146656
3, 30, 37 | 0.65768 | 0.723531480830109
3, 30, 36 | 0.6478 | 0.8367103694874851
3, 30, 65 | 0.65058 | 0.8031063321385902
3, 30, 23 | 0.64754 | 0.8371303926320892
3, 30, 81 | 0.64934 | 0.8110587651872055
3, 30, 62 | 0.64858 | 0.809373354397051
3, 30, 11 | 0.64391 | 0.8516558294268864
3, 30, 92 | 0.64264 | 0.8701140684410646
3, 33, 42 | 0.66281 | 0.8610788381742739
3, 33, 10 | 0.66697 | 0.8171958366133123
3, 33, 34 | 0.66483 | 0.818217054263566
3, 33, 63 | 0.66011 | 0.8355394166569052
3, 33, 37 | 0.66888 | 0.7325595028725524
3, 33, 36 | 0.65962 | 0.8384982121573301
3, 33, 65 | 0.66158 | 0.8146953405017922
3, 33, 23 | 0.65918 | 0.8411294231701406
3, 33, 81 | 0.66109 | 0.8137862633275478
3, 33, 62 | 0.65975 | 0.8199052132701422
3, 33, 11 | 0.6557 | 0.8543777408135491
3, 33, 92 | 0.65548 | 0.8568821292775666
3, 42, 10 | 0.64859 | 0.8145718534068048
3, 42, 34 | 0.64633 | 0.8164728682170542
3, 42, 63 | 0.64244 | 0.8237085627269533
3, 42, 37 | 0.65095 | 0.7237659749091335
3, 42, 36 | 0.64032 | 0.8458879618593563
3, 42, 65 | 0.64304 | 0.8130227001194743
3, 42, 23 | 0.6408 | 0.8374939408628211
3, 42, 81 | 0.64121 | 0.8286635259112324
3, 42, 62 | 0.64102 | 0.8205634544497103
3, 42, 11 | 0.63748 | 0.8474217450476335
3, 42, 92 | 0.6369 | 0.8553612167300381
3, 10, 34 | 0.65131 | 0.8137596899224806
3, 10, 63 | 0.64685 | 0.8271055405880285
3, 10, 37 | 0.65472 | 0.734669949583773
3, 10, 36 | 0.6448 | 0.8485101311084624
3, 10, 65 | 0.64803 | 0.809557945041816
3, 10, 23 | 0.64544 | 0.838221037324285
3, 10, 81 | 0.64644 | 0.8220927349367716
3, 10, 62 | 0.6458 | 0.8195102685624013
3, 10, 11 | 0.64207 | 0.8490851353394828
3, 10, 92 | 0.64165 | 0.8546007604562738
3, 34, 63 | 0.64332 | 0.8261684432470423
3, 34, 37 | 0.65193 | 0.7250556923437683
3, 34, 36 | 0.64264 | 0.831227651966627
3, 34, 65 | 0.6437 | 0.8181600955794505
3, 34, 81 | 0.64393 | 0.8084552442350608
3, 34, 62 | 0.64149 | 0.8287256450763559
3, 34, 11 | 0.6385 | 0.8484802661424466
3, 34, 92 | 0.63825 | 0.8514068441064638
3, 63, 37 | 0.64851 | 0.7051236956266854
3, 63, 36 | 0.63777 | 0.8282479141835518
3, 63, 65 | 0.64042 | 0.7961768219832736
3, 63, 23 | 0.63705 | 0.8341008240426563
3, 63, 81 | 0.63914 | 0.8043639970245475
3, 63, 62 | 0.63829 | 0.8034491837809373
3, 63, 11 | 0.63334 | 0.8490851353394828
3, 63, 92 | 0.63319 | 0.8504942965779467
3, 37, 36 | 0.64627 | 0.8430274135876042
3, 37, 65 | 0.64854 | 0.815531660692951
3, 37, 23 | 0.64679 | 0.8341008240426563
3, 37, 81 | 0.64689 | 0.8290354574758244
3, 37, 62 | 0.6468 | 0.8196419167983149
3, 37, 11 | 0.64337 | 0.8446998336609708
3, 37, 92 | 0.64266 | 0.8546007604562738
3, 36, 65 | 0.63926 | 0.7989247311827957
3, 36, 23 | 0.63628 | 0.8321619001454192
3, 36, 81 | 0.63763 | 0.811554673939995
3, 36, 62 | 0.63711 | 0.8067403896787783
3, 36, 11 | 0.63276 | 0.8437925298654166
3, 36, 92 | 0.63236 | 0.8489733840304182
3, 65, 23 | 0.63785 | 0.8453708191953466
3, 65, 81 | 0.64047 | 0.8093230845524424
3, 65, 62 | 0.63798 | 0.8303054239073197
3, 65, 11 | 0.63511 | 0.8484802661424466
3, 65, 92 | 0.63513 | 0.8473003802281369
3, 23, 81 | 0.63761 | 0.8049838829655344
3, 23, 62 | 0.63577 | 0.8171406003159558
3, 23, 11 | 0.63224 | 0.8433388779676395
3, 23, 92 | 0.63186 | 0.848212927756654
3, 81, 62 | 0.63841 | 0.8055555555555556
3, 81, 11 | 0.63403 | 0.8428852260698624
3, 81, 92 | 0.63355 | 0.8492775665399239
3, 62, 11 | 0.63307 | 0.8451534855587479
3, 62, 92 | 0.63287 | 0.8473003802281369
3, 11, 92 | 0.6283 | 0.8454752851711027
