90, 91 | 0.9954461538461539 | 0.0
36, 37 | 0.9998769230769231 | 0.0
39, 38 | 0.9998769230769231 | 0.0
39, 48 | 0.9033846153846153 | 0.0
39, 31 | 0.7616 | 0.0
39, 32 | 0.7616 | 0.0
59, 61 | 0.9289846153846154 | 0.0
59, 95 | 0.7965538461538462 | 0.0
59, 60 | 0.7049846153846154 | 0.0
59, 80 | 0.6971076923076923 | 0.046875
59, 70 | 0.6921846153846154 | 0.0
59, 79 | 0.6902153846153846 | 0.0
59, 71 | 0.6902153846153846 | 0.0
63, 66 | 0.8910769230769231 | 0.0
63, 101 | 0.7906461538461539 | 0.08823529411764706
63, 95 | 0.7670153846153847 | 0.0
63, 64 | 0.6813538461538462 | 0.0
63, 80 | 0.6675692307692308 | 0.046875
63, 70 | 0.6626461538461539 | 0.0
63, 79 | 0.660676923076923 | 0.0
63, 71 | 0.660676923076923 | 0.0
24, 23 | 0.9998769230769231 | 0.0
24, 68 | 0.6552615384615385 | 0.0
24, 78 | 0.6552615384615385 | 0.0
24, 55 | 0.6473846153846153 | 0.07913669064748201
53, 52 | 0.9998769230769231 | 0.0
53, 95 | 0.7266461538461538 | 0.0
53, 14 | 0.6931692307692308 | 0.04477611940298507
53, 42 | 0.6596923076923077 | 0.0
53, 91 | 0.6409846153846154 | 0.0
53, 55 | 0.6355692307692308 | 0.0
53, 80 | 0.6301538461538462 | 0.0
53, 4 | 0.6227692307692307 | 0.0
53, 70 | 0.6222769230769231 | 0.0
53, 79 | 0.6203076923076923 | 0.0
53, 71 | 0.6203076923076923 | 0.0
67, 69 | 0.7798153846153846 | 0.0
67, 95 | 0.7089230769230769 | 0.0
67, 68 | 0.6203076923076923 | 0.0
67, 70 | 0.6045538461538461 | 0.0
67, 79 | 0.6025846153846154 | 0.0
67, 71 | 0.6025846153846154 | 0.0
76, 77 | 0.7699692307692307 | 0.0
76, 95 | 0.699076923076923 | 0.0
76, 78 | 0.6104615384615385 | 0.0
76, 80 | 0.6025846153846154 | 0.0
76, 70 | 0.5947076923076923 | 0.0
76, 79 | 0.5927384615384615 | 0.0
76, 71 | 0.5927384615384615 | 0.0
2, 1 | 0.9998769230769231 | 0.0
2, 61 | 0.7921230769230769 | 0.06070826306913996
2, 66 | 0.7837538461538461 | 0.0625
2, 29 | 0.7837538461538461 | 0.0
2, 48 | 0.7305846153846154 | 0.0
2, 101 | 0.7128615384615384 | 0.029411764705882353
2, 95 | 0.6774153846153846 | 0.0
2, 31 | 0.5888 | 0.0
2, 32 | 0.5888 | 0.0
2, 70 | 0.571076923076923 | 0.03571428571428571
2, 79 | 0.571076923076923 | 0.0
2, 71 | 0.571076923076923 | 0.0
110, 111 | 0.7079384615384615 | 0.0
110, 107 | 0.6508307692307692 | 0.0
110, 55 | 0.5656615384615384 | 0.0
93, 94 | 0.8300307692307692 | 0.0
93, 61 | 0.7625846153846154 | 0.06070826306913996
93, 66 | 0.7542153846153846 | 0.0625
93, 48 | 0.7010461538461539 | 0.0
93, 95 | 0.6478769230769231 | 0.0
93, 31 | 0.5592615384615385 | 0.0
93, 32 | 0.5592615384615385 | 0.0
93, 80 | 0.5494153846153846 | 0.03125
93, 70 | 0.5415384615384615 | 0.03571428571428571
93, 79 | 0.5415384615384615 | 0.0
93, 71 | 0.5415384615384615 | 0.0
1, 28 | 0.9014153846153846 | 0.034013605442176874
1, 37 | 0.6296615384615385 | 0.08536585365853659
1, 68 | 0.5528615384615385 | 0.0
1, 78 | 0.5528615384615385 | 0.0
1, 55 | 0.5449846153846154 | 0.07913669064748201
1, 46 | 0.5366153846153846 | 0.0975609756097561
56, 94 | 0.8004923076923077 | 0.01729106628242075
56, 58 | 0.7699692307692307 | 0.0
56, 102 | 0.7458461538461538 | 0.04355108877721943
56, 48 | 0.6774153846153846 | 0.0
56, 54 | 0.6025846153846154 | 0.0
56, 119 | 0.5602461538461538 | 0.0673076923076923
56, 7 | 0.5639384615384615 | 0.026570048309178744
56, 31 | 0.5356307692307692 | 0.0
56, 32 | 0.5356307692307692 | 0.0
56, 55 | 0.5331692307692307 | 0.0
56, 4 | 0.5152 | 0.09292035398230089
56, 40 | 0.5149538461538462 | 0.0
3, 6 | 0.8379076923076924 | 0.0
3, 7 | 0.551876923076923 | 0.0
3, 4 | 0.5056 | 0.0
28, 38 | 0.7138461538461538 | 0.09554140127388536
28, 61 | 0.7044923076923076 | 0.07419898819561552
28, 66 | 0.7000615384615385 | 0.0625
28, 29 | 0.7000615384615385 | 0.0
28, 48 | 0.6468923076923077 | 0.0
28, 101 | 0.6291692307692308 | 0.029411764705882353
28, 95 | 0.5937230769230769 | 0.0
28, 117 | 0.5700923076923077 | 0.03496503496503497
28, 14 | 0.5632 | 0.022388059701492536
28, 31 | 0.5051076923076923 | 0.0
28, 32 | 0.5051076923076923 | 0.0
28, 55 | 0.5016615384615385 | 0.014388489208633094
28, 70 | 0.48738461538461536 | 0.03571428571428571
28, 79 | 0.48738461538461536 | 0.0
28, 71 | 0.48738461538461536 | 0.0
52, 48 | 0.6454153846153846 | 0.0
52, 17 | 0.6099692307692308 | 0.04
52, 68 | 0.5036307692307692 | 0.0
52, 78 | 0.5036307692307692 | 0.0
52, 31 | 0.5036307692307692 | 0.0
52, 32 | 0.5036307692307692 | 0.0
52, 60 | 0.49772307692307693 | 0.043478260869565216
23, 94 | 0.7335384615384616 | 0.069164265129683
23, 58 | 0.6971076923076923 | 0.07741935483870968
23, 102 | 0.6808615384615384 | 0.09715242881072027
23, 61 | 0.7074461538461538 | 0.0
23, 66 | 0.699076923076923 | 0.0
23, 48 | 0.6281846153846153 | 0.0
23, 37 | 0.5641846153846154 | 0.07926829268292683
23, 95 | 0.5750153846153846 | 0.0
23, 119 | 0.5169230769230769 | 0.009615384615384616
23, 7 | 0.5092923076923077 | 0.07971014492753623
23, 31 | 0.4864 | 0.0
23, 32 | 0.4864 | 0.0
23, 80 | 0.47852307692307694 | 0.0
23, 70 | 0.4706461538461538 | 0.0
23, 79 | 0.4686769230769231 | 0.0
23, 71 | 0.4686769230769231 | 0.0
10, 9 | 0.7138461538461538 | 0.0
10, 11 | 0.6848 | 0.0
10, 37 | 0.5563076923076923 | 0.027439024390243903
10, 64 | 0.4657230769230769 | 0.1
10, 60 | 0.4657230769230769 | 0.021739130434782608
6, 7 | 0.4898461538461538 | 0.0
6, 55 | 0.45464615384615387 | 0.025179856115107913
6, 4 | 0.44356923076923077 | 0.0
116, 114 | 0.6518153846153846 | 0.0
116, 107 | 0.5292307692307693 | 0.07692307692307693
116, 117 | 0.5282461538461538 | 0.0
116, 54 | 0.5252923076923077 | 0.0
116, 119 | 0.4898461538461538 | 0.0
116, 64 | 0.4553846153846154 | 0.08
116, 91 | 0.4603076923076923 | 0.013333333333333334
116, 55 | 0.45144615384615383 | 0.06474820143884892
116, 60 | 0.4553846153846154 | 0.0
116, 4 | 0.44184615384615383 | 0.022123893805309734
116, 40 | 0.43766153846153844 | 0.0
94, 111 | 0.5523692307692307 | 0.0
94, 101 | 0.5425230769230769 | 0.0
94, 95 | 0.5011692307692308 | 0.0
94, 14 | 0.4706461538461538 | 0.022388059701492536
94, 42 | 0.4342153846153846 | 0.0
94, 68 | 0.41255384615384616 | 0.0
94, 78 | 0.41255384615384616 | 0.0
94, 55 | 0.4091076923076923 | 0.014388489208633094
94, 46 | 0.40221538461538464 | 0.0
94, 4 | 0.39606153846153846 | 0.022123893805309734
94, 70 | 0.3968 | 0.0
94, 79 | 0.3948307692307692 | 0.0
94, 71 | 0.3948307692307692 | 0.0
9, 11 | 0.6001230769230769 | 0.0
9, 111 | 0.5233230769230769 | 0.009345794392523364
9, 95 | 0.4740923076923077 | 0.0
9, 68 | 0.38547692307692305 | 0.0
9, 78 | 0.38547692307692305 | 0.0
9, 80 | 0.37661538461538463 | 0.015625
9, 46 | 0.3721846153846154 | 0.04878048780487805
9, 70 | 0.3687384615384615 | 0.017857142857142856
9, 79 | 0.36775384615384615 | 0.0
9, 71 | 0.36775384615384615 | 0.0
38, 114 | 0.5577846153846154 | 0.0595903165735568
38, 16 | 0.5218461538461538 | 0.06086956521739131
38, 111 | 0.5110153846153846 | 0.04205607476635514
38, 101 | 0.5041230769230769 | 0.029411764705882353
38, 95 | 0.4686769230769231 | 0.0
38, 14 | 0.43224615384615384 | 0.06716417910447761
38, 42 | 0.3928615384615385 | 0.09574468085106383
38, 45 | 0.3977846153846154 | 0.01639344262295082
38, 91 | 0.3830153846153846 | 0.0
38, 68 | 0.38006153846153845 | 0.0
38, 78 | 0.38006153846153845 | 0.0
38, 55 | 0.37661538461538463 | 0.014388489208633094
38, 60 | 0.37415384615384617 | 0.043478260869565216
38, 4 | 0.3633230769230769 | 0.02654867256637168
38, 70 | 0.36430769230769233 | 0.0
38, 79 | 0.36233846153846155 | 0.0
38, 71 | 0.36233846153846155 | 0.0
58, 11 | 0.571076923076923 | 0.06896551724137931
58, 99 | 0.5415384615384615 | 0.024390243902439025
58, 98 | 0.5356307692307692 | 0.0
58, 16 | 0.5139692307692307 | 0.0782608695652174
58, 111 | 0.5129846153846154 | 0.014018691588785047
58, 101 | 0.5001846153846153 | 0.029411764705882353
58, 43 | 0.47556923076923074 | 0.07238605898123325
58, 95 | 0.46473846153846154 | 0.0
58, 54 | 0.4430769230769231 | 0.0
58, 14 | 0.4352 | 0.014925373134328358
58, 41 | 0.42633846153846156 | 0.061068702290076333
58, 45 | 0.39384615384615385 | 0.01639344262295082
58, 64 | 0.37316923076923075 | 0.08
58, 68 | 0.37612307692307695 | 0.0
58, 78 | 0.37612307692307695 | 0.0
58, 55 | 0.37366153846153843 | 0.0
58, 60 | 0.37316923076923075 | 0.0
58, 80 | 0.36627692307692306 | 0.03125
58, 46 | 0.36430769230769233 | 0.024390243902439025
58, 70 | 0.3603692307692308 | 0.0
58, 79 | 0.3584 | 0.0
58, 71 | 0.3584 | 0.0
58, 40 | 0.35544615384615386 | 0.0
102, 11 | 0.5568 | 0.07931034482758621
102, 99 | 0.5361230769230769 | 0.0
102, 98 | 0.5243076923076923 | 0.0
102, 16 | 0.5016615384615385 | 0.08260869565217391
102, 111 | 0.5006769230769231 | 0.018691588785046728
102, 101 | 0.4947692307692308 | 0.0
102, 43 | 0.4657230769230769 | 0.064343163538874
102, 95 | 0.4534153846153846 | 0.0
102, 54 | 0.43175384615384615 | 0.0
102, 14 | 0.4228923076923077 | 0.022388059701492536
102, 41 | 0.4228923076923077 | 0.0
102, 45 | 0.384 | 0.0
102, 64 | 0.3648 | 0.04
102, 68 | 0.3648 | 0.0
102, 78 | 0.3648 | 0.0
102, 55 | 0.3569230769230769 | 0.07913669064748201
102, 60 | 0.3588923076923077 | 0.043478260869565216
102, 46 | 0.35446153846153844 | 0.0
102, 70 | 0.34707692307692306 | 0.03571428571428571
102, 79 | 0.34707692307692306 | 0.0
102, 71 | 0.34707692307692306 | 0.0
102, 40 | 0.3441230769230769 | 0.0
61, 99 | 0.5341538461538462 | 0.0
61, 98 | 0.5223384615384615 | 0.0
61, 107 | 0.4366769230769231 | 0.057692307692307696
61, 44 | 0.4278153846153846 | 0.08153078202995008
61, 54 | 0.4297846153846154 | 0.0
61, 41 | 0.4209230769230769 | 0.0
61, 15 | 0.41107692307692306 | 0.06923076923076923
61, 64 | 0.3657846153846154 | 0.0
61, 68 | 0.36283076923076923 | 0.0
61, 78 | 0.36283076923076923 | 0.0
61, 55 | 0.35593846153846154 | 0.06474820143884892
61, 60 | 0.3598769230769231 | 0.0
61, 46 | 0.3524923076923077 | 0.0
61, 40 | 0.34215384615384614 | 0.0
11, 48 | 0.4982153846153846 | 0.0
11, 119 | 0.38498461538461537 | 0.028846153846153848
11, 7 | 0.38006153846153845 | 0.07246376811594203
11, 31 | 0.3564307692307692 | 0.0
11, 32 | 0.3564307692307692 | 0.0
11, 55 | 0.35396923076923076 | 0.0
66, 99 | 0.5257846153846154 | 0.0
66, 98 | 0.5139692307692307 | 0.0
66, 107 | 0.42830769230769233 | 0.057692307692307696
66, 44 | 0.4256 | 0.03993344425956739
66, 54 | 0.42141538461538464 | 0.0
66, 41 | 0.41255384615384616 | 0.0
66, 15 | 0.4027076923076923 | 0.06923076923076923
66, 64 | 0.35741538461538463 | 0.0
66, 68 | 0.35446153846153844 | 0.0
66, 78 | 0.35446153846153844 | 0.0
66, 55 | 0.352 | 0.0
66, 60 | 0.3515076923076923 | 0.0
66, 46 | 0.3441230769230769 | 0.0
66, 40 | 0.3337846153846154 | 0.0
13, 16 | 0.5075692307692308 | 0.0
13, 101 | 0.48196923076923076 | 0.0
13, 17 | 0.4657230769230769 | 0.0
13, 95 | 0.44061538461538463 | 0.0
13, 14 | 0.41304615384615384 | 0.0
13, 15 | 0.4091076923076923 | 0.0
13, 42 | 0.3721846153846154 | 0.015957446808510637
13, 45 | 0.3633230769230769 | 0.08743169398907104
13, 55 | 0.3480615384615385 | 0.02158273381294964
13, 80 | 0.33821538461538464 | 0.09375
13, 70 | 0.3342769230769231 | 0.03571428571428571
13, 79 | 0.3342769230769231 | 0.0
13, 71 | 0.3342769230769231 | 0.0
29, 99 | 0.5080615384615385 | 0.0
29, 98 | 0.49624615384615384 | 0.0
29, 37 | 0.4273230769230769 | 0.0
29, 44 | 0.40196923076923075 | 0.07986688851913477
29, 54 | 0.4036923076923077 | 0.0
29, 41 | 0.3948307692307692 | 0.0
29, 15 | 0.38203076923076923 | 0.09230769230769231
29, 91 | 0.3396923076923077 | 0.0
29, 68 | 0.33673846153846154 | 0.0
29, 78 | 0.33673846153846154 | 0.0
29, 31 | 0.33673846153846154 | 0.0
29, 32 | 0.33673846153846154 | 0.0
29, 55 | 0.3342769230769231 | 0.0
29, 46 | 0.3264 | 0.0
29, 4 | 0.3214769230769231 | 0.0
29, 40 | 0.31606153846153845 | 0.0
114, 77 | 0.47704615384615384 | 0.07692307692307693
114, 69 | 0.47704615384615384 | 0.07692307692307693
114, 48 | 0.47704615384615384 | 0.0
114, 17 | 0.44898461538461537 | 0.0
114, 117 | 0.4051692307692308 | 0.0
114, 119 | 0.3667692307692308 | 0.0
114, 68 | 0.33526153846153844 | 0.0
114, 78 | 0.33526153846153844 | 0.0
114, 31 | 0.33526153846153844 | 0.0
114, 32 | 0.33526153846153844 | 0.0
114, 46 | 0.3249230769230769 | 0.0
99, 98 | 0.4726153846153846 | 0.0
99, 48 | 0.4548923076923077 | 0.0
99, 101 | 0.4430769230769231 | 0.0
99, 95 | 0.4017230769230769 | 0.0
99, 117 | 0.3771076923076923 | 0.04195804195804196
99, 119 | 0.3387076923076923 | 0.057692307692307696
99, 7 | 0.3426461538461538 | 0.014492753623188406
99, 91 | 0.31606153846153845 | 0.0
99, 31 | 0.3131076923076923 | 0.0
99, 32 | 0.3131076923076923 | 0.0
99, 80 | 0.30523076923076925 | 0.0
99, 70 | 0.29735384615384614 | 0.0
99, 79 | 0.2953846153846154 | 0.0
99, 71 | 0.2953846153846154 | 0.0
98, 48 | 0.4430769230769231 | 0.0
98, 101 | 0.4312615384615385 | 0.0
98, 95 | 0.3899076923076923 | 0.0
98, 117 | 0.3652923076923077 | 0.04195804195804196
98, 119 | 0.3328 | 0.0
98, 7 | 0.3323076923076923 | 0.0
98, 91 | 0.30424615384615383 | 0.0
98, 31 | 0.3012923076923077 | 0.0
98, 32 | 0.3012923076923077 | 0.0
98, 80 | 0.29341538461538463 | 0.0
98, 70 | 0.2855384615384615 | 0.0
98, 79 | 0.2835692307692308 | 0.0
98, 71 | 0.2835692307692308 | 0.0
77, 37 | 0.39187692307692307 | 0.0
77, 107 | 0.384 | 0.0
77, 54 | 0.36824615384615383 | 0.0
77, 15 | 0.3584 | 0.0
77, 64 | 0.30424615384615383 | 0.0
77, 91 | 0.30424615384615383 | 0.0
77, 78 | 0.3012923076923077 | 0.0
77, 55 | 0.29883076923076923 | 0.0
77, 60 | 0.29833846153846155 | 0.0
77, 80 | 0.29341538461538463 | 0.0
77, 4 | 0.28603076923076926 | 0.0
77, 79 | 0.2835692307692308 | 0.0
77, 40 | 0.2806153846153846 | 0.0
69, 37 | 0.39187692307692307 | 0.0
69, 107 | 0.384 | 0.0
69, 54 | 0.36824615384615383 | 0.0
69, 15 | 0.3584 | 0.0
69, 64 | 0.30424615384615383 | 0.0
69, 91 | 0.30424615384615383 | 0.0
69, 68 | 0.3012923076923077 | 0.0
69, 55 | 0.29883076923076923 | 0.0
69, 60 | 0.29833846153846155 | 0.0
69, 4 | 0.28603076923076926 | 0.0
69, 70 | 0.2855384615384615 | 0.0
69, 71 | 0.2835692307692308 | 0.0
69, 40 | 0.2806153846153846 | 0.0
16, 48 | 0.43913846153846153 | 0.0
16, 17 | 0.41107692307692306 | 0.0
16, 14 | 0.3584 | 0.0
16, 15 | 0.35446153846153844 | 0.0
16, 119 | 0.3288615384615385 | 0.0
16, 7 | 0.32246153846153847 | 0.057971014492753624
16, 31 | 0.29735384615384614 | 0.0
16, 32 | 0.29735384615384614 | 0.0
16, 55 | 0.2948923076923077 | 0.0
48, 111 | 0.42338461538461536 | 0.0
48, 101 | 0.4135384615384615 | 0.0
48, 43 | 0.3963076923076923 | 0.0
48, 37 | 0.37415384615384617 | 0.0
48, 95 | 0.3721846153846154 | 0.0
48, 107 | 0.36627692307692306 | 0.0
48, 44 | 0.3606153846153846 | 0.0
48, 54 | 0.35052307692307694 | 0.0
48, 14 | 0.3446153846153846 | 0.0
48, 41 | 0.34166153846153846 | 0.0
48, 15 | 0.3406769230769231 | 0.0
48, 42 | 0.30523076923076925 | 0.0
48, 45 | 0.3027692307692308 | 0.0
48, 64 | 0.28652307692307694 | 0.0
48, 91 | 0.28652307692307694 | 0.0
48, 68 | 0.2835692307692308 | 0.0
48, 78 | 0.2835692307692308 | 0.0
48, 55 | 0.2811076923076923 | 0.0
48, 60 | 0.2806153846153846 | 0.0
48, 80 | 0.2756923076923077 | 0.0
48, 46 | 0.2732307692307692 | 0.0
48, 4 | 0.2683076923076923 | 0.0
48, 70 | 0.2678153846153846 | 0.0
48, 79 | 0.26584615384615384 | 0.0
48, 71 | 0.26584615384615384 | 0.0
48, 40 | 0.2628923076923077 | 0.0
111, 37 | 0.3721846153846154 | 0.0
111, 107 | 0.36430769230769233 | 0.0
111, 54 | 0.3426461538461538 | 0.04285714285714286
111, 15 | 0.3377230769230769 | 0.007692307692307693
111, 119 | 0.3131076923076923 | 0.0
111, 7 | 0.31212307692307695 | 0.004830917874396135
111, 64 | 0.2816 | 0.04
111, 91 | 0.2806153846153846 | 0.05333333333333334
111, 31 | 0.2816 | 0.0
111, 32 | 0.2816 | 0.0
111, 55 | 0.27913846153846156 | 0.0
111, 60 | 0.2786461538461538 | 0.0
111, 4 | 0.26584615384615384 | 0.008849557522123894
111, 40 | 0.2594461538461538 | 0.029411764705882353
101, 17 | 0.38547692307692305 | 0.0
101, 37 | 0.36233846153846155 | 0.0
101, 44 | 0.3355076923076923 | 0.08985024958402663
101, 54 | 0.3387076923076923 | 0.0
101, 41 | 0.32984615384615384 | 0.0
101, 119 | 0.30326153846153847 | 0.0
101, 7 | 0.3027692307692308 | 0.0
101, 91 | 0.2747076923076923 | 0.0
101, 68 | 0.2717538461538462 | 0.0
101, 78 | 0.2717538461538462 | 0.0
101, 31 | 0.2717538461538462 | 0.0
101, 32 | 0.2717538461538462 | 0.0
101, 55 | 0.2692923076923077 | 0.0
101, 46 | 0.25993846153846156 | 0.024390243902439025
101, 4 | 0.2564923076923077 | 0.0
101, 40 | 0.2510769230769231 | 0.0
17, 43 | 0.35052307692307694 | 0.09651474530831099
17, 37 | 0.3460923076923077 | 0.0
17, 95 | 0.3441230769230769 | 0.0
17, 107 | 0.33821538461538464 | 0.0
17, 54 | 0.32246153846153847 | 0.0
17, 14 | 0.31655384615384613 | 0.0
17, 15 | 0.31261538461538463 | 0.0
17, 42 | 0.2771692307692308 | 0.0
17, 45 | 0.2747076923076923 | 0.0
17, 64 | 0.25846153846153846 | 0.0
17, 91 | 0.25255384615384613 | 0.08
17, 55 | 0.25156923076923077 | 0.02158273381294964
17, 60 | 0.25255384615384613 | 0.0
17, 80 | 0.24763076923076924 | 0.0
17, 4 | 0.24024615384615386 | 0.0
17, 70 | 0.23975384615384615 | 0.0
17, 79 | 0.23778461538461537 | 0.0
17, 71 | 0.23778461538461537 | 0.0
17, 40 | 0.23483076923076923 | 0.0
43, 44 | 0.3315692307692308 | 0.0
43, 41 | 0.31261538461538463 | 0.0
43, 119 | 0.28603076923076926 | 0.0
43, 7 | 0.2816 | 0.03864734299516908
43, 42 | 0.27618461538461536 | 0.0
43, 45 | 0.2737230769230769 | 0.0
43, 31 | 0.2545230769230769 | 0.0
43, 32 | 0.2545230769230769 | 0.0
43, 55 | 0.25206153846153845 | 0.0
43, 46 | 0.2441846153846154 | 0.0
43, 4 | 0.2353230769230769 | 0.07079646017699115
43, 40 | 0.23384615384615384 | 0.0
37, 95 | 0.32098461538461537 | 0.0
37, 117 | 0.30227692307692305 | 0.0
37, 14 | 0.28652307692307694 | 0.05223880597014925
37, 119 | 0.256 | 0.07692307692307693
37, 68 | 0.23236923076923077 | 0.0
37, 78 | 0.23236923076923077 | 0.0
37, 31 | 0.23236923076923077 | 0.0
37, 32 | 0.23236923076923077 | 0.0
37, 55 | 0.22892307692307692 | 0.014388489208633094
37, 80 | 0.21858461538461538 | 0.09375
37, 46 | 0.21907692307692309 | 0.04878048780487805
37, 70 | 0.21661538461538463 | 0.0
37, 79 | 0.21464615384615385 | 0.0
37, 71 | 0.21464615384615385 | 0.0
95, 107 | 0.3131076923076923 | 0.0
95, 44 | 0.30744615384615387 | 0.0
95, 54 | 0.29735384615384614 | 0.0
95, 41 | 0.2884923076923077 | 0.0
95, 15 | 0.2875076923076923 | 0.0
95, 119 | 0.2619076923076923 | 0.0
95, 7 | 0.2614153846153846 | 0.0
95, 64 | 0.23335384615384616 | 0.0
95, 91 | 0.23335384615384616 | 0.0
95, 68 | 0.2304 | 0.0
95, 78 | 0.2304 | 0.0
95, 31 | 0.2304 | 0.0
95, 32 | 0.2304 | 0.0
95, 55 | 0.22793846153846153 | 0.0
95, 60 | 0.22744615384615385 | 0.0
95, 46 | 0.22006153846153848 | 0.0
95, 4 | 0.21513846153846153 | 0.0
95, 40 | 0.20972307692307693 | 0.0
107, 117 | 0.2884923076923077 | 0.04195804195804196
107, 119 | 0.256 | 0.0
107, 7 | 0.2496 | 0.057971014492753624
107, 68 | 0.22449230769230769 | 0.0
107, 78 | 0.22449230769230769 | 0.0
107, 31 | 0.22449230769230769 | 0.0
107, 32 | 0.22449230769230769 | 0.0
107, 80 | 0.21661538461538463 | 0.0
107, 46 | 0.2112 | 0.04878048780487805
107, 70 | 0.20873846153846154 | 0.0
107, 79 | 0.20676923076923076 | 0.0
107, 71 | 0.20676923076923076 | 0.0
44, 117 | 0.2798769230769231 | 0.06293706293706294
44, 54 | 0.2779076923076923 | 0.05714285714285714
44, 41 | 0.27692307692307694 | 0.0
44, 119 | 0.24295384615384616 | 0.07211538461538461
44, 42 | 0.2404923076923077 | 0.0
44, 45 | 0.23803076923076924 | 0.0
44, 31 | 0.21883076923076922 | 0.0
44, 32 | 0.21883076923076922 | 0.0
44, 46 | 0.2084923076923077 | 0.0
44, 70 | 0.20110769230769232 | 0.03571428571428571
44, 79 | 0.20110769230769232 | 0.0
44, 71 | 0.20110769230769232 | 0.0
44, 40 | 0.19815384615384615 | 0.0
117, 54 | 0.2786461538461538 | 0.0
117, 41 | 0.26584615384615384 | 0.030534351145038167
117, 15 | 0.2688 | 0.0
117, 119 | 0.2432 | 0.0
117, 64 | 0.21464615384615385 | 0.0
117, 91 | 0.20972307692307693 | 0.06666666666666667
117, 68 | 0.21169230769230768 | 0.0
117, 78 | 0.21169230769230768 | 0.0
117, 55 | 0.20923076923076922 | 0.0
117, 60 | 0.20873846153846154 | 0.0
117, 46 | 0.20135384615384616 | 0.0
117, 4 | 0.19618461538461537 | 0.004424778761061947
117, 40 | 0.19101538461538461 | 0.0
54, 14 | 0.2697846153846154 | 0.0
54, 119 | 0.24024615384615386 | 0.0
54, 7 | 0.23975384615384615 | 0.0
54, 42 | 0.22744615384615385 | 0.031914893617021274
54, 91 | 0.21169230769230768 | 0.0
54, 68 | 0.20873846153846154 | 0.0
54, 78 | 0.20873846153846154 | 0.0
54, 31 | 0.20873846153846154 | 0.0
54, 32 | 0.20873846153846154 | 0.0
54, 55 | 0.20627692307692308 | 0.0
54, 80 | 0.20086153846153845 | 0.0
54, 46 | 0.1984 | 0.0
54, 4 | 0.19347692307692307 | 0.0
54, 70 | 0.1929846153846154 | 0.0
54, 79 | 0.19101538461538461 | 0.0
54, 71 | 0.19101538461538461 | 0.0
14, 15 | 0.25993846153846156 | 0.0
14, 119 | 0.23335384615384616 | 0.009615384615384616
14, 7 | 0.23310769230769232 | 0.007246376811594203
14, 64 | 0.20578461538461537 | 0.0
14, 91 | 0.20578461538461537 | 0.0
14, 68 | 0.20283076923076923 | 0.0
14, 78 | 0.20283076923076923 | 0.0
14, 31 | 0.20283076923076923 | 0.0
14, 32 | 0.20283076923076923 | 0.0
14, 60 | 0.19987692307692306 | 0.0
14, 46 | 0.19249230769230768 | 0.0
41, 119 | 0.2235076923076923 | 0.07692307692307693
41, 7 | 0.22892307692307692 | 0.01932367149758454
41, 42 | 0.22153846153846155 | 0.0
41, 45 | 0.21907692307692309 | 0.0
41, 91 | 0.20283076923076923 | 0.0
41, 31 | 0.19987692307692306 | 0.0
41, 32 | 0.19987692307692306 | 0.0
41, 80 | 0.192 | 0.0
41, 46 | 0.18953846153846154 | 0.0
41, 70 | 0.18412307692307692 | 0.0
41, 79 | 0.18215384615384617 | 0.0
41, 71 | 0.18215384615384617 | 0.0
41, 40 | 0.1792 | 0.0
15, 119 | 0.2294153846153846 | 0.009615384615384616
15, 7 | 0.22375384615384616 | 0.06038647342995169
15, 68 | 0.1988923076923077 | 0.0
15, 78 | 0.1988923076923077 | 0.0
15, 31 | 0.1988923076923077 | 0.0
15, 32 | 0.1988923076923077 | 0.0
15, 80 | 0.19101538461538461 | 0.0
15, 46 | 0.1860923076923077 | 0.04065040650406504
15, 70 | 0.18313846153846153 | 0.0
15, 79 | 0.18116923076923078 | 0.0
15, 71 | 0.18116923076923078 | 0.0
119, 42 | 0.19495384615384614 | 0.0
119, 45 | 0.19249230769230768 | 0.0
119, 64 | 0.1732923076923077 | 0.04
119, 91 | 0.17624615384615386 | 0.0
119, 68 | 0.1732923076923077 | 0.0
119, 78 | 0.1732923076923077 | 0.0
119, 55 | 0.16984615384615384 | 0.014388489208633094
119, 60 | 0.16738461538461538 | 0.043478260869565216
119, 80 | 0.1595076923076923 | 0.09375
119, 46 | 0.16295384615384614 | 0.0
119, 70 | 0.15753846153846154 | 0.0
119, 79 | 0.15556923076923077 | 0.0
119, 71 | 0.15556923076923077 | 0.0
119, 40 | 0.15261538461538462 | 0.0
7, 42 | 0.19052307692307693 | 0.0425531914893617
7, 45 | 0.192 | 0.0
7, 64 | 0.17476923076923076 | 0.013333333333333334
7, 68 | 0.1728 | 0.0
7, 78 | 0.1728 | 0.0
7, 55 | 0.1686153846153846 | 0.025179856115107913
7, 60 | 0.16886153846153845 | 0.014492753623188406
7, 80 | 0.16196923076923078 | 0.046875
7, 46 | 0.16246153846153846 | 0.0
7, 4 | 0.15753846153846154 | 0.0
7, 70 | 0.15655384615384615 | 0.008928571428571428
7, 79 | 0.15507692307692308 | 0.0
7, 71 | 0.15507692307692308 | 0.0
7, 40 | 0.15212307692307692 | 0.0
42, 45 | 0.18264615384615385 | 0.0
42, 64 | 0.1664 | 0.0
42, 68 | 0.16344615384615385 | 0.0
42, 78 | 0.16344615384615385 | 0.0
42, 31 | 0.16344615384615385 | 0.0
42, 32 | 0.16344615384615385 | 0.0
42, 60 | 0.16049230769230768 | 0.0
42, 46 | 0.1531076923076923 | 0.0
42, 40 | 0.14276923076923076 | 0.0
45, 91 | 0.16393846153846153 | 0.0
45, 68 | 0.1609846153846154 | 0.0
45, 78 | 0.1609846153846154 | 0.0
45, 31 | 0.1609846153846154 | 0.0
45, 32 | 0.1609846153846154 | 0.0
45, 55 | 0.15852307692307693 | 0.0
45, 46 | 0.15064615384615385 | 0.0
45, 4 | 0.14572307692307693 | 0.0
45, 40 | 0.1403076923076923 | 0.0
64, 91 | 0.1476923076923077 | 0.0
64, 68 | 0.14473846153846154 | 0.0
64, 78 | 0.14473846153846154 | 0.0
64, 31 | 0.14473846153846154 | 0.0
64, 32 | 0.14473846153846154 | 0.0
64, 55 | 0.14227692307692308 | 0.0
64, 80 | 0.1339076923076923 | 0.046875
64, 46 | 0.13292307692307692 | 0.024390243902439025
64, 4 | 0.12947692307692307 | 0.0
64, 70 | 0.1289846153846154 | 0.0
64, 79 | 0.1270153846153846 | 0.0
64, 71 | 0.1270153846153846 | 0.0
91, 68 | 0.14473846153846154 | 0.0
91, 78 | 0.14473846153846154 | 0.0
91, 31 | 0.14473846153846154 | 0.0
91, 32 | 0.14473846153846154 | 0.0
91, 55 | 0.14227692307692308 | 0.0
91, 60 | 0.1417846153846154 | 0.0
91, 80 | 0.1348923076923077 | 0.03125
91, 46 | 0.1344 | 0.0
91, 70 | 0.1270153846153846 | 0.03571428571428571
91, 79 | 0.1270153846153846 | 0.0
91, 71 | 0.1270153846153846 | 0.0
91, 40 | 0.12406153846153846 | 0.0
68, 31 | 0.1417846153846154 | 0.0
68, 32 | 0.1417846153846154 | 0.0
68, 55 | 0.1393230769230769 | 0.0
68, 60 | 0.13883076923076923 | 0.0
68, 80 | 0.1339076923076923 | 0.0
68, 4 | 0.12652307692307693 | 0.0
68, 70 | 0.12603076923076922 | 0.0
68, 79 | 0.12406153846153846 | 0.0
68, 71 | 0.12406153846153846 | 0.0
68, 40 | 0.1211076923076923 | 0.0
78, 31 | 0.1417846153846154 | 0.0
78, 32 | 0.1417846153846154 | 0.0
78, 55 | 0.1393230769230769 | 0.0
78, 60 | 0.13883076923076923 | 0.0
78, 80 | 0.1339076923076923 | 0.0
78, 4 | 0.12652307692307693 | 0.0
78, 70 | 0.12603076923076922 | 0.0
78, 79 | 0.12406153846153846 | 0.0
78, 71 | 0.12406153846153846 | 0.0
78, 40 | 0.1211076923076923 | 0.0
31, 32 | 0.1417846153846154 | 0.0
31, 55 | 0.1393230769230769 | 0.0
31, 60 | 0.13883076923076923 | 0.0
31, 80 | 0.1339076923076923 | 0.0
31, 46 | 0.13144615384615385 | 0.0
31, 4 | 0.12652307692307693 | 0.0
31, 70 | 0.12603076923076922 | 0.0
31, 79 | 0.12406153846153846 | 0.0
31, 71 | 0.12406153846153846 | 0.0
31, 40 | 0.1211076923076923 | 0.0
32, 55 | 0.1393230769230769 | 0.0
32, 60 | 0.13883076923076923 | 0.0
32, 80 | 0.1339076923076923 | 0.0
32, 46 | 0.13144615384615385 | 0.0
32, 4 | 0.12652307692307693 | 0.0
32, 70 | 0.12603076923076922 | 0.0
32, 79 | 0.12406153846153846 | 0.0
32, 71 | 0.12406153846153846 | 0.0
32, 40 | 0.1211076923076923 | 0.0
55, 60 | 0.13636923076923077 | 0.0
55, 80 | 0.13144615384615385 | 0.0
55, 46 | 0.1289846153846154 | 0.0
55, 70 | 0.12356923076923076 | 0.0
55, 79 | 0.1216 | 0.0
55, 71 | 0.1216 | 0.0
60, 80 | 0.128 | 0.046875
60, 46 | 0.12849230769230768 | 0.0
60, 4 | 0.12356923076923076 | 0.0
60, 70 | 0.12307692307692308 | 0.0
60, 79 | 0.1211076923076923 | 0.0
60, 71 | 0.1211076923076923 | 0.0
80, 46 | 0.12356923076923076 | 0.0
80, 4 | 0.11766153846153846 | 0.017699115044247787
80, 79 | 0.11618461538461539 | 0.0
80, 40 | 0.11323076923076923 | 0.0
46, 4 | 0.11618461538461539 | 0.0
46, 70 | 0.11569230769230769 | 0.0
46, 79 | 0.11372307692307693 | 0.0
46, 71 | 0.11372307692307693 | 0.0
46, 40 | 0.11076923076923077 | 0.0
4, 70 | 0.11027692307692308 | 0.008928571428571428
4, 79 | 0.1088 | 0.0
4, 71 | 0.1088 | 0.0
70, 71 | 0.10830769230769231 | 0.0
70, 40 | 0.10535384615384616 | 0.0
79, 40 | 0.10338461538461538 | 0.0
71, 40 | 0.10338461538461538 | 0.0
