28, 31, 32, 55, 70, 71 | 0.7497846153846154 | 0.0
23, 37, 31, 32, 80, 79 | 0.8162461538461538 | 0.0
23, 37, 31, 32, 70, 71 | 0.8142769230769231 | 0.0
116, 117, 54, 119, 91, 55 | 0.8994461538461539 | 0.07913669064748201
116, 117, 119, 91, 55, 60 | 0.8265846153846154 | 0.043478260869565216
38, 78, 55, 60, 70, 71 | 0.6208 | 0.0
38, 78, 60, 4, 70, 71 | 0.6070153846153846 | 0.0
38, 68, 55, 60, 70, 71 | 0.6208 | 0.0
38, 68, 60, 4, 70, 71 | 0.6070153846153846 | 0.0
38, 91, 68, 60, 70, 71 | 0.6252307692307693 | 0.0
38, 91, 68, 55, 60, 70 | 0.6395076923076923 | 0.03571428571428571
38, 91, 68, 55, 60, 79 | 0.6395076923076923 | 0.0
38, 91, 68, 55, 60, 71 | 0.6395076923076923 | 0.0
38, 91, 68, 55, 70, 71 | 0.6276923076923077 | 0.0
38, 91, 78, 60, 70, 71 | 0.6252307692307693 | 0.0
38, 91, 78, 55, 60, 70 | 0.6395076923076923 | 0.03571428571428571
38, 91, 78, 55, 60, 79 | 0.6395076923076923 | 0.0
38, 91, 78, 55, 60, 71 | 0.6395076923076923 | 0.0
38, 91, 78, 55, 70, 71 | 0.6276923076923077 | 0.0
38, 91, 55, 60, 70, 71 | 0.6217846153846154 | 0.0
38, 95, 91, 78, 55, 60 | 0.7458461538461538 | 0.043478260869565216
38, 95, 91, 68, 55, 60 | 0.7458461538461538 | 0.043478260869565216
58, 55, 60, 46, 70, 71 | 0.6089846153846153 | 0.0
58, 55, 60, 80, 46, 79 | 0.6119384615384615 | 0.0
58, 78, 55, 60, 80, 79 | 0.6237538461538461 | 0.0
58, 78, 55, 60, 70, 71 | 0.6208 | 0.0
58, 68, 55, 60, 80, 79 | 0.6237538461538461 | 0.0
58, 68, 55, 60, 70, 71 | 0.6208 | 0.0
58, 64, 68, 55, 80, 79 | 0.6237538461538461 | 0.0
58, 64, 68, 55, 70, 71 | 0.6208 | 0.0
58, 64, 78, 55, 80, 79 | 0.6237538461538461 | 0.0
58, 64, 78, 55, 70, 71 | 0.6208 | 0.0
58, 64, 55, 46, 70, 71 | 0.6089846153846153 | 0.0
58, 64, 55, 80, 46, 79 | 0.6119384615384615 | 0.0
58, 41, 80, 46, 79, 40 | 0.6498461538461539 | 0.0
58, 41, 46, 70, 71, 40 | 0.6439384615384616 | 0.0
58, 54, 68, 55, 80, 79 | 0.6966153846153846 | 0.0
58, 54, 68, 55, 70, 71 | 0.6907076923076924 | 0.0
58, 54, 78, 55, 80, 79 | 0.6966153846153846 | 0.0
58, 54, 78, 55, 70, 71 | 0.6907076923076924 | 0.0
58, 54, 55, 46, 70, 71 | 0.6788923076923077 | 0.0
58, 54, 55, 80, 46, 79 | 0.6848 | 0.0
58, 43, 41, 45, 46, 40 | 0.7945846153846153 | 0.0
102, 55, 60, 46, 70, 71 | 0.5888 | 0.0
102, 78, 55, 60, 70, 71 | 0.5991384615384615 | 0.0
102, 68, 55, 60, 70, 71 | 0.5991384615384615 | 0.0
102, 64, 68, 55, 70, 71 | 0.6050461538461539 | 0.0
102, 64, 78, 55, 70, 71 | 0.6050461538461539 | 0.0
102, 64, 55, 46, 70, 71 | 0.5932307692307692 | 0.0
102, 41, 46, 70, 71, 40 | 0.64 | 0.0
102, 54, 68, 55, 70, 71 | 0.672 | 0.0
102, 54, 78, 55, 70, 71 | 0.672 | 0.0
102, 54, 55, 46, 70, 71 | 0.6616615384615384 | 0.0
102, 43, 41, 45, 46, 40 | 0.7955692307692308 | 0.0
29, 91, 68, 31, 32, 55 | 0.6208 | 0.0
29, 91, 68, 31, 32, 40 | 0.6025846153846154 | 0.0
29, 91, 78, 31, 32, 55 | 0.6208 | 0.0
29, 91, 78, 31, 32, 40 | 0.6025846153846154 | 0.0
29, 91, 31, 32, 55, 46 | 0.6104615384615385 | 0.0
29, 91, 31, 32, 46, 40 | 0.5922461538461539 | 0.0
29, 41, 91, 32, 46, 40 | 0.6503384615384615 | 0.0
29, 41, 91, 31, 32, 46 | 0.6710153846153846 | 0.0
29, 41, 91, 31, 32, 40 | 0.660676923076923 | 0.0
29, 41, 91, 31, 46, 40 | 0.6503384615384615 | 0.0
29, 41, 31, 32, 46, 40 | 0.6473846153846153 | 0.0
29, 54, 91, 32, 55, 46 | 0.6774153846153846 | 0.0
29, 54, 91, 31, 32, 55 | 0.6877538461538462 | 0.0
29, 54, 91, 31, 32, 46 | 0.679876923076923 | 0.0
29, 54, 91, 31, 55, 46 | 0.6774153846153846 | 0.0
29, 54, 91, 78, 31, 32 | 0.6902153846153846 | 0.0
29, 54, 91, 78, 31, 55 | 0.6877538461538462 | 0.0
29, 54, 91, 78, 32, 55 | 0.6877538461538462 | 0.0
29, 54, 91, 68, 31, 32 | 0.6902153846153846 | 0.0
29, 54, 91, 68, 31, 55 | 0.6877538461538462 | 0.0
29, 54, 91, 68, 32, 55 | 0.6877538461538462 | 0.0
29, 54, 68, 31, 32, 55 | 0.6848 | 0.0
29, 54, 68, 31, 32, 4 | 0.672 | 0.0
29, 54, 78, 31, 32, 55 | 0.6848 | 0.0
29, 54, 78, 31, 32, 4 | 0.672 | 0.0
29, 54, 31, 32, 55, 46 | 0.6744615384615384 | 0.0
29, 54, 31, 32, 46, 4 | 0.6616615384615384 | 0.0
29, 44, 54, 31, 32, 46 | 0.734276923076923 | 0.0
29, 44, 41, 32, 46, 40 | 0.7126153846153847 | 0.0
29, 44, 41, 31, 32, 46 | 0.7332923076923077 | 0.0
29, 44, 41, 31, 32, 40 | 0.7229538461538462 | 0.0
29, 44, 41, 31, 46, 40 | 0.7126153846153847 | 0.0
29, 44, 31, 32, 46, 40 | 0.6545230769230769 | 0.0
29, 37, 68, 31, 32, 55 | 0.7074461538461538 | 0.014388489208633094
29, 37, 78, 31, 32, 55 | 0.7074461538461538 | 0.014388489208633094
29, 37, 31, 32, 55, 46 | 0.6941538461538461 | 0.04878048780487805
29, 99, 98, 91, 31, 32 | 0.9540923076923077 | 0.0
99, 91, 31, 32, 80, 79 | 0.5720615384615385 | 0.0
99, 91, 31, 32, 70, 71 | 0.5641846153846154 | 0.0
99, 98, 48, 91, 80, 79 | 0.8733538461538461 | 0.0
99, 98, 48, 91, 70, 71 | 0.865476923076923 | 0.0
99, 98, 101, 91, 31, 32 | 0.8891076923076923 | 0.0
99, 98, 95, 91, 31, 32 | 0.8477538461538462 | 0.0
99, 98, 119, 91, 70, 71 | 0.7492923076923077 | 0.0
99, 98, 91, 32, 80, 79 | 0.7315692307692307 | 0.0
99, 98, 91, 32, 70, 71 | 0.7236923076923077 | 0.0
99, 98, 91, 31, 32, 80 | 0.7492923076923077 | 0.03125
99, 98, 91, 31, 32, 70 | 0.7414153846153846 | 0.03571428571428571
99, 98, 91, 31, 32, 79 | 0.7414153846153846 | 0.0
99, 98, 91, 31, 32, 71 | 0.7414153846153846 | 0.0
99, 98, 91, 31, 80, 79 | 0.7315692307692307 | 0.0
99, 98, 91, 31, 70, 71 | 0.7236923076923077 | 0.0
99, 98, 31, 32, 80, 79 | 0.7305846153846154 | 0.0
99, 98, 31, 32, 70, 71 | 0.7227076923076923 | 0.0
98, 91, 31, 32, 80, 79 | 0.5602461538461538 | 0.0
98, 91, 31, 32, 70, 71 | 0.5523692307692307 | 0.0
77, 78, 55, 60, 80, 79 | 0.5508923076923077 | 0.0
77, 78, 60, 80, 4, 79 | 0.5371076923076923 | 0.0
77, 91, 78, 80, 79, 40 | 0.5395692307692308 | 0.0
77, 91, 78, 60, 80, 79 | 0.5543384615384616 | 0.0
77, 91, 78, 55, 60, 80 | 0.5696 | 0.078125
77, 91, 78, 55, 60, 79 | 0.5646769230769231 | 0.0
77, 91, 78, 55, 80, 79 | 0.5577846153846154 | 0.0
77, 91, 55, 60, 80, 79 | 0.551876923076923 | 0.0
77, 64, 91, 55, 80, 79 | 0.5577846153846154 | 0.0
77, 64, 91, 78, 55, 80 | 0.5755076923076923 | 0.078125
77, 64, 91, 78, 55, 79 | 0.5705846153846154 | 0.0
77, 64, 91, 78, 80, 79 | 0.5602461538461538 | 0.0
77, 64, 78, 80, 4, 79 | 0.5430153846153846 | 0.0
77, 64, 78, 55, 80, 79 | 0.5568 | 0.0
77, 54, 91, 55, 80, 79 | 0.6247384615384616 | 0.0
77, 54, 91, 78, 55, 80 | 0.6424615384615384 | 0.03125
77, 54, 91, 78, 55, 79 | 0.6345846153846154 | 0.0
77, 54, 91, 78, 80, 79 | 0.6272 | 0.0
77, 54, 78, 80, 4, 79 | 0.6099692307692308 | 0.0
77, 54, 78, 55, 80, 79 | 0.6237538461538461 | 0.0
77, 37, 78, 55, 80, 79 | 0.6404923076923077 | 0.0
69, 68, 55, 60, 70, 71 | 0.5459692307692308 | 0.0
69, 68, 60, 4, 70, 71 | 0.532676923076923 | 0.0
69, 91, 68, 70, 71, 40 | 0.5316923076923077 | 0.0
69, 91, 68, 60, 70, 71 | 0.5494153846153846 | 0.0
69, 91, 68, 55, 60, 70 | 0.5646769230769231 | 0.03571428571428571
69, 91, 68, 55, 60, 71 | 0.5646769230769231 | 0.0
69, 91, 68, 55, 70, 71 | 0.5499076923076923 | 0.0
69, 91, 55, 60, 70, 71 | 0.5469538461538461 | 0.0
69, 64, 91, 55, 70, 71 | 0.5528615384615385 | 0.0
69, 64, 91, 68, 55, 70 | 0.5705846153846154 | 0.03571428571428571
69, 64, 91, 68, 55, 71 | 0.5705846153846154 | 0.0
69, 64, 91, 68, 70, 71 | 0.5553230769230769 | 0.0
69, 64, 68, 4, 70, 71 | 0.5385846153846154 | 0.0
69, 64, 68, 55, 70, 71 | 0.551876923076923 | 0.0
69, 54, 91, 55, 70, 71 | 0.6168615384615385 | 0.0
69, 54, 91, 68, 55, 70 | 0.6345846153846154 | 0.03571428571428571
69, 54, 91, 68, 55, 71 | 0.6345846153846154 | 0.0
69, 54, 91, 68, 70, 71 | 0.619323076923077 | 0.0
69, 54, 68, 4, 70, 71 | 0.6025846153846154 | 0.0
69, 54, 68, 55, 70, 71 | 0.6158769230769231 | 0.0
69, 37, 68, 55, 70, 71 | 0.638523076923077 | 0.0
48, 60, 80, 46, 4, 79 | 0.5090461538461538 | 0.0
48, 60, 46, 4, 70, 71 | 0.5046153846153846 | 0.0
48, 55, 60, 46, 70, 71 | 0.5179076923076923 | 0.0
48, 55, 60, 80, 46, 79 | 0.5228307692307692 | 0.0
48, 78, 55, 60, 80, 79 | 0.5331692307692307 | 0.0
48, 78, 55, 60, 70, 71 | 0.5282461538461538 | 0.0
48, 78, 60, 4, 70, 71 | 0.5149538461538462 | 0.0
48, 78, 60, 80, 4, 79 | 0.5193846153846153 | 0.0
48, 68, 55, 60, 80, 79 | 0.5331692307692307 | 0.0
48, 68, 55, 60, 70, 71 | 0.5282461538461538 | 0.0
48, 68, 60, 4, 70, 71 | 0.5149538461538462 | 0.0
48, 68, 60, 80, 4, 79 | 0.5193846153846153 | 0.0
48, 91, 68, 70, 71, 40 | 0.5139692307692307 | 0.0
48, 91, 68, 80, 79, 40 | 0.5218461538461538 | 0.0
48, 91, 68, 60, 80, 79 | 0.5366153846153846 | 0.0
48, 91, 68, 60, 70, 71 | 0.5316923076923077 | 0.0
48, 91, 68, 55, 60, 80 | 0.551876923076923 | 0.078125
48, 91, 68, 55, 60, 70 | 0.5469538461538461 | 0.03571428571428571
48, 91, 68, 55, 60, 79 | 0.5469538461538461 | 0.0
48, 91, 68, 55, 60, 71 | 0.5469538461538461 | 0.0
48, 91, 68, 55, 80, 79 | 0.5400615384615385 | 0.0
48, 91, 68, 55, 70, 71 | 0.5321846153846154 | 0.0
48, 91, 78, 70, 71, 40 | 0.5139692307692307 | 0.0
48, 91, 78, 80, 79, 40 | 0.5218461538461538 | 0.0
48, 91, 78, 60, 80, 79 | 0.5366153846153846 | 0.0
48, 91, 78, 60, 70, 71 | 0.5316923076923077 | 0.0
48, 91, 78, 55, 60, 80 | 0.551876923076923 | 0.078125
48, 91, 78, 55, 60, 70 | 0.5469538461538461 | 0.03571428571428571
48, 91, 78, 55, 60, 79 | 0.5469538461538461 | 0.0
48, 91, 78, 55, 60, 71 | 0.5469538461538461 | 0.0
48, 91, 78, 55, 80, 79 | 0.5400615384615385 | 0.0
48, 91, 78, 55, 70, 71 | 0.5321846153846154 | 0.0
48, 91, 55, 46, 70, 71 | 0.5218461538461538 | 0.0
48, 91, 55, 80, 46, 79 | 0.529723076923077 | 0.0
48, 91, 55, 60, 80, 46 | 0.5415384615384615 | 0.0
48, 91, 55, 60, 80, 79 | 0.5341538461538462 | 0.0
48, 91, 55, 60, 46, 70 | 0.5366153846153846 | 0.03571428571428571
48, 91, 55, 60, 46, 79 | 0.5366153846153846 | 0.0
48, 91, 55, 60, 46, 71 | 0.5366153846153846 | 0.0
48, 91, 55, 60, 70, 71 | 0.5292307692307693 | 0.0
48, 91, 60, 46, 70, 71 | 0.5213538461538462 | 0.0
48, 91, 60, 80, 46, 79 | 0.5262769230769231 | 0.0
48, 91, 80, 46, 79, 40 | 0.5115076923076923 | 0.0
48, 91, 46, 70, 71, 40 | 0.5036307692307692 | 0.0
48, 64, 91, 46, 70, 71 | 0.5257846153846154 | 0.0
48, 64, 91, 80, 46, 79 | 0.5307076923076923 | 0.0
48, 64, 91, 55, 80, 46 | 0.5459692307692308 | 0.024390243902439025
48, 64, 91, 55, 80, 79 | 0.5400615384615385 | 0.0
48, 64, 91, 55, 46, 70 | 0.5410461538461538 | 0.03571428571428571
48, 64, 91, 55, 46, 79 | 0.5410461538461538 | 0.0
48, 64, 91, 55, 46, 71 | 0.5410461538461538 | 0.0
48, 64, 91, 55, 70, 71 | 0.5351384615384616 | 0.0
48, 64, 91, 78, 55, 80 | 0.5577846153846154 | 0.078125
48, 64, 91, 78, 55, 70 | 0.5528615384615385 | 0.03571428571428571
48, 64, 91, 78, 55, 79 | 0.5528615384615385 | 0.0
48, 64, 91, 78, 55, 71 | 0.5528615384615385 | 0.0
48, 64, 91, 78, 80, 79 | 0.5425230769230769 | 0.0
48, 64, 91, 78, 70, 71 | 0.5376 | 0.0
48, 64, 91, 68, 55, 80 | 0.5577846153846154 | 0.078125
48, 64, 91, 68, 55, 70 | 0.5528615384615385 | 0.03571428571428571
48, 64, 91, 68, 55, 79 | 0.5528615384615385 | 0.0
48, 64, 91, 68, 55, 71 | 0.5528615384615385 | 0.0
48, 64, 91, 68, 80, 79 | 0.5425230769230769 | 0.0
48, 64, 91, 68, 70, 71 | 0.5376 | 0.0
48, 64, 68, 4, 70, 71 | 0.5208615384615385 | 0.0
48, 64, 68, 80, 4, 79 | 0.5252923076923077 | 0.0
48, 64, 68, 55, 80, 79 | 0.5390769230769231 | 0.0
48, 64, 68, 55, 70, 71 | 0.5341538461538462 | 0.0
48, 64, 78, 4, 70, 71 | 0.5208615384615385 | 0.0
48, 64, 78, 80, 4, 79 | 0.5252923076923077 | 0.0
48, 64, 78, 55, 80, 79 | 0.5390769230769231 | 0.0
48, 64, 78, 55, 70, 71 | 0.5341538461538462 | 0.0
48, 64, 55, 46, 70, 71 | 0.5223384615384615 | 0.0
48, 64, 55, 80, 46, 79 | 0.5272615384615384 | 0.0
48, 64, 80, 46, 4, 79 | 0.513476923076923 | 0.0
48, 64, 46, 4, 70, 71 | 0.5090461538461538 | 0.0
48, 41, 42, 45, 46, 40 | 0.6350769230769231 | 0.0
48, 41, 45, 91, 46, 40 | 0.6163692307692308 | 0.0
48, 41, 91, 70, 71, 40 | 0.5720615384615385 | 0.0
48, 41, 91, 46, 70, 71 | 0.5824 | 0.0
48, 41, 91, 46, 70, 40 | 0.5794461538461538 | 0.0
48, 41, 91, 46, 79, 40 | 0.5794461538461538 | 0.0
48, 41, 91, 46, 71, 40 | 0.5794461538461538 | 0.0
48, 41, 91, 80, 46, 79 | 0.590276923076923 | 0.0
48, 41, 91, 80, 46, 40 | 0.587323076923077 | 0.0
48, 41, 91, 80, 79, 40 | 0.5799384615384615 | 0.0
48, 41, 80, 46, 79, 40 | 0.5686153846153846 | 0.0
48, 41, 46, 70, 71, 40 | 0.5607384615384615 | 0.0
48, 54, 91, 46, 70, 71 | 0.5912615384615385 | 0.0
48, 54, 91, 80, 46, 79 | 0.5991384615384615 | 0.0
48, 54, 91, 55, 80, 46 | 0.6144 | 0.0
48, 54, 91, 55, 80, 79 | 0.6070153846153846 | 0.0
48, 54, 91, 55, 46, 70 | 0.6065230769230769 | 0.03571428571428571
48, 54, 91, 55, 46, 79 | 0.6065230769230769 | 0.0
48, 54, 91, 55, 46, 71 | 0.6065230769230769 | 0.0
48, 54, 91, 55, 70, 71 | 0.5991384615384615 | 0.0
48, 54, 91, 78, 55, 80 | 0.6247384615384616 | 0.03125
48, 54, 91, 78, 55, 70 | 0.6168615384615385 | 0.03571428571428571
48, 54, 91, 78, 55, 79 | 0.6168615384615385 | 0.0
48, 54, 91, 78, 55, 71 | 0.6168615384615385 | 0.0
48, 54, 91, 78, 80, 79 | 0.609476923076923 | 0.0
48, 54, 91, 78, 70, 71 | 0.6016 | 0.0
48, 54, 91, 68, 55, 80 | 0.6247384615384616 | 0.03125
48, 54, 91, 68, 55, 70 | 0.6168615384615385 | 0.03571428571428571
48, 54, 91, 68, 55, 79 | 0.6168615384615385 | 0.0
48, 54, 91, 68, 55, 71 | 0.6168615384615385 | 0.0
48, 54, 91, 68, 80, 79 | 0.609476923076923 | 0.0
48, 54, 91, 68, 70, 71 | 0.6016 | 0.0
48, 54, 68, 4, 70, 71 | 0.5848615384615384 | 0.0
48, 54, 68, 80, 4, 79 | 0.5922461538461539 | 0.0
48, 54, 68, 55, 80, 79 | 0.6060307692307693 | 0.0
48, 54, 68, 55, 70, 71 | 0.5981538461538461 | 0.0
48, 54, 78, 4, 70, 71 | 0.5848615384615384 | 0.0
48, 54, 78, 80, 4, 79 | 0.5922461538461539 | 0.0
48, 54, 78, 55, 80, 79 | 0.6060307692307693 | 0.0
48, 54, 78, 55, 70, 71 | 0.5981538461538461 | 0.0
48, 54, 55, 46, 70, 71 | 0.5878153846153846 | 0.0
48, 54, 55, 80, 46, 79 | 0.5956923076923077 | 0.0
48, 54, 80, 46, 4, 79 | 0.5819076923076923 | 0.0
48, 54, 46, 4, 70, 71 | 0.5745230769230769 | 0.0
48, 44, 54, 46, 70, 71 | 0.6574769230769231 | 0.0
48, 44, 41, 70, 71, 40 | 0.6461538461538462 | 0.0
48, 44, 41, 46, 70, 71 | 0.6564923076923077 | 0.0
48, 44, 41, 46, 70, 40 | 0.6535384615384615 | 0.0
48, 44, 41, 46, 79, 40 | 0.6535384615384615 | 0.0
48, 44, 41, 46, 71, 40 | 0.6535384615384615 | 0.0
48, 44, 41, 45, 46, 40 | 0.6904615384615385 | 0.0
48, 44, 41, 42, 45, 46 | 0.7328 | 0.0
48, 44, 41, 42, 45, 40 | 0.7224615384615385 | 0.0
48, 44, 41, 42, 46, 40 | 0.692923076923077 | 0.0
48, 44, 42, 45, 46, 40 | 0.6540307692307692 | 0.0
48, 44, 46, 70, 71, 40 | 0.5777230769230769 | 0.0
48, 95, 44, 41, 46, 40 | 0.7598769230769231 | 0.0
48, 95, 54, 91, 68, 55 | 0.7232 | 0.0
48, 95, 54, 91, 78, 55 | 0.7232 | 0.0
48, 95, 54, 91, 55, 46 | 0.7128615384615384 | 0.0
48, 95, 41, 91, 46, 40 | 0.6857846153846154 | 0.0
48, 95, 64, 91, 68, 55 | 0.6592 | 0.0
48, 95, 64, 91, 78, 55 | 0.6592 | 0.0
48, 95, 64, 91, 55, 46 | 0.6473846153846153 | 0.024390243902439025
48, 95, 91, 55, 60, 46 | 0.6429538461538462 | 0.0
48, 95, 91, 78, 55, 60 | 0.6532923076923077 | 0.0
48, 95, 91, 68, 55, 60 | 0.6532923076923077 | 0.0
48, 37, 68, 55, 80, 79 | 0.6227692307692307 | 0.0
48, 37, 68, 55, 70, 71 | 0.6208 | 0.0
48, 37, 78, 55, 80, 79 | 0.6227692307692307 | 0.0
48, 37, 78, 55, 70, 71 | 0.6208 | 0.0
48, 37, 55, 46, 70, 71 | 0.6075076923076923 | 0.0
48, 37, 55, 80, 46, 79 | 0.609476923076923 | 0.0
48, 43, 44, 45, 46, 40 | 0.7451076923076924 | 0.0
48, 43, 44, 42, 45, 46 | 0.7874461538461538 | 0.0
48, 43, 44, 42, 45, 40 | 0.7771076923076923 | 0.0
48, 43, 44, 42, 46, 40 | 0.7475692307692308 | 0.0
48, 43, 44, 41, 42, 45 | 0.8558769230769231 | 0.0
48, 43, 44, 41, 42, 46 | 0.8263384615384616 | 0.0
48, 43, 44, 41, 42, 40 | 0.816 | 0.0
48, 43, 44, 41, 45, 46 | 0.8238769230769231 | 0.0
48, 43, 44, 41, 45, 40 | 0.8135384615384615 | 0.0
48, 43, 44, 41, 46, 40 | 0.784 | 0.0
48, 43, 41, 45, 46, 40 | 0.7261538461538461 | 0.0
48, 43, 41, 42, 45, 46 | 0.7684923076923077 | 0.0
48, 43, 41, 42, 45, 40 | 0.7581538461538462 | 0.0
48, 43, 41, 42, 46, 40 | 0.7286153846153847 | 0.0
48, 43, 42, 45, 46, 40 | 0.6897230769230769 | 0.0
48, 101, 44, 41, 46, 40 | 0.7864615384615384 | 0.0
48, 101, 54, 91, 68, 55 | 0.7645538461538461 | 0.0
48, 101, 54, 91, 78, 55 | 0.7645538461538461 | 0.0
48, 101, 54, 91, 55, 46 | 0.7527384615384616 | 0.024390243902439025
48, 101, 41, 91, 46, 40 | 0.7256615384615385 | 0.0
111, 91, 31, 32, 55, 60 | 0.5587692307692308 | 0.0
111, 64, 91, 31, 32, 55 | 0.5617230769230769 | 0.0
111, 54, 91, 31, 32, 55 | 0.6227692307692307 | 0.0
101, 91, 68, 31, 32, 55 | 0.5558153846153846 | 0.0
101, 91, 68, 31, 32, 40 | 0.5376 | 0.0
101, 91, 78, 31, 32, 55 | 0.5558153846153846 | 0.0
101, 91, 78, 31, 32, 40 | 0.5376 | 0.0
101, 91, 31, 32, 55, 46 | 0.544 | 0.024390243902439025
101, 91, 31, 32, 46, 40 | 0.5257846153846154 | 0.0
101, 41, 119, 91, 46, 40 | 0.6075076923076923 | 0.0
101, 41, 91, 32, 46, 40 | 0.5838769230769231 | 0.0
101, 41, 91, 31, 32, 46 | 0.6045538461538461 | 0.024390243902439025
101, 41, 91, 31, 32, 40 | 0.5956923076923077 | 0.0
101, 41, 91, 31, 46, 40 | 0.5838769230769231 | 0.0
101, 41, 31, 32, 46, 40 | 0.5809230769230769 | 0.0
101, 54, 119, 91, 68, 55 | 0.6532923076923077 | 0.014388489208633094
101, 54, 119, 91, 78, 55 | 0.6532923076923077 | 0.014388489208633094
101, 54, 119, 91, 55, 46 | 0.6414769230769231 | 0.024390243902439025
101, 54, 91, 32, 55, 46 | 0.6109538461538462 | 0.024390243902439025
101, 54, 91, 31, 32, 55 | 0.6227692307692307 | 0.0
101, 54, 91, 31, 32, 46 | 0.6134153846153846 | 0.024390243902439025
101, 54, 91, 31, 55, 46 | 0.6109538461538462 | 0.024390243902439025
101, 54, 91, 78, 31, 32 | 0.6252307692307693 | 0.0
101, 54, 91, 78, 31, 55 | 0.6227692307692307 | 0.0
101, 54, 91, 78, 32, 55 | 0.6227692307692307 | 0.0
101, 54, 91, 68, 31, 32 | 0.6252307692307693 | 0.0
101, 54, 91, 68, 31, 55 | 0.6227692307692307 | 0.0
101, 54, 91, 68, 32, 55 | 0.6227692307692307 | 0.0
101, 54, 68, 31, 32, 55 | 0.6198153846153847 | 0.0
101, 54, 68, 31, 32, 4 | 0.6070153846153846 | 0.0
101, 54, 78, 31, 32, 55 | 0.6198153846153847 | 0.0
101, 54, 78, 31, 32, 4 | 0.6070153846153846 | 0.0
101, 54, 31, 32, 55, 46 | 0.608 | 0.024390243902439025
101, 54, 31, 32, 46, 4 | 0.5952 | 0.0
101, 44, 54, 31, 32, 46 | 0.6663384615384615 | 0.024390243902439025
101, 44, 41, 32, 46, 40 | 0.644676923076923 | 0.0
101, 44, 41, 31, 32, 46 | 0.6653538461538462 | 0.024390243902439025
101, 44, 41, 31, 32, 40 | 0.6564923076923077 | 0.0
101, 44, 41, 31, 46, 40 | 0.644676923076923 | 0.0
101, 44, 31, 32, 46, 40 | 0.5865846153846154 | 0.0
101, 37, 68, 31, 32, 55 | 0.6424615384615384 | 0.014388489208633094
101, 37, 78, 31, 32, 55 | 0.6424615384615384 | 0.014388489208633094
101, 37, 31, 32, 55, 46 | 0.6276923076923077 | 0.07317073170731707
17, 91, 55, 60, 80, 79 | 0.4987076923076923 | 0.0
17, 91, 55, 60, 70, 71 | 0.4937846153846154 | 0.0
17, 64, 91, 55, 80, 79 | 0.5046153846153846 | 0.0
17, 64, 91, 55, 70, 71 | 0.4996923076923077 | 0.0
17, 54, 91, 55, 80, 79 | 0.5715692307692307 | 0.0
17, 54, 91, 55, 70, 71 | 0.5636923076923077 | 0.0
43, 45, 31, 32, 55, 46 | 0.5444923076923077 | 0.0
43, 45, 31, 32, 46, 4 | 0.5277538461538461 | 0.07079646017699115
43, 45, 31, 32, 46, 40 | 0.5262769230769231 | 0.0
43, 42, 45, 32, 46, 40 | 0.5479384615384615 | 0.0
43, 42, 45, 31, 32, 46 | 0.5686153846153846 | 0.0
43, 42, 45, 31, 32, 40 | 0.5582769230769231 | 0.0
43, 42, 45, 31, 46, 40 | 0.5479384615384615 | 0.0
43, 42, 31, 32, 46, 40 | 0.5287384615384615 | 0.0
43, 7, 42, 45, 46, 40 | 0.571076923076923 | 0.0
43, 119, 42, 45, 46, 40 | 0.5794461538461538 | 0.0
43, 41, 119, 45, 46, 40 | 0.608 | 0.0
43, 41, 119, 42, 45, 46 | 0.6503384615384615 | 0.0
43, 41, 119, 42, 45, 40 | 0.64 | 0.0
43, 41, 119, 42, 46, 40 | 0.6104615384615385 | 0.0
43, 41, 7, 45, 46, 40 | 0.609476923076923 | 0.0
43, 41, 7, 42, 45, 46 | 0.6478769230769231 | 0.0
43, 41, 7, 42, 45, 40 | 0.6375384615384615 | 0.0
43, 41, 7, 42, 46, 40 | 0.608 | 0.0
43, 41, 42, 32, 46, 40 | 0.5868307692307693 | 0.0
43, 41, 42, 31, 32, 46 | 0.6075076923076923 | 0.0
43, 41, 42, 31, 32, 40 | 0.5971692307692308 | 0.0
43, 41, 42, 31, 46, 40 | 0.5868307692307693 | 0.0
43, 41, 42, 45, 31, 32 | 0.6370461538461538 | 0.0
43, 41, 42, 45, 31, 46 | 0.6267076923076923 | 0.0
43, 41, 42, 45, 31, 40 | 0.6163692307692308 | 0.0
43, 41, 42, 45, 32, 46 | 0.6267076923076923 | 0.0
43, 41, 42, 45, 32, 40 | 0.6163692307692308 | 0.0
43, 41, 42, 45, 46, 40 | 0.6060307692307693 | 0.0
43, 41, 45, 32, 46, 40 | 0.5843692307692308 | 0.0
43, 41, 45, 31, 32, 46 | 0.6050461538461539 | 0.0
43, 41, 45, 31, 32, 40 | 0.5947076923076923 | 0.0
43, 41, 45, 31, 46, 40 | 0.5843692307692308 | 0.0
43, 41, 31, 32, 46, 40 | 0.5651692307692308 | 0.0
43, 44, 41, 32, 46, 40 | 0.6422153846153846 | 0.0
43, 44, 41, 31, 32, 46 | 0.6628923076923077 | 0.0
43, 44, 41, 31, 32, 40 | 0.6525538461538462 | 0.0
43, 44, 41, 31, 46, 40 | 0.6422153846153846 | 0.0
43, 44, 41, 45, 31, 32 | 0.6924307692307692 | 0.0
43, 44, 41, 45, 31, 46 | 0.6820923076923077 | 0.0
43, 44, 41, 45, 31, 40 | 0.6717538461538461 | 0.0
43, 44, 41, 45, 32, 46 | 0.6820923076923077 | 0.0
43, 44, 41, 45, 32, 40 | 0.6717538461538461 | 0.0
43, 44, 41, 45, 46, 40 | 0.6614153846153846 | 0.0
43, 44, 41, 42, 45, 31 | 0.7140923076923077 | 0.0
43, 44, 41, 42, 45, 32 | 0.7140923076923077 | 0.0
43, 44, 41, 42, 45, 46 | 0.7037538461538462 | 0.0
43, 44, 41, 42, 45, 40 | 0.6934153846153847 | 0.0
43, 44, 41, 42, 31, 32 | 0.6948923076923077 | 0.0
43, 44, 41, 42, 31, 46 | 0.6845538461538462 | 0.0
43, 44, 41, 42, 31, 40 | 0.6742153846153847 | 0.0
43, 44, 41, 42, 32, 46 | 0.6845538461538462 | 0.0
43, 44, 41, 42, 32, 40 | 0.6742153846153847 | 0.0
43, 44, 41, 42, 46, 40 | 0.663876923076923 | 0.0
43, 44, 119, 45, 46, 40 | 0.6274461538461539 | 0.0
43, 44, 119, 42, 45, 46 | 0.6697846153846154 | 0.0
43, 44, 119, 42, 45, 40 | 0.6594461538461538 | 0.0
43, 44, 119, 42, 46, 40 | 0.6299076923076923 | 0.0
43, 44, 42, 32, 46, 40 | 0.6057846153846154 | 0.0
43, 44, 42, 31, 32, 46 | 0.6264615384615385 | 0.0
43, 44, 42, 31, 32, 40 | 0.6161230769230769 | 0.0
43, 44, 42, 31, 46, 40 | 0.6057846153846154 | 0.0
43, 44, 42, 45, 31, 32 | 0.656 | 0.0
43, 44, 42, 45, 31, 46 | 0.6456615384615385 | 0.0
43, 44, 42, 45, 31, 40 | 0.6353230769230769 | 0.0
43, 44, 42, 45, 32, 46 | 0.6456615384615385 | 0.0
43, 44, 42, 45, 32, 40 | 0.6353230769230769 | 0.0
43, 44, 42, 45, 46, 40 | 0.6249846153846154 | 0.0
43, 44, 45, 32, 46, 40 | 0.603323076923077 | 0.0
43, 44, 45, 31, 32, 46 | 0.624 | 0.0
43, 44, 45, 31, 32, 40 | 0.6136615384615385 | 0.0
43, 44, 45, 31, 46, 40 | 0.603323076923077 | 0.0
43, 44, 31, 32, 46, 40 | 0.584123076923077 | 0.0
37, 32, 55, 46, 70, 71 | 0.4657230769230769 | 0.0
37, 32, 55, 80, 46, 79 | 0.4676923076923077 | 0.0
37, 31, 32, 46, 70, 71 | 0.4691692307692308 | 0.0
37, 31, 32, 80, 46, 79 | 0.47113846153846156 | 0.0
37, 31, 32, 55, 80, 46 | 0.48541538461538464 | 0.04878048780487805
37, 31, 32, 55, 80, 79 | 0.4809846153846154 | 0.0
37, 31, 32, 55, 46, 70 | 0.48344615384615386 | 0.0
37, 31, 32, 55, 46, 79 | 0.4814769230769231 | 0.0
37, 31, 32, 55, 46, 71 | 0.4814769230769231 | 0.0
37, 31, 32, 55, 70, 71 | 0.4790153846153846 | 0.0
37, 31, 55, 46, 70, 71 | 0.4657230769230769 | 0.0
37, 31, 55, 80, 46, 79 | 0.4676923076923077 | 0.0
37, 78, 31, 55, 80, 79 | 0.4809846153846154 | 0.0
37, 78, 31, 55, 70, 71 | 0.4790153846153846 | 0.0
37, 78, 31, 32, 55, 80 | 0.4987076923076923 | 0.09375
37, 78, 31, 32, 55, 70 | 0.4967384615384615 | 0.0
37, 78, 31, 32, 55, 79 | 0.4947692307692308 | 0.0
37, 78, 31, 32, 55, 71 | 0.4947692307692308 | 0.0
37, 78, 31, 32, 80, 79 | 0.4844307692307692 | 0.0
37, 78, 31, 32, 70, 71 | 0.48246153846153844 | 0.0
37, 78, 32, 55, 80, 79 | 0.4809846153846154 | 0.0
37, 78, 32, 55, 70, 71 | 0.4790153846153846 | 0.0
37, 68, 31, 55, 80, 79 | 0.4809846153846154 | 0.0
37, 68, 31, 55, 70, 71 | 0.4790153846153846 | 0.0
37, 68, 31, 32, 55, 80 | 0.4987076923076923 | 0.09375
37, 68, 31, 32, 55, 70 | 0.4967384615384615 | 0.0
37, 68, 31, 32, 55, 79 | 0.4947692307692308 | 0.0
37, 68, 31, 32, 55, 71 | 0.4947692307692308 | 0.0
37, 68, 31, 32, 80, 79 | 0.4844307692307692 | 0.0
37, 68, 31, 32, 70, 71 | 0.48246153846153844 | 0.0
37, 68, 32, 55, 80, 79 | 0.4809846153846154 | 0.0
37, 68, 32, 55, 70, 71 | 0.4790153846153846 | 0.0
37, 119, 68, 55, 80, 79 | 0.5046153846153846 | 0.0
37, 119, 68, 55, 70, 71 | 0.5026461538461539 | 0.0
37, 119, 78, 55, 80, 79 | 0.5046153846153846 | 0.0
37, 119, 78, 55, 70, 71 | 0.5026461538461539 | 0.0
37, 119, 55, 46, 70, 71 | 0.48935384615384614 | 0.0
37, 119, 55, 80, 46, 79 | 0.4913230769230769 | 0.0
37, 95, 68, 31, 32, 55 | 0.6011076923076923 | 0.014388489208633094
37, 95, 78, 31, 32, 55 | 0.6011076923076923 | 0.014388489208633094
37, 95, 31, 32, 55, 46 | 0.5878153846153846 | 0.04878048780487805
95, 31, 32, 60, 46, 4 | 0.48541538461538464 | 0.0
95, 31, 32, 55, 60, 46 | 0.4982153846153846 | 0.0
95, 78, 31, 32, 55, 60 | 0.5085538461538461 | 0.0
95, 78, 31, 32, 60, 4 | 0.49575384615384616 | 0.0
95, 68, 31, 32, 55, 60 | 0.5085538461538461 | 0.0
95, 68, 31, 32, 60, 4 | 0.49575384615384616 | 0.0
95, 91, 68, 32, 55, 60 | 0.5115076923076923 | 0.0
95, 91, 68, 31, 32, 55 | 0.5144615384615384 | 0.0
95, 91, 68, 31, 32, 60 | 0.5139692307692307 | 0.0
95, 91, 68, 31, 32, 40 | 0.49624615384615384 | 0.0
95, 91, 68, 31, 55, 60 | 0.5115076923076923 | 0.0
95, 91, 78, 32, 55, 60 | 0.5115076923076923 | 0.0
95, 91, 78, 31, 32, 55 | 0.5144615384615384 | 0.0
95, 91, 78, 31, 32, 60 | 0.5139692307692307 | 0.0
95, 91, 78, 31, 32, 40 | 0.49624615384615384 | 0.0
95, 91, 78, 31, 55, 60 | 0.5115076923076923 | 0.0
95, 91, 31, 55, 60, 46 | 0.5011692307692308 | 0.0
95, 91, 31, 32, 55, 60 | 0.5115076923076923 | 0.0
95, 91, 31, 32, 55, 46 | 0.5041230769230769 | 0.0
95, 91, 31, 32, 60, 46 | 0.5036307692307692 | 0.0
95, 91, 31, 32, 46, 40 | 0.4859076923076923 | 0.0
95, 91, 32, 55, 60, 46 | 0.5011692307692308 | 0.0
95, 64, 91, 32, 55, 46 | 0.5056 | 0.024390243902439025
95, 64, 91, 31, 32, 55 | 0.5174153846153846 | 0.0
95, 64, 91, 31, 32, 46 | 0.5080615384615385 | 0.024390243902439025
95, 64, 91, 31, 55, 46 | 0.5056 | 0.024390243902439025
95, 64, 91, 78, 31, 32 | 0.5198769230769231 | 0.0
95, 64, 91, 78, 31, 55 | 0.5174153846153846 | 0.0
95, 64, 91, 78, 32, 55 | 0.5174153846153846 | 0.0
95, 64, 91, 68, 31, 32 | 0.5198769230769231 | 0.0
95, 64, 91, 68, 31, 55 | 0.5174153846153846 | 0.0
95, 64, 91, 68, 32, 55 | 0.5174153846153846 | 0.0
95, 64, 68, 31, 32, 55 | 0.5144615384615384 | 0.0
95, 64, 68, 31, 32, 4 | 0.5016615384615385 | 0.0
95, 64, 78, 31, 32, 55 | 0.5144615384615384 | 0.0
95, 64, 78, 31, 32, 4 | 0.5016615384615385 | 0.0
95, 64, 31, 32, 55, 46 | 0.5026461538461539 | 0.024390243902439025
95, 64, 31, 32, 46, 4 | 0.4898461538461538 | 0.0
95, 119, 64, 91, 68, 55 | 0.5449846153846154 | 0.014388489208633094
95, 119, 64, 91, 78, 55 | 0.5449846153846154 | 0.014388489208633094
95, 119, 64, 91, 55, 46 | 0.5331692307692307 | 0.024390243902439025
95, 119, 91, 55, 60, 46 | 0.5287384615384615 | 0.0
95, 119, 91, 78, 55, 60 | 0.5390769230769231 | 0.043478260869565216
95, 119, 91, 68, 55, 60 | 0.5390769230769231 | 0.043478260869565216
95, 41, 119, 91, 46, 40 | 0.5676307692307693 | 0.0
95, 41, 91, 32, 46, 40 | 0.544 | 0.0
95, 41, 91, 31, 32, 46 | 0.5646769230769231 | 0.0
95, 41, 91, 31, 32, 40 | 0.5543384615384616 | 0.0
95, 41, 91, 31, 46, 40 | 0.544 | 0.0
95, 41, 31, 32, 46, 40 | 0.5410461538461538 | 0.0
95, 54, 119, 91, 68, 55 | 0.6119384615384615 | 0.014388489208633094
95, 54, 119, 91, 78, 55 | 0.6119384615384615 | 0.014388489208633094
95, 54, 119, 91, 55, 46 | 0.6016 | 0.0
95, 54, 91, 32, 55, 46 | 0.571076923076923 | 0.0
95, 54, 91, 31, 32, 55 | 0.5814153846153847 | 0.0
95, 54, 91, 31, 32, 46 | 0.5735384615384616 | 0.0
95, 54, 91, 31, 55, 46 | 0.571076923076923 | 0.0
95, 54, 91, 78, 31, 32 | 0.5838769230769231 | 0.0
95, 54, 91, 78, 31, 55 | 0.5814153846153847 | 0.0
95, 54, 91, 78, 32, 55 | 0.5814153846153847 | 0.0
95, 54, 91, 68, 31, 32 | 0.5838769230769231 | 0.0
95, 54, 91, 68, 31, 55 | 0.5814153846153847 | 0.0
95, 54, 91, 68, 32, 55 | 0.5814153846153847 | 0.0
95, 54, 68, 31, 32, 55 | 0.5784615384615385 | 0.0
95, 54, 68, 31, 32, 4 | 0.5656615384615384 | 0.0
95, 54, 78, 31, 32, 55 | 0.5784615384615385 | 0.0
95, 54, 78, 31, 32, 4 | 0.5656615384615384 | 0.0
95, 54, 31, 32, 55, 46 | 0.568123076923077 | 0.0
95, 54, 31, 32, 46, 4 | 0.5553230769230769 | 0.0
95, 44, 54, 31, 32, 46 | 0.6397538461538461 | 0.0
95, 44, 41, 32, 46, 40 | 0.6180923076923077 | 0.0
95, 44, 41, 31, 32, 46 | 0.6387692307692308 | 0.0
95, 44, 41, 31, 32, 40 | 0.6284307692307692 | 0.0
95, 44, 41, 31, 46, 40 | 0.6180923076923077 | 0.0
95, 44, 31, 32, 46, 40 | 0.56 | 0.0
107, 31, 32, 46, 70, 71 | 0.46129230769230767 | 0.0
107, 31, 32, 80, 46, 79 | 0.4691692307692308 | 0.0
107, 78, 31, 32, 80, 79 | 0.48246153846153844 | 0.0
107, 78, 31, 32, 70, 71 | 0.4745846153846154 | 0.0
107, 68, 31, 32, 80, 79 | 0.48246153846153844 | 0.0
107, 68, 31, 32, 70, 71 | 0.4745846153846154 | 0.0
44, 32, 46, 70, 71, 40 | 0.43593846153846155 | 0.0
44, 31, 32, 70, 71, 40 | 0.44627692307692307 | 0.0
44, 31, 32, 46, 70, 71 | 0.4566153846153846 | 0.0
44, 31, 32, 46, 70, 40 | 0.45366153846153845 | 0.0
44, 31, 32, 46, 79, 40 | 0.45366153846153845 | 0.0
44, 31, 32, 46, 71, 40 | 0.45366153846153845 | 0.0
44, 31, 46, 70, 71, 40 | 0.43593846153846155 | 0.0
44, 45, 31, 32, 46, 40 | 0.4905846153846154 | 0.0
44, 42, 45, 32, 46, 40 | 0.5122461538461538 | 0.0
44, 42, 45, 31, 32, 46 | 0.5329230769230769 | 0.0
44, 42, 45, 31, 32, 40 | 0.5225846153846154 | 0.0
44, 42, 45, 31, 46, 40 | 0.5122461538461538 | 0.0
44, 42, 31, 32, 46, 40 | 0.49304615384615386 | 0.0
44, 119, 42, 45, 46, 40 | 0.5363692307692308 | 0.0
44, 119, 46, 70, 71, 40 | 0.46006153846153847 | 0.0
44, 41, 42, 32, 46, 40 | 0.5511384615384616 | 0.0
44, 41, 42, 31, 32, 46 | 0.5718153846153846 | 0.0
44, 41, 42, 31, 32, 40 | 0.5614769230769231 | 0.0
44, 41, 42, 31, 46, 40 | 0.5511384615384616 | 0.0
44, 41, 42, 45, 31, 32 | 0.6013538461538461 | 0.0
44, 41, 42, 45, 31, 46 | 0.5910153846153846 | 0.0
44, 41, 42, 45, 31, 40 | 0.5806769230769231 | 0.0
44, 41, 42, 45, 32, 46 | 0.5910153846153846 | 0.0
44, 41, 42, 45, 32, 40 | 0.5806769230769231 | 0.0
44, 41, 42, 45, 46, 40 | 0.5703384615384616 | 0.0
44, 41, 45, 32, 46, 40 | 0.5486769230769231 | 0.0
44, 41, 45, 31, 32, 46 | 0.5693538461538461 | 0.0
44, 41, 45, 31, 32, 40 | 0.5590153846153846 | 0.0
44, 41, 45, 31, 46, 40 | 0.5486769230769231 | 0.0
44, 41, 31, 70, 71, 40 | 0.5043692307692308 | 0.0
44, 41, 31, 46, 70, 71 | 0.5147076923076923 | 0.0
44, 41, 31, 46, 70, 40 | 0.5117538461538461 | 0.0
44, 41, 31, 46, 79, 40 | 0.5117538461538461 | 0.0
44, 41, 31, 46, 71, 40 | 0.5117538461538461 | 0.0
44, 41, 31, 32, 46, 70 | 0.5324307692307693 | 0.03571428571428571
44, 41, 31, 32, 46, 79 | 0.5324307692307693 | 0.0
44, 41, 31, 32, 46, 71 | 0.5324307692307693 | 0.0
44, 41, 31, 32, 46, 40 | 0.5294769230769231 | 0.0
44, 41, 31, 32, 70, 71 | 0.5250461538461538 | 0.0
44, 41, 31, 32, 70, 40 | 0.5220923076923077 | 0.0
44, 41, 31, 32, 79, 40 | 0.5220923076923077 | 0.0
44, 41, 31, 32, 71, 40 | 0.5220923076923077 | 0.0
44, 41, 32, 70, 71, 40 | 0.5043692307692308 | 0.0
44, 41, 32, 46, 70, 71 | 0.5147076923076923 | 0.0
44, 41, 32, 46, 70, 40 | 0.5117538461538461 | 0.0
44, 41, 32, 46, 79, 40 | 0.5117538461538461 | 0.0
44, 41, 32, 46, 71, 40 | 0.5117538461538461 | 0.0
44, 41, 46, 70, 71, 40 | 0.4940307692307692 | 0.0
44, 54, 119, 46, 70, 71 | 0.5398153846153846 | 0.0
44, 54, 42, 31, 32, 46 | 0.5698461538461539 | 0.0
44, 54, 31, 46, 70, 71 | 0.5156923076923077 | 0.0
44, 54, 31, 32, 46, 70 | 0.5334153846153846 | 0.03571428571428571
44, 54, 31, 32, 46, 79 | 0.5334153846153846 | 0.0
44, 54, 31, 32, 46, 71 | 0.5334153846153846 | 0.0
44, 54, 31, 32, 70, 71 | 0.5260307692307692 | 0.0
44, 54, 32, 46, 70, 71 | 0.5156923076923077 | 0.0
117, 119, 64, 91, 68, 55 | 0.5213538461538462 | 0.014388489208633094
117, 119, 64, 91, 78, 55 | 0.5213538461538462 | 0.014388489208633094
117, 119, 64, 91, 55, 46 | 0.5095384615384615 | 0.024390243902439025
117, 119, 91, 55, 60, 46 | 0.5051076923076923 | 0.0
117, 119, 91, 78, 55, 60 | 0.5154461538461539 | 0.043478260869565216
117, 119, 91, 68, 55, 60 | 0.5154461538461539 | 0.043478260869565216
117, 41, 119, 91, 46, 40 | 0.5400615384615385 | 0.0
117, 54, 119, 91, 68, 55 | 0.5883076923076923 | 0.014388489208633094
117, 54, 119, 91, 78, 55 | 0.5883076923076923 | 0.014388489208633094
117, 54, 119, 91, 55, 46 | 0.5779692307692308 | 0.0
54, 32, 55, 46, 70, 71 | 0.44603076923076923 | 0.0
54, 32, 55, 80, 46, 79 | 0.4539076923076923 | 0.0
54, 32, 80, 46, 4, 79 | 0.44012307692307695 | 0.0
54, 32, 46, 4, 70, 71 | 0.4327384615384615 | 0.0
54, 31, 32, 4, 70, 71 | 0.4430769230769231 | 0.0
54, 31, 32, 46, 4, 70 | 0.45046153846153847 | 0.008928571428571428
54, 31, 32, 46, 4, 79 | 0.44898461538461537 | 0.0
54, 31, 32, 46, 4, 71 | 0.44898461538461537 | 0.0
54, 31, 32, 46, 70, 71 | 0.4484923076923077 | 0.0
54, 31, 32, 80, 46, 4 | 0.45784615384615385 | 0.017699115044247787
54, 31, 32, 80, 46, 79 | 0.45636923076923075 | 0.0
54, 31, 32, 80, 4, 79 | 0.45046153846153847 | 0.0
54, 31, 32, 55, 80, 46 | 0.47163076923076924 | 0.0
54, 31, 32, 55, 80, 79 | 0.46424615384615386 | 0.0
54, 31, 32, 55, 46, 70 | 0.4637538461538461 | 0.0
54, 31, 32, 55, 46, 79 | 0.4617846153846154 | 0.0
54, 31, 32, 55, 46, 71 | 0.4617846153846154 | 0.0
54, 31, 32, 55, 70, 71 | 0.45636923076923075 | 0.0
54, 31, 55, 46, 70, 71 | 0.44603076923076923 | 0.0
54, 31, 55, 80, 46, 79 | 0.4539076923076923 | 0.0
54, 31, 80, 46, 4, 79 | 0.44012307692307695 | 0.0
54, 31, 46, 4, 70, 71 | 0.4327384615384615 | 0.0
54, 78, 31, 4, 70, 71 | 0.4430769230769231 | 0.0
54, 78, 31, 80, 4, 79 | 0.45046153846153847 | 0.0
54, 78, 31, 55, 80, 79 | 0.46424615384615386 | 0.0
54, 78, 31, 55, 70, 71 | 0.45636923076923075 | 0.0
54, 78, 31, 32, 55, 80 | 0.48196923076923076 | 0.0
54, 78, 31, 32, 55, 70 | 0.4740923076923077 | 0.0
54, 78, 31, 32, 55, 79 | 0.4721230769230769 | 0.0
54, 78, 31, 32, 55, 71 | 0.4721230769230769 | 0.0
54, 78, 31, 32, 80, 4 | 0.46818461538461537 | 0.017699115044247787
54, 78, 31, 32, 80, 79 | 0.4667076923076923 | 0.0
54, 78, 31, 32, 4, 70 | 0.4608 | 0.008928571428571428
54, 78, 31, 32, 4, 79 | 0.45932307692307695 | 0.0
54, 78, 31, 32, 4, 71 | 0.45932307692307695 | 0.0
54, 78, 31, 32, 70, 71 | 0.4588307692307692 | 0.0
54, 78, 32, 4, 70, 71 | 0.4430769230769231 | 0.0
54, 78, 32, 80, 4, 79 | 0.45046153846153847 | 0.0
54, 78, 32, 55, 80, 79 | 0.46424615384615386 | 0.0
54, 78, 32, 55, 70, 71 | 0.45636923076923075 | 0.0
54, 68, 31, 4, 70, 71 | 0.4430769230769231 | 0.0
54, 68, 31, 80, 4, 79 | 0.45046153846153847 | 0.0
54, 68, 31, 55, 80, 79 | 0.46424615384615386 | 0.0
54, 68, 31, 55, 70, 71 | 0.45636923076923075 | 0.0
54, 68, 31, 32, 55, 80 | 0.48196923076923076 | 0.0
54, 68, 31, 32, 55, 70 | 0.4740923076923077 | 0.0
54, 68, 31, 32, 55, 79 | 0.4721230769230769 | 0.0
54, 68, 31, 32, 55, 71 | 0.4721230769230769 | 0.0
54, 68, 31, 32, 80, 4 | 0.46818461538461537 | 0.017699115044247787
54, 68, 31, 32, 80, 79 | 0.4667076923076923 | 0.0
54, 68, 31, 32, 4, 70 | 0.4608 | 0.008928571428571428
54, 68, 31, 32, 4, 79 | 0.45932307692307695 | 0.0
54, 68, 31, 32, 4, 71 | 0.45932307692307695 | 0.0
54, 68, 31, 32, 70, 71 | 0.4588307692307692 | 0.0
54, 68, 32, 4, 70, 71 | 0.4430769230769231 | 0.0
54, 68, 32, 80, 4, 79 | 0.45046153846153847 | 0.0
54, 68, 32, 55, 80, 79 | 0.46424615384615386 | 0.0
54, 68, 32, 55, 70, 71 | 0.45636923076923075 | 0.0
54, 91, 68, 55, 80, 79 | 0.4652307692307692 | 0.0
54, 91, 68, 55, 70, 71 | 0.45735384615384617 | 0.0
54, 91, 68, 32, 55, 80 | 0.4829538461538462 | 0.03125
54, 91, 68, 32, 55, 70 | 0.47507692307692306 | 0.03571428571428571
54, 91, 68, 32, 55, 79 | 0.47507692307692306 | 0.0
54, 91, 68, 32, 55, 71 | 0.47507692307692306 | 0.0
54, 91, 68, 32, 80, 79 | 0.4676923076923077 | 0.0
54, 91, 68, 32, 70, 71 | 0.4598153846153846 | 0.0
54, 91, 68, 31, 32, 55 | 0.4928 | 0.0
54, 91, 68, 31, 32, 80 | 0.48541538461538464 | 0.03125
54, 91, 68, 31, 32, 70 | 0.4775384615384615 | 0.03571428571428571
54, 91, 68, 31, 32, 79 | 0.4775384615384615 | 0.0
54, 91, 68, 31, 32, 71 | 0.4775384615384615 | 0.0
54, 91, 68, 31, 55, 80 | 0.4829538461538462 | 0.03125
54, 91, 68, 31, 55, 70 | 0.47507692307692306 | 0.03571428571428571
54, 91, 68, 31, 55, 79 | 0.47507692307692306 | 0.0
54, 91, 68, 31, 55, 71 | 0.47507692307692306 | 0.0
54, 91, 68, 31, 80, 79 | 0.4676923076923077 | 0.0
54, 91, 68, 31, 70, 71 | 0.4598153846153846 | 0.0
54, 91, 78, 55, 80, 79 | 0.4652307692307692 | 0.0
54, 91, 78, 55, 70, 71 | 0.45735384615384617 | 0.0
54, 91, 78, 32, 55, 80 | 0.4829538461538462 | 0.03125
54, 91, 78, 32, 55, 70 | 0.47507692307692306 | 0.03571428571428571
54, 91, 78, 32, 55, 79 | 0.47507692307692306 | 0.0
54, 91, 78, 32, 55, 71 | 0.47507692307692306 | 0.0
54, 91, 78, 32, 80, 79 | 0.4676923076923077 | 0.0
54, 91, 78, 32, 70, 71 | 0.4598153846153846 | 0.0
54, 91, 78, 31, 32, 55 | 0.4928 | 0.0
54, 91, 78, 31, 32, 80 | 0.48541538461538464 | 0.03125
54, 91, 78, 31, 32, 70 | 0.4775384615384615 | 0.03571428571428571
54, 91, 78, 31, 32, 79 | 0.4775384615384615 | 0.0
54, 91, 78, 31, 32, 71 | 0.4775384615384615 | 0.0
54, 91, 78, 31, 55, 80 | 0.4829538461538462 | 0.03125
54, 91, 78, 31, 55, 70 | 0.47507692307692306 | 0.03571428571428571
54, 91, 78, 31, 55, 79 | 0.47507692307692306 | 0.0
54, 91, 78, 31, 55, 71 | 0.47507692307692306 | 0.0
54, 91, 78, 31, 80, 79 | 0.4676923076923077 | 0.0
54, 91, 78, 31, 70, 71 | 0.4598153846153846 | 0.0
54, 91, 31, 46, 70, 71 | 0.44947692307692305 | 0.0
54, 91, 31, 80, 46, 79 | 0.45735384615384617 | 0.0
54, 91, 31, 55, 80, 46 | 0.4726153846153846 | 0.0
54, 91, 31, 55, 80, 79 | 0.4652307692307692 | 0.0
54, 91, 31, 55, 46, 70 | 0.46473846153846154 | 0.03571428571428571
54, 91, 31, 55, 46, 79 | 0.46473846153846154 | 0.0
54, 91, 31, 55, 46, 71 | 0.46473846153846154 | 0.0
54, 91, 31, 55, 70, 71 | 0.45735384615384617 | 0.0
54, 91, 31, 32, 55, 80 | 0.4829538461538462 | 0.03125
54, 91, 31, 32, 55, 46 | 0.48246153846153844 | 0.0
54, 91, 31, 32, 55, 70 | 0.47507692307692306 | 0.03571428571428571
54, 91, 31, 32, 55, 79 | 0.47507692307692306 | 0.0
54, 91, 31, 32, 55, 71 | 0.47507692307692306 | 0.0
54, 91, 31, 32, 80, 46 | 0.47507692307692306 | 0.0
54, 91, 31, 32, 80, 79 | 0.4676923076923077 | 0.0
54, 91, 31, 32, 46, 70 | 0.4672 | 0.03571428571428571
54, 91, 31, 32, 46, 79 | 0.4672 | 0.0
54, 91, 31, 32, 46, 71 | 0.4672 | 0.0
54, 91, 31, 32, 70, 71 | 0.4598153846153846 | 0.0
54, 91, 32, 46, 70, 71 | 0.44947692307692305 | 0.0
54, 91, 32, 80, 46, 79 | 0.45735384615384617 | 0.0
54, 91, 32, 55, 80, 46 | 0.4726153846153846 | 0.0
54, 91, 32, 55, 80, 79 | 0.4652307692307692 | 0.0
54, 91, 32, 55, 46, 70 | 0.46473846153846154 | 0.03571428571428571
54, 91, 32, 55, 46, 79 | 0.46473846153846154 | 0.0
54, 91, 32, 55, 46, 71 | 0.46473846153846154 | 0.0
54, 91, 32, 55, 70, 71 | 0.45735384615384617 | 0.0
54, 91, 55, 46, 70, 71 | 0.4470153846153846 | 0.0
54, 91, 55, 80, 46, 79 | 0.4548923076923077 | 0.0
54, 7, 68, 4, 70, 71 | 0.4736 | 0.0
54, 7, 68, 80, 4, 79 | 0.47852307692307694 | 0.0
54, 7, 68, 55, 80, 79 | 0.4905846153846154 | 0.0
54, 7, 68, 55, 70, 71 | 0.48516923076923074 | 0.0
54, 7, 78, 4, 70, 71 | 0.4736 | 0.0
54, 7, 78, 80, 4, 79 | 0.47852307692307694 | 0.0
54, 7, 78, 55, 80, 79 | 0.4905846153846154 | 0.0
54, 7, 78, 55, 70, 71 | 0.48516923076923074 | 0.0
54, 7, 55, 46, 70, 71 | 0.4748307692307692 | 0.0
54, 7, 55, 80, 46, 79 | 0.4802461538461538 | 0.0
54, 7, 80, 46, 4, 79 | 0.46818461538461537 | 0.0
54, 7, 46, 4, 70, 71 | 0.46326153846153845 | 0.0
54, 119, 91, 46, 70, 71 | 0.4809846153846154 | 0.0
54, 119, 91, 55, 46, 70 | 0.4952615384615385 | 0.03571428571428571
54, 119, 91, 55, 46, 79 | 0.4952615384615385 | 0.0
54, 119, 91, 55, 46, 71 | 0.4952615384615385 | 0.0
54, 119, 91, 55, 70, 71 | 0.4878769230769231 | 0.0
54, 119, 91, 78, 55, 70 | 0.5056 | 0.03571428571428571
54, 119, 91, 78, 55, 79 | 0.5056 | 0.0
54, 119, 91, 78, 55, 71 | 0.5056 | 0.0
54, 119, 91, 78, 70, 71 | 0.4913230769230769 | 0.0
54, 119, 91, 68, 55, 70 | 0.5056 | 0.03571428571428571
54, 119, 91, 68, 55, 79 | 0.5056 | 0.0
54, 119, 91, 68, 55, 71 | 0.5056 | 0.0
54, 119, 91, 68, 70, 71 | 0.4913230769230769 | 0.0
54, 119, 68, 55, 80, 79 | 0.48886153846153846 | 0.0
54, 119, 68, 55, 70, 71 | 0.4868923076923077 | 0.0
54, 119, 78, 55, 80, 79 | 0.48886153846153846 | 0.0
54, 119, 78, 55, 70, 71 | 0.4868923076923077 | 0.0
54, 119, 55, 46, 70, 71 | 0.47655384615384616 | 0.0
54, 119, 55, 80, 46, 79 | 0.47852307692307694 | 0.0
54, 14, 91, 31, 32, 46 | 0.5459692307692308 | 0.0
54, 14, 91, 78, 31, 32 | 0.5563076923076923 | 0.0
54, 14, 91, 68, 31, 32 | 0.5563076923076923 | 0.0
14, 91, 68, 31, 32, 60 | 0.4864 | 0.0
14, 91, 78, 31, 32, 60 | 0.4864 | 0.0
14, 91, 31, 32, 60, 46 | 0.4760615384615385 | 0.0
14, 64, 91, 31, 32, 46 | 0.4804923076923077 | 0.024390243902439025
14, 64, 91, 78, 31, 32 | 0.49230769230769234 | 0.0
14, 64, 91, 68, 31, 32 | 0.49230769230769234 | 0.0
41, 32, 80, 46, 79, 40 | 0.42683076923076924 | 0.0
41, 32, 46, 70, 71, 40 | 0.4189538461538462 | 0.0
41, 31, 32, 70, 71, 40 | 0.4292923076923077 | 0.0
41, 31, 32, 46, 70, 71 | 0.4396307692307692 | 0.0
41, 31, 32, 46, 70, 40 | 0.4366769230769231 | 0.0
41, 31, 32, 46, 79, 40 | 0.4347076923076923 | 0.0
41, 31, 32, 46, 71, 40 | 0.4347076923076923 | 0.0
41, 31, 32, 80, 46, 79 | 0.44750769230769233 | 0.0
41, 31, 32, 80, 46, 40 | 0.44455384615384613 | 0.0
41, 31, 32, 80, 79, 40 | 0.43716923076923075 | 0.0
41, 31, 80, 46, 79, 40 | 0.42683076923076924 | 0.0
41, 31, 46, 70, 71, 40 | 0.4189538461538462 | 0.0
41, 91, 31, 70, 71, 40 | 0.43027692307692306 | 0.0
41, 91, 31, 46, 70, 71 | 0.44061538461538463 | 0.0
41, 91, 31, 46, 70, 40 | 0.43766153846153844 | 0.0
41, 91, 31, 46, 79, 40 | 0.43766153846153844 | 0.0
41, 91, 31, 46, 71, 40 | 0.43766153846153844 | 0.0
41, 91, 31, 80, 46, 79 | 0.4484923076923077 | 0.0
41, 91, 31, 80, 46, 40 | 0.44553846153846155 | 0.0
41, 91, 31, 80, 79, 40 | 0.43815384615384617 | 0.0
41, 91, 31, 32, 80, 46 | 0.46621538461538464 | 0.0
41, 91, 31, 32, 80, 79 | 0.4588307692307692 | 0.0
41, 91, 31, 32, 80, 40 | 0.45587692307692307 | 0.0
41, 91, 31, 32, 46, 70 | 0.45833846153846153 | 0.03571428571428571
41, 91, 31, 32, 46, 79 | 0.45833846153846153 | 0.0
41, 91, 31, 32, 46, 71 | 0.45833846153846153 | 0.0
41, 91, 31, 32, 46, 40 | 0.4553846153846154 | 0.0
41, 91, 31, 32, 70, 71 | 0.45095384615384615 | 0.0
41, 91, 31, 32, 70, 40 | 0.448 | 0.0
41, 91, 31, 32, 79, 40 | 0.448 | 0.0
41, 91, 31, 32, 71, 40 | 0.448 | 0.0
41, 91, 32, 70, 71, 40 | 0.43027692307692306 | 0.0
41, 91, 32, 46, 70, 71 | 0.44061538461538463 | 0.0
41, 91, 32, 46, 70, 40 | 0.43766153846153844 | 0.0
41, 91, 32, 46, 79, 40 | 0.43766153846153844 | 0.0
41, 91, 32, 46, 71, 40 | 0.43766153846153844 | 0.0
41, 91, 32, 80, 46, 79 | 0.4484923076923077 | 0.0
41, 91, 32, 80, 46, 40 | 0.44553846153846155 | 0.0
41, 91, 32, 80, 79, 40 | 0.43815384615384617 | 0.0
41, 91, 80, 46, 79, 40 | 0.4278153846153846 | 0.0
41, 91, 46, 70, 71, 40 | 0.41993846153846154 | 0.0
41, 45, 91, 32, 46, 40 | 0.4745846153846154 | 0.0
41, 45, 91, 31, 32, 46 | 0.4952615384615385 | 0.0
41, 45, 91, 31, 32, 40 | 0.4849230769230769 | 0.0
41, 45, 91, 31, 46, 40 | 0.4745846153846154 | 0.0
41, 45, 31, 32, 46, 40 | 0.47163076923076924 | 0.0
41, 42, 45, 32, 46, 40 | 0.4932923076923077 | 0.0
41, 42, 45, 31, 32, 46 | 0.5139692307692307 | 0.0
41, 42, 45, 31, 32, 40 | 0.5036307692307692 | 0.0
41, 42, 45, 31, 46, 40 | 0.4932923076923077 | 0.0
41, 42, 31, 32, 46, 40 | 0.4740923076923077 | 0.0
41, 7, 42, 45, 46, 40 | 0.5184 | 0.0
41, 7, 80, 46, 79, 40 | 0.45292307692307693 | 0.0
41, 7, 46, 70, 71, 40 | 0.44750769230769233 | 0.0
41, 119, 42, 45, 46, 40 | 0.5169230769230769 | 0.0
41, 119, 45, 91, 46, 40 | 0.4982153846153846 | 0.0
41, 119, 91, 70, 71, 40 | 0.4539076923076923 | 0.0
41, 119, 91, 46, 70, 71 | 0.46424615384615386 | 0.0
41, 119, 91, 46, 70, 40 | 0.46129230769230767 | 0.0
41, 119, 91, 46, 79, 40 | 0.46129230769230767 | 0.0
41, 119, 91, 46, 71, 40 | 0.46129230769230767 | 0.0
41, 119, 80, 46, 79, 40 | 0.44455384615384613 | 0.0
41, 119, 46, 70, 71, 40 | 0.4425846153846154 | 0.0
15, 31, 32, 46, 70, 71 | 0.4361846153846154 | 0.0
15, 31, 32, 80, 46, 79 | 0.44406153846153845 | 0.0
15, 78, 31, 32, 80, 79 | 0.4568615384615385 | 0.0
15, 78, 31, 32, 70, 71 | 0.44898461538461537 | 0.0
15, 68, 31, 32, 80, 79 | 0.4568615384615385 | 0.0
15, 68, 31, 32, 70, 71 | 0.44898461538461537 | 0.0
119, 55, 60, 46, 70, 71 | 0.4036923076923077 | 0.0
119, 55, 60, 80, 46, 79 | 0.40566153846153846 | 0.0
119, 78, 55, 60, 80, 79 | 0.416 | 0.0
119, 78, 55, 60, 70, 71 | 0.41403076923076926 | 0.0
119, 68, 55, 60, 80, 79 | 0.416 | 0.0
119, 68, 55, 60, 70, 71 | 0.41403076923076926 | 0.0
119, 91, 68, 70, 71, 40 | 0.4036923076923077 | 0.0
119, 91, 68, 60, 70, 71 | 0.41846153846153844 | 0.0
119, 91, 68, 55, 60, 70 | 0.4327384615384615 | 0.03571428571428571
119, 91, 68, 55, 60, 79 | 0.4327384615384615 | 0.0
119, 91, 68, 55, 60, 71 | 0.4327384615384615 | 0.0
119, 91, 68, 55, 70, 71 | 0.4209230769230769 | 0.0
119, 91, 78, 70, 71, 40 | 0.4036923076923077 | 0.0
119, 91, 78, 60, 70, 71 | 0.41846153846153844 | 0.0
119, 91, 78, 55, 60, 70 | 0.4327384615384615 | 0.03571428571428571
119, 91, 78, 55, 60, 79 | 0.4327384615384615 | 0.0
119, 91, 78, 55, 60, 71 | 0.4327384615384615 | 0.0
119, 91, 78, 55, 70, 71 | 0.4209230769230769 | 0.0
119, 91, 55, 46, 70, 71 | 0.4105846153846154 | 0.0
119, 91, 55, 60, 46, 70 | 0.4224 | 0.03571428571428571
119, 91, 55, 60, 46, 79 | 0.4224 | 0.0
119, 91, 55, 60, 46, 71 | 0.4224 | 0.0
119, 91, 55, 60, 70, 71 | 0.4150153846153846 | 0.0
119, 91, 60, 46, 70, 71 | 0.4081230769230769 | 0.0
119, 91, 46, 70, 71, 40 | 0.39335384615384617 | 0.0
119, 64, 91, 46, 70, 71 | 0.41255384615384616 | 0.0
119, 64, 91, 55, 46, 70 | 0.42683076923076924 | 0.03571428571428571
119, 64, 91, 55, 46, 79 | 0.42683076923076924 | 0.0
119, 64, 91, 55, 46, 71 | 0.42683076923076924 | 0.0
119, 64, 91, 55, 70, 71 | 0.4209230769230769 | 0.0
119, 64, 91, 78, 55, 70 | 0.43864615384615385 | 0.03571428571428571
119, 64, 91, 78, 55, 79 | 0.43864615384615385 | 0.0
119, 64, 91, 78, 55, 71 | 0.43864615384615385 | 0.0
119, 64, 91, 78, 70, 71 | 0.4243692307692308 | 0.0
119, 64, 91, 68, 55, 70 | 0.43864615384615385 | 0.03571428571428571
119, 64, 91, 68, 55, 79 | 0.43864615384615385 | 0.0
119, 64, 91, 68, 55, 71 | 0.43864615384615385 | 0.0
119, 64, 91, 68, 70, 71 | 0.4243692307692308 | 0.0
119, 64, 68, 55, 80, 79 | 0.4219076923076923 | 0.0
119, 64, 68, 55, 70, 71 | 0.41993846153846154 | 0.0
119, 64, 78, 55, 80, 79 | 0.4219076923076923 | 0.0
119, 64, 78, 55, 70, 71 | 0.41993846153846154 | 0.0
119, 64, 55, 46, 70, 71 | 0.4081230769230769 | 0.0
119, 64, 55, 80, 46, 79 | 0.4100923076923077 | 0.0
7, 60, 80, 46, 4, 79 | 0.39532307692307694 | 0.0
7, 60, 46, 4, 70, 71 | 0.39236923076923075 | 0.0
7, 55, 60, 46, 70, 71 | 0.4039384615384615 | 0.0
7, 55, 60, 80, 46, 79 | 0.4073846153846154 | 0.0
7, 78, 55, 60, 80, 79 | 0.4177230769230769 | 0.0
7, 78, 55, 60, 70, 71 | 0.4142769230769231 | 0.0
7, 78, 60, 4, 70, 71 | 0.4027076923076923 | 0.0
7, 78, 60, 80, 4, 79 | 0.40566153846153846 | 0.0
7, 68, 55, 60, 80, 79 | 0.4177230769230769 | 0.0
7, 68, 55, 60, 70, 71 | 0.4142769230769231 | 0.0
7, 68, 60, 4, 70, 71 | 0.4027076923076923 | 0.0
7, 68, 60, 80, 4, 79 | 0.40566153846153846 | 0.0
7, 64, 68, 4, 70, 71 | 0.4086153846153846 | 0.0
7, 64, 68, 80, 4, 79 | 0.41156923076923074 | 0.0
7, 64, 68, 55, 80, 79 | 0.42363076923076926 | 0.0
7, 64, 68, 55, 70, 71 | 0.4201846153846154 | 0.0
7, 64, 78, 4, 70, 71 | 0.4086153846153846 | 0.0
7, 64, 78, 80, 4, 79 | 0.41156923076923074 | 0.0
7, 64, 78, 55, 80, 79 | 0.42363076923076926 | 0.0
7, 64, 78, 55, 70, 71 | 0.4201846153846154 | 0.0
7, 64, 55, 46, 70, 71 | 0.40836923076923076 | 0.0
7, 64, 55, 80, 46, 79 | 0.41181538461538464 | 0.0
7, 64, 80, 46, 4, 79 | 0.3997538461538461 | 0.0
7, 64, 46, 4, 70, 71 | 0.3968 | 0.0
42, 45, 68, 31, 32, 40 | 0.44553846153846155 | 0.0
42, 45, 78, 31, 32, 40 | 0.44553846153846155 | 0.0
42, 45, 31, 32, 46, 40 | 0.4352 | 0.0
45, 91, 68, 31, 32, 55 | 0.44504615384615387 | 0.0
45, 91, 68, 31, 32, 40 | 0.42683076923076924 | 0.0
45, 91, 78, 31, 32, 55 | 0.44504615384615387 | 0.0
45, 91, 78, 31, 32, 40 | 0.42683076923076924 | 0.0
45, 91, 31, 32, 55, 46 | 0.4347076923076923 | 0.0
45, 91, 31, 32, 46, 40 | 0.4164923076923077 | 0.0
64, 32, 55, 46, 70, 71 | 0.38055384615384613 | 0.0
64, 32, 55, 80, 46, 79 | 0.38547692307692305 | 0.0
64, 32, 80, 46, 4, 79 | 0.3716923076923077 | 0.0
64, 32, 46, 4, 70, 71 | 0.3672615384615385 | 0.0
64, 31, 32, 4, 70, 71 | 0.3790769230769231 | 0.0
64, 31, 32, 46, 4, 70 | 0.38498461538461537 | 0.008928571428571428
64, 31, 32, 46, 4, 79 | 0.3835076923076923 | 0.0
64, 31, 32, 46, 4, 71 | 0.3835076923076923 | 0.0
64, 31, 32, 46, 70, 71 | 0.3830153846153846 | 0.0
64, 31, 32, 80, 46, 4 | 0.3894153846153846 | 0.017699115044247787
64, 31, 32, 80, 46, 79 | 0.38793846153846157 | 0.0
64, 31, 32, 80, 4, 79 | 0.3835076923076923 | 0.0
64, 31, 32, 55, 80, 46 | 0.4032 | 0.024390243902439025
64, 31, 32, 55, 80, 79 | 0.39729230769230767 | 0.0
64, 31, 32, 55, 46, 70 | 0.3982769230769231 | 0.0
64, 31, 32, 55, 46, 79 | 0.3963076923076923 | 0.0
64, 31, 32, 55, 46, 71 | 0.3963076923076923 | 0.0
64, 31, 32, 55, 70, 71 | 0.39236923076923075 | 0.0
64, 31, 55, 46, 70, 71 | 0.38055384615384613 | 0.0
64, 31, 55, 80, 46, 79 | 0.38547692307692305 | 0.0
64, 31, 80, 46, 4, 79 | 0.3716923076923077 | 0.0
64, 31, 46, 4, 70, 71 | 0.3672615384615385 | 0.0
64, 78, 31, 4, 70, 71 | 0.3790769230769231 | 0.0
64, 78, 31, 80, 4, 79 | 0.3835076923076923 | 0.0
64, 78, 31, 55, 80, 79 | 0.39729230769230767 | 0.0
64, 78, 31, 55, 70, 71 | 0.39236923076923075 | 0.0
64, 78, 31, 32, 55, 80 | 0.4150153846153846 | 0.046875
64, 78, 31, 32, 55, 70 | 0.4100923076923077 | 0.0
64, 78, 31, 32, 55, 79 | 0.4081230769230769 | 0.0
64, 78, 31, 32, 55, 71 | 0.4081230769230769 | 0.0
64, 78, 31, 32, 80, 4 | 0.4012307692307692 | 0.017699115044247787
64, 78, 31, 32, 80, 79 | 0.3997538461538461 | 0.0
64, 78, 31, 32, 4, 70 | 0.3968 | 0.008928571428571428
64, 78, 31, 32, 4, 79 | 0.39532307692307694 | 0.0
64, 78, 31, 32, 4, 71 | 0.39532307692307694 | 0.0
64, 78, 31, 32, 70, 71 | 0.3948307692307692 | 0.0
64, 78, 32, 4, 70, 71 | 0.3790769230769231 | 0.0
64, 78, 32, 80, 4, 79 | 0.3835076923076923 | 0.0
64, 78, 32, 55, 80, 79 | 0.39729230769230767 | 0.0
64, 78, 32, 55, 70, 71 | 0.39236923076923075 | 0.0
64, 68, 31, 4, 70, 71 | 0.3790769230769231 | 0.0
64, 68, 31, 80, 4, 79 | 0.3835076923076923 | 0.0
64, 68, 31, 55, 80, 79 | 0.39729230769230767 | 0.0
64, 68, 31, 55, 70, 71 | 0.39236923076923075 | 0.0
64, 68, 31, 32, 55, 80 | 0.4150153846153846 | 0.046875
64, 68, 31, 32, 55, 70 | 0.4100923076923077 | 0.0
64, 68, 31, 32, 55, 79 | 0.4081230769230769 | 0.0
64, 68, 31, 32, 55, 71 | 0.4081230769230769 | 0.0
64, 68, 31, 32, 80, 4 | 0.4012307692307692 | 0.017699115044247787
64, 68, 31, 32, 80, 79 | 0.3997538461538461 | 0.0
64, 68, 31, 32, 4, 70 | 0.3968 | 0.008928571428571428
64, 68, 31, 32, 4, 79 | 0.39532307692307694 | 0.0
64, 68, 31, 32, 4, 71 | 0.39532307692307694 | 0.0
64, 68, 31, 32, 70, 71 | 0.3948307692307692 | 0.0
64, 68, 32, 4, 70, 71 | 0.3790769230769231 | 0.0
64, 68, 32, 80, 4, 79 | 0.3835076923076923 | 0.0
64, 68, 32, 55, 80, 79 | 0.39729230769230767 | 0.0
64, 68, 32, 55, 70, 71 | 0.39236923076923075 | 0.0
64, 91, 68, 55, 80, 79 | 0.3982769230769231 | 0.0
64, 91, 68, 55, 70, 71 | 0.39335384615384617 | 0.0
64, 91, 68, 32, 55, 80 | 0.416 | 0.078125
64, 91, 68, 32, 55, 70 | 0.41107692307692306 | 0.03571428571428571
64, 91, 68, 32, 55, 79 | 0.41107692307692306 | 0.0
64, 91, 68, 32, 55, 71 | 0.41107692307692306 | 0.0
64, 91, 68, 32, 80, 79 | 0.40073846153846154 | 0.0
64, 91, 68, 32, 70, 71 | 0.3958153846153846 | 0.0
64, 91, 68, 31, 32, 55 | 0.4288 | 0.0
64, 91, 68, 31, 32, 80 | 0.41846153846153844 | 0.078125
64, 91, 68, 31, 32, 70 | 0.4135384615384615 | 0.03571428571428571
64, 91, 68, 31, 32, 79 | 0.4135384615384615 | 0.0
64, 91, 68, 31, 32, 71 | 0.4135384615384615 | 0.0
64, 91, 68, 31, 55, 80 | 0.416 | 0.078125
64, 91, 68, 31, 55, 70 | 0.41107692307692306 | 0.03571428571428571
64, 91, 68, 31, 55, 79 | 0.41107692307692306 | 0.0
64, 91, 68, 31, 55, 71 | 0.41107692307692306 | 0.0
64, 91, 68, 31, 80, 79 | 0.40073846153846154 | 0.0
64, 91, 68, 31, 70, 71 | 0.3958153846153846 | 0.0
64, 91, 78, 55, 80, 79 | 0.3982769230769231 | 0.0
64, 91, 78, 55, 70, 71 | 0.39335384615384617 | 0.0
64, 91, 78, 32, 55, 80 | 0.416 | 0.078125
64, 91, 78, 32, 55, 70 | 0.41107692307692306 | 0.03571428571428571
64, 91, 78, 32, 55, 79 | 0.41107692307692306 | 0.0
64, 91, 78, 32, 55, 71 | 0.41107692307692306 | 0.0
64, 91, 78, 32, 80, 79 | 0.40073846153846154 | 0.0
64, 91, 78, 32, 70, 71 | 0.3958153846153846 | 0.0
64, 91, 78, 31, 32, 55 | 0.4288 | 0.0
64, 91, 78, 31, 32, 80 | 0.41846153846153844 | 0.078125
64, 91, 78, 31, 32, 70 | 0.4135384615384615 | 0.03571428571428571
64, 91, 78, 31, 32, 79 | 0.4135384615384615 | 0.0
64, 91, 78, 31, 32, 71 | 0.4135384615384615 | 0.0
64, 91, 78, 31, 55, 80 | 0.416 | 0.078125
64, 91, 78, 31, 55, 70 | 0.41107692307692306 | 0.03571428571428571
64, 91, 78, 31, 55, 79 | 0.41107692307692306 | 0.0
64, 91, 78, 31, 55, 71 | 0.41107692307692306 | 0.0
64, 91, 78, 31, 80, 79 | 0.40073846153846154 | 0.0
64, 91, 78, 31, 70, 71 | 0.3958153846153846 | 0.0
64, 91, 31, 46, 70, 71 | 0.384 | 0.0
64, 91, 31, 80, 46, 79 | 0.3889230769230769 | 0.0
64, 91, 31, 55, 80, 46 | 0.40418461538461536 | 0.024390243902439025
64, 91, 31, 55, 80, 79 | 0.3982769230769231 | 0.0
64, 91, 31, 55, 46, 70 | 0.39926153846153845 | 0.03571428571428571
64, 91, 31, 55, 46, 79 | 0.39926153846153845 | 0.0
64, 91, 31, 55, 46, 71 | 0.39926153846153845 | 0.0
64, 91, 31, 55, 70, 71 | 0.39335384615384617 | 0.0
64, 91, 31, 32, 55, 80 | 0.416 | 0.078125
64, 91, 31, 32, 55, 46 | 0.4169846153846154 | 0.024390243902439025
64, 91, 31, 32, 55, 70 | 0.41107692307692306 | 0.03571428571428571
64, 91, 31, 32, 55, 79 | 0.41107692307692306 | 0.0
64, 91, 31, 32, 55, 71 | 0.41107692307692306 | 0.0
64, 91, 31, 32, 80, 46 | 0.4066461538461538 | 0.024390243902439025
64, 91, 31, 32, 80, 79 | 0.40073846153846154 | 0.0
64, 91, 31, 32, 46, 70 | 0.4017230769230769 | 0.03571428571428571
64, 91, 31, 32, 46, 79 | 0.4017230769230769 | 0.0
64, 91, 31, 32, 46, 71 | 0.4017230769230769 | 0.0
64, 91, 31, 32, 70, 71 | 0.3958153846153846 | 0.0
64, 91, 32, 46, 70, 71 | 0.384 | 0.0
64, 91, 32, 80, 46, 79 | 0.3889230769230769 | 0.0
64, 91, 32, 55, 80, 46 | 0.40418461538461536 | 0.024390243902439025
64, 91, 32, 55, 80, 79 | 0.3982769230769231 | 0.0
64, 91, 32, 55, 46, 70 | 0.39926153846153845 | 0.03571428571428571
64, 91, 32, 55, 46, 79 | 0.39926153846153845 | 0.0
64, 91, 32, 55, 46, 71 | 0.39926153846153845 | 0.0
64, 91, 32, 55, 70, 71 | 0.39335384615384617 | 0.0
64, 91, 55, 46, 70, 71 | 0.38153846153846155 | 0.0
64, 91, 55, 80, 46, 79 | 0.38646153846153847 | 0.0
91, 55, 60, 46, 70, 71 | 0.3771076923076923 | 0.0
91, 55, 60, 80, 46, 79 | 0.38203076923076923 | 0.0
91, 32, 55, 46, 70, 71 | 0.38006153846153845 | 0.0
91, 32, 55, 80, 46, 79 | 0.38793846153846157 | 0.0
91, 32, 55, 60, 80, 46 | 0.3997538461538461 | 0.0
91, 32, 55, 60, 80, 79 | 0.39236923076923075 | 0.0
91, 32, 55, 60, 46, 70 | 0.3948307692307692 | 0.03571428571428571
91, 32, 55, 60, 46, 79 | 0.3948307692307692 | 0.0
91, 32, 55, 60, 46, 71 | 0.3948307692307692 | 0.0
91, 32, 55, 60, 70, 71 | 0.38744615384615383 | 0.0
91, 32, 60, 46, 70, 71 | 0.37956923076923077 | 0.0
91, 32, 60, 80, 46, 79 | 0.3844923076923077 | 0.0
91, 32, 80, 46, 79, 40 | 0.36972307692307693 | 0.0
91, 32, 46, 70, 71, 40 | 0.3618461538461539 | 0.0
91, 31, 32, 70, 71, 40 | 0.3721846153846154 | 0.0
91, 31, 32, 46, 70, 71 | 0.3825230769230769 | 0.0
91, 31, 32, 46, 70, 40 | 0.37956923076923077 | 0.0
91, 31, 32, 46, 79, 40 | 0.37956923076923077 | 0.0
91, 31, 32, 46, 71, 40 | 0.37956923076923077 | 0.0
91, 31, 32, 80, 46, 79 | 0.3904 | 0.0
91, 31, 32, 80, 46, 40 | 0.38744615384615383 | 0.0
91, 31, 32, 80, 79, 40 | 0.38006153846153845 | 0.0
91, 31, 32, 60, 80, 46 | 0.40221538461538464 | 0.0
91, 31, 32, 60, 80, 79 | 0.3948307692307692 | 0.0
91, 31, 32, 60, 46, 70 | 0.39729230769230767 | 0.03571428571428571
91, 31, 32, 60, 46, 79 | 0.39729230769230767 | 0.0
91, 31, 32, 60, 46, 71 | 0.39729230769230767 | 0.0
91, 31, 32, 60, 70, 71 | 0.3899076923076923 | 0.0
91, 31, 32, 55, 60, 80 | 0.4100923076923077 | 0.078125
91, 31, 32, 55, 60, 46 | 0.41255384615384616 | 0.0
91, 31, 32, 55, 60, 70 | 0.4051692307692308 | 0.03571428571428571
91, 31, 32, 55, 60, 79 | 0.4051692307692308 | 0.0
91, 31, 32, 55, 60, 71 | 0.4051692307692308 | 0.0
91, 31, 32, 55, 80, 46 | 0.40566153846153846 | 0.0
91, 31, 32, 55, 80, 79 | 0.3982769230769231 | 0.0
91, 31, 32, 55, 46, 70 | 0.3977846153846154 | 0.03571428571428571
91, 31, 32, 55, 46, 79 | 0.3977846153846154 | 0.0
91, 31, 32, 55, 46, 71 | 0.3977846153846154 | 0.0
91, 31, 32, 55, 70, 71 | 0.3904 | 0.0
91, 31, 55, 46, 70, 71 | 0.38006153846153845 | 0.0
91, 31, 55, 80, 46, 79 | 0.38793846153846157 | 0.0
91, 31, 55, 60, 80, 46 | 0.3997538461538461 | 0.0
91, 31, 55, 60, 80, 79 | 0.39236923076923075 | 0.0
91, 31, 55, 60, 46, 70 | 0.3948307692307692 | 0.03571428571428571
91, 31, 55, 60, 46, 79 | 0.3948307692307692 | 0.0
91, 31, 55, 60, 46, 71 | 0.3948307692307692 | 0.0
91, 31, 55, 60, 70, 71 | 0.38744615384615383 | 0.0
91, 31, 60, 46, 70, 71 | 0.37956923076923077 | 0.0
91, 31, 60, 80, 46, 79 | 0.3844923076923077 | 0.0
91, 31, 80, 46, 79, 40 | 0.36972307692307693 | 0.0
91, 31, 46, 70, 71, 40 | 0.3618461538461539 | 0.0
91, 78, 31, 70, 71, 40 | 0.3721846153846154 | 0.0
91, 78, 31, 80, 79, 40 | 0.38006153846153845 | 0.0
91, 78, 31, 60, 80, 79 | 0.3948307692307692 | 0.0
91, 78, 31, 60, 70, 71 | 0.3899076923076923 | 0.0
91, 78, 31, 55, 60, 80 | 0.4100923076923077 | 0.078125
91, 78, 31, 55, 60, 70 | 0.4051692307692308 | 0.03571428571428571
91, 78, 31, 55, 60, 79 | 0.4051692307692308 | 0.0
91, 78, 31, 55, 60, 71 | 0.4051692307692308 | 0.0
91, 78, 31, 55, 80, 79 | 0.3982769230769231 | 0.0
91, 78, 31, 55, 70, 71 | 0.3904 | 0.0
91, 78, 31, 32, 55, 60 | 0.4228923076923077 | 0.0
91, 78, 31, 32, 55, 80 | 0.416 | 0.03125
91, 78, 31, 32, 55, 70 | 0.4081230769230769 | 0.03571428571428571
91, 78, 31, 32, 55, 79 | 0.4081230769230769 | 0.0
91, 78, 31, 32, 55, 71 | 0.4081230769230769 | 0.0
91, 78, 31, 32, 60, 80 | 0.41255384615384616 | 0.078125
91, 78, 31, 32, 60, 70 | 0.40763076923076924 | 0.03571428571428571
91, 78, 31, 32, 60, 79 | 0.40763076923076924 | 0.0
91, 78, 31, 32, 60, 71 | 0.40763076923076924 | 0.0
91, 78, 31, 32, 80, 79 | 0.40073846153846154 | 0.0
91, 78, 31, 32, 80, 40 | 0.3977846153846154 | 0.0
91, 78, 31, 32, 70, 71 | 0.3928615384615385 | 0.0
91, 78, 31, 32, 70, 40 | 0.3899076923076923 | 0.0
91, 78, 31, 32, 79, 40 | 0.3899076923076923 | 0.0
91, 78, 31, 32, 71, 40 | 0.3899076923076923 | 0.0
91, 78, 32, 70, 71, 40 | 0.3721846153846154 | 0.0
91, 78, 32, 80, 79, 40 | 0.38006153846153845 | 0.0
91, 78, 32, 60, 80, 79 | 0.3948307692307692 | 0.0
91, 78, 32, 60, 70, 71 | 0.3899076923076923 | 0.0
91, 78, 32, 55, 60, 80 | 0.4100923076923077 | 0.078125
91, 78, 32, 55, 60, 70 | 0.4051692307692308 | 0.03571428571428571
91, 78, 32, 55, 60, 79 | 0.4051692307692308 | 0.0
91, 78, 32, 55, 60, 71 | 0.4051692307692308 | 0.0
91, 78, 32, 55, 80, 79 | 0.3982769230769231 | 0.0
91, 78, 32, 55, 70, 71 | 0.3904 | 0.0
91, 78, 55, 60, 80, 79 | 0.39236923076923075 | 0.0
91, 78, 55, 60, 70, 71 | 0.38744615384615383 | 0.0
91, 68, 31, 70, 71, 40 | 0.3721846153846154 | 0.0
91, 68, 31, 80, 79, 40 | 0.38006153846153845 | 0.0
91, 68, 31, 60, 80, 79 | 0.3948307692307692 | 0.0
91, 68, 31, 60, 70, 71 | 0.3899076923076923 | 0.0
91, 68, 31, 55, 60, 80 | 0.4100923076923077 | 0.078125
91, 68, 31, 55, 60, 70 | 0.4051692307692308 | 0.03571428571428571
91, 68, 31, 55, 60, 79 | 0.4051692307692308 | 0.0
91, 68, 31, 55, 60, 71 | 0.4051692307692308 | 0.0
91, 68, 31, 55, 80, 79 | 0.3982769230769231 | 0.0
91, 68, 31, 55, 70, 71 | 0.3904 | 0.0
91, 68, 31, 32, 55, 60 | 0.4228923076923077 | 0.0
91, 68, 31, 32, 55, 80 | 0.416 | 0.03125
91, 68, 31, 32, 55, 70 | 0.4081230769230769 | 0.03571428571428571
91, 68, 31, 32, 55, 79 | 0.4081230769230769 | 0.0
91, 68, 31, 32, 55, 71 | 0.4081230769230769 | 0.0
91, 68, 31, 32, 60, 80 | 0.41255384615384616 | 0.078125
91, 68, 31, 32, 60, 70 | 0.40763076923076924 | 0.03571428571428571
91, 68, 31, 32, 60, 79 | 0.40763076923076924 | 0.0
91, 68, 31, 32, 60, 71 | 0.40763076923076924 | 0.0
91, 68, 31, 32, 80, 79 | 0.40073846153846154 | 0.0
91, 68, 31, 32, 80, 40 | 0.3977846153846154 | 0.0
91, 68, 31, 32, 70, 71 | 0.3928615384615385 | 0.0
91, 68, 31, 32, 70, 40 | 0.3899076923076923 | 0.0
91, 68, 31, 32, 79, 40 | 0.3899076923076923 | 0.0
91, 68, 31, 32, 71, 40 | 0.3899076923076923 | 0.0
91, 68, 32, 70, 71, 40 | 0.3721846153846154 | 0.0
91, 68, 32, 80, 79, 40 | 0.38006153846153845 | 0.0
91, 68, 32, 60, 80, 79 | 0.3948307692307692 | 0.0
91, 68, 32, 60, 70, 71 | 0.3899076923076923 | 0.0
91, 68, 32, 55, 60, 80 | 0.4100923076923077 | 0.078125
91, 68, 32, 55, 60, 70 | 0.4051692307692308 | 0.03571428571428571
91, 68, 32, 55, 60, 79 | 0.4051692307692308 | 0.0
91, 68, 32, 55, 60, 71 | 0.4051692307692308 | 0.0
91, 68, 32, 55, 80, 79 | 0.3982769230769231 | 0.0
91, 68, 32, 55, 70, 71 | 0.3904 | 0.0
91, 68, 55, 60, 80, 79 | 0.39236923076923075 | 0.0
91, 68, 55, 60, 70, 71 | 0.38744615384615383 | 0.0
68, 32, 55, 60, 80, 79 | 0.3913846153846154 | 0.0
68, 32, 55, 60, 70, 71 | 0.38646153846153847 | 0.0
68, 32, 60, 4, 70, 71 | 0.37316923076923075 | 0.0
68, 32, 60, 80, 4, 79 | 0.3776 | 0.0
68, 31, 32, 70, 71, 40 | 0.3712 | 0.0
68, 31, 32, 4, 70, 71 | 0.37612307692307695 | 0.0
68, 31, 32, 80, 4, 79 | 0.3835076923076923 | 0.0
68, 31, 32, 80, 79, 40 | 0.3790769230769231 | 0.0
68, 31, 32, 60, 80, 4 | 0.39532307692307694 | 0.017699115044247787
68, 31, 32, 60, 80, 79 | 0.39384615384615385 | 0.0
68, 31, 32, 60, 4, 70 | 0.3908923076923077 | 0.008928571428571428
68, 31, 32, 60, 4, 79 | 0.3894153846153846 | 0.0
68, 31, 32, 60, 4, 71 | 0.3894153846153846 | 0.0
68, 31, 32, 60, 70, 71 | 0.3889230769230769 | 0.0
68, 31, 32, 55, 60, 80 | 0.4091076923076923 | 0.046875
68, 31, 32, 55, 60, 70 | 0.40418461538461536 | 0.0
68, 31, 32, 55, 60, 79 | 0.40221538461538464 | 0.0
68, 31, 32, 55, 60, 71 | 0.40221538461538464 | 0.0
68, 31, 32, 55, 80, 79 | 0.39729230769230767 | 0.0
68, 31, 32, 55, 70, 71 | 0.3894153846153846 | 0.0
68, 31, 55, 60, 80, 79 | 0.3913846153846154 | 0.0
68, 31, 55, 60, 70, 71 | 0.38646153846153847 | 0.0
68, 31, 60, 4, 70, 71 | 0.37316923076923075 | 0.0
68, 31, 60, 80, 4, 79 | 0.3776 | 0.0
78, 32, 55, 60, 80, 79 | 0.3913846153846154 | 0.0
78, 32, 55, 60, 70, 71 | 0.38646153846153847 | 0.0
78, 32, 60, 4, 70, 71 | 0.37316923076923075 | 0.0
78, 32, 60, 80, 4, 79 | 0.3776 | 0.0
78, 31, 32, 70, 71, 40 | 0.3712 | 0.0
78, 31, 32, 4, 70, 71 | 0.37612307692307695 | 0.0
78, 31, 32, 80, 4, 79 | 0.3835076923076923 | 0.0
78, 31, 32, 80, 79, 40 | 0.3790769230769231 | 0.0
78, 31, 32, 60, 80, 4 | 0.39532307692307694 | 0.017699115044247787
78, 31, 32, 60, 80, 79 | 0.39384615384615385 | 0.0
78, 31, 32, 60, 4, 70 | 0.3908923076923077 | 0.008928571428571428
78, 31, 32, 60, 4, 79 | 0.3894153846153846 | 0.0
78, 31, 32, 60, 4, 71 | 0.3894153846153846 | 0.0
78, 31, 32, 60, 70, 71 | 0.3889230769230769 | 0.0
78, 31, 32, 55, 60, 80 | 0.4091076923076923 | 0.046875
78, 31, 32, 55, 60, 70 | 0.40418461538461536 | 0.0
78, 31, 32, 55, 60, 79 | 0.40221538461538464 | 0.0
78, 31, 32, 55, 60, 71 | 0.40221538461538464 | 0.0
78, 31, 32, 55, 80, 79 | 0.39729230769230767 | 0.0
78, 31, 32, 55, 70, 71 | 0.3894153846153846 | 0.0
78, 31, 55, 60, 80, 79 | 0.3913846153846154 | 0.0
78, 31, 55, 60, 70, 71 | 0.38646153846153847 | 0.0
78, 31, 60, 4, 70, 71 | 0.37316923076923075 | 0.0
78, 31, 60, 80, 4, 79 | 0.3776 | 0.0
31, 60, 80, 46, 4, 79 | 0.3672615384615385 | 0.0
31, 60, 46, 4, 70, 71 | 0.36283076923076923 | 0.0
31, 55, 60, 46, 70, 71 | 0.37612307692307695 | 0.0
31, 55, 60, 80, 46, 79 | 0.38104615384615387 | 0.0
31, 32, 55, 46, 70, 71 | 0.3790769230769231 | 0.0
31, 32, 55, 80, 46, 79 | 0.38695384615384615 | 0.0
31, 32, 55, 60, 80, 46 | 0.39876923076923076 | 0.0
31, 32, 55, 60, 80, 79 | 0.3913846153846154 | 0.0
31, 32, 55, 60, 46, 70 | 0.39384615384615385 | 0.0
31, 32, 55, 60, 46, 79 | 0.39187692307692307 | 0.0
31, 32, 55, 60, 46, 71 | 0.39187692307692307 | 0.0
31, 32, 55, 60, 70, 71 | 0.38646153846153847 | 0.0
31, 32, 60, 4, 70, 71 | 0.37316923076923075 | 0.0
31, 32, 60, 46, 4, 70 | 0.38055384615384613 | 0.008928571428571428
31, 32, 60, 46, 4, 79 | 0.3790769230769231 | 0.0
31, 32, 60, 46, 4, 71 | 0.3790769230769231 | 0.0
31, 32, 60, 46, 70, 71 | 0.3785846153846154 | 0.0
31, 32, 60, 80, 46, 4 | 0.38498461538461537 | 0.017699115044247787
31, 32, 60, 80, 46, 79 | 0.3835076923076923 | 0.0
31, 32, 60, 80, 4, 79 | 0.3776 | 0.0
31, 32, 80, 46, 4, 79 | 0.37316923076923075 | 0.0
31, 32, 80, 46, 79, 40 | 0.3687384615384615 | 0.0
31, 32, 46, 70, 71, 40 | 0.36086153846153846 | 0.0
31, 32, 46, 4, 70, 71 | 0.3657846153846154 | 0.0
32, 60, 80, 46, 4, 79 | 0.3672615384615385 | 0.0
32, 60, 46, 4, 70, 71 | 0.36283076923076923 | 0.0
32, 55, 60, 46, 70, 71 | 0.37612307692307695 | 0.0
32, 55, 60, 80, 46, 79 | 0.38104615384615387 | 0.0
