31, 32, 60, 80, 46, 4, 79 | 0.43815384615384617 | 0.0
31, 32, 60, 46, 4, 70, 71 | 0.43372307692307693 | 0.0
31, 32, 55, 60, 46, 70, 71 | 0.4470153846153846 | 0.0
31, 32, 55, 60, 80, 46, 79 | 0.4519384615384615 | 0.0
78, 31, 32, 55, 60, 80, 79 | 0.4622769230769231 | 0.0
78, 31, 32, 55, 60, 70, 71 | 0.45735384615384617 | 0.0
78, 31, 32, 60, 4, 70, 71 | 0.44406153846153845 | 0.0
78, 31, 32, 60, 80, 4, 79 | 0.4484923076923077 | 0.0
68, 31, 32, 55, 60, 80, 79 | 0.4622769230769231 | 0.0
68, 31, 32, 55, 60, 70, 71 | 0.45735384615384617 | 0.0
68, 31, 32, 60, 4, 70, 71 | 0.44406153846153845 | 0.0
68, 31, 32, 60, 80, 4, 79 | 0.4484923076923077 | 0.0
91, 68, 32, 55, 60, 80, 79 | 0.46326153846153845 | 0.0
91, 68, 32, 55, 60, 70, 71 | 0.45833846153846153 | 0.0
91, 68, 31, 32, 70, 71, 40 | 0.4430769230769231 | 0.0
91, 68, 31, 32, 80, 79, 40 | 0.45095384615384615 | 0.0
91, 68, 31, 32, 60, 80, 79 | 0.4657230769230769 | 0.0
91, 68, 31, 32, 60, 70, 71 | 0.4608 | 0.0
91, 68, 31, 32, 55, 60, 80 | 0.4809846153846154 | 0.078125
91, 68, 31, 32, 55, 60, 70 | 0.4760615384615385 | 0.03571428571428571
91, 68, 31, 32, 55, 60, 79 | 0.4760615384615385 | 0.0
91, 68, 31, 32, 55, 60, 71 | 0.4760615384615385 | 0.0
91, 68, 31, 32, 55, 80, 79 | 0.4691692307692308 | 0.0
91, 68, 31, 32, 55, 70, 71 | 0.46129230769230767 | 0.0
91, 68, 31, 55, 60, 80, 79 | 0.46326153846153845 | 0.0
91, 68, 31, 55, 60, 70, 71 | 0.45833846153846153 | 0.0
91, 78, 32, 55, 60, 80, 79 | 0.46326153846153845 | 0.0
91, 78, 32, 55, 60, 70, 71 | 0.45833846153846153 | 0.0
91, 78, 31, 32, 70, 71, 40 | 0.4430769230769231 | 0.0
91, 78, 31, 32, 80, 79, 40 | 0.45095384615384615 | 0.0
91, 78, 31, 32, 60, 80, 79 | 0.4657230769230769 | 0.0
91, 78, 31, 32, 60, 70, 71 | 0.4608 | 0.0
91, 78, 31, 32, 55, 60, 80 | 0.4809846153846154 | 0.078125
91, 78, 31, 32, 55, 60, 70 | 0.4760615384615385 | 0.03571428571428571
91, 78, 31, 32, 55, 60, 79 | 0.4760615384615385 | 0.0
91, 78, 31, 32, 55, 60, 71 | 0.4760615384615385 | 0.0
91, 78, 31, 32, 55, 80, 79 | 0.4691692307692308 | 0.0
91, 78, 31, 32, 55, 70, 71 | 0.46129230769230767 | 0.0
91, 78, 31, 55, 60, 80, 79 | 0.46326153846153845 | 0.0
91, 78, 31, 55, 60, 70, 71 | 0.45833846153846153 | 0.0
91, 31, 55, 60, 46, 70, 71 | 0.448 | 0.0
91, 31, 55, 60, 80, 46, 79 | 0.45292307692307693 | 0.0
91, 31, 32, 55, 46, 70, 71 | 0.45095384615384615 | 0.0
91, 31, 32, 55, 80, 46, 79 | 0.4588307692307692 | 0.0
91, 31, 32, 55, 60, 80, 46 | 0.4706461538461538 | 0.0
91, 31, 32, 55, 60, 80, 79 | 0.46326153846153845 | 0.0
91, 31, 32, 55, 60, 46, 70 | 0.4657230769230769 | 0.03571428571428571
91, 31, 32, 55, 60, 46, 79 | 0.4657230769230769 | 0.0
91, 31, 32, 55, 60, 46, 71 | 0.4657230769230769 | 0.0
91, 31, 32, 55, 60, 70, 71 | 0.45833846153846153 | 0.0
91, 31, 32, 60, 46, 70, 71 | 0.45046153846153847 | 0.0
91, 31, 32, 60, 80, 46, 79 | 0.4553846153846154 | 0.0
91, 31, 32, 80, 46, 79, 40 | 0.44061538461538463 | 0.0
91, 31, 32, 46, 70, 71, 40 | 0.4327384615384615 | 0.0
91, 32, 55, 60, 46, 70, 71 | 0.448 | 0.0
91, 32, 55, 60, 80, 46, 79 | 0.45292307692307693 | 0.0
64, 91, 32, 55, 46, 70, 71 | 0.45243076923076925 | 0.0
64, 91, 32, 55, 80, 46, 79 | 0.45735384615384617 | 0.0
64, 91, 31, 32, 46, 70, 71 | 0.4548923076923077 | 0.0
64, 91, 31, 32, 80, 46, 79 | 0.4598153846153846 | 0.0
64, 91, 31, 32, 55, 80, 46 | 0.47507692307692306 | 0.024390243902439025
64, 91, 31, 32, 55, 80, 79 | 0.4691692307692308 | 0.0
64, 91, 31, 32, 55, 46, 70 | 0.47015384615384614 | 0.03571428571428571
64, 91, 31, 32, 55, 46, 79 | 0.47015384615384614 | 0.0
64, 91, 31, 32, 55, 46, 71 | 0.47015384615384614 | 0.0
64, 91, 31, 32, 55, 70, 71 | 0.46424615384615386 | 0.0
64, 91, 31, 55, 46, 70, 71 | 0.45243076923076925 | 0.0
64, 91, 31, 55, 80, 46, 79 | 0.45735384615384617 | 0.0
64, 91, 78, 31, 55, 80, 79 | 0.4691692307692308 | 0.0
64, 91, 78, 31, 55, 70, 71 | 0.46424615384615386 | 0.0
64, 91, 78, 31, 32, 55, 80 | 0.4868923076923077 | 0.078125
64, 91, 78, 31, 32, 55, 70 | 0.48196923076923076 | 0.03571428571428571
64, 91, 78, 31, 32, 55, 79 | 0.48196923076923076 | 0.0
64, 91, 78, 31, 32, 55, 71 | 0.48196923076923076 | 0.0
64, 91, 78, 31, 32, 80, 79 | 0.47163076923076924 | 0.0
64, 91, 78, 31, 32, 70, 71 | 0.4667076923076923 | 0.0
64, 91, 78, 32, 55, 80, 79 | 0.4691692307692308 | 0.0
64, 91, 78, 32, 55, 70, 71 | 0.46424615384615386 | 0.0
64, 91, 68, 31, 55, 80, 79 | 0.4691692307692308 | 0.0
64, 91, 68, 31, 55, 70, 71 | 0.46424615384615386 | 0.0
64, 91, 68, 31, 32, 55, 80 | 0.4868923076923077 | 0.078125
64, 91, 68, 31, 32, 55, 70 | 0.48196923076923076 | 0.03571428571428571
64, 91, 68, 31, 32, 55, 79 | 0.48196923076923076 | 0.0
64, 91, 68, 31, 32, 55, 71 | 0.48196923076923076 | 0.0
64, 91, 68, 31, 32, 80, 79 | 0.47163076923076924 | 0.0
64, 91, 68, 31, 32, 70, 71 | 0.4667076923076923 | 0.0
64, 91, 68, 32, 55, 80, 79 | 0.4691692307692308 | 0.0
64, 91, 68, 32, 55, 70, 71 | 0.46424615384615386 | 0.0
64, 68, 31, 32, 4, 70, 71 | 0.4499692307692308 | 0.0
64, 68, 31, 32, 80, 4, 79 | 0.4544 | 0.0
64, 68, 31, 32, 55, 80, 79 | 0.46818461538461537 | 0.0
64, 68, 31, 32, 55, 70, 71 | 0.46326153846153845 | 0.0
64, 78, 31, 32, 4, 70, 71 | 0.4499692307692308 | 0.0
64, 78, 31, 32, 80, 4, 79 | 0.4544 | 0.0
64, 78, 31, 32, 55, 80, 79 | 0.46818461538461537 | 0.0
64, 78, 31, 32, 55, 70, 71 | 0.46326153846153845 | 0.0
64, 31, 32, 55, 46, 70, 71 | 0.45144615384615383 | 0.0
64, 31, 32, 55, 80, 46, 79 | 0.45636923076923075 | 0.0
64, 31, 32, 80, 46, 4, 79 | 0.4425846153846154 | 0.0
64, 31, 32, 46, 4, 70, 71 | 0.43815384615384617 | 0.0
119, 64, 91, 68, 55, 70, 71 | 0.4918153846153846 | 0.0
119, 64, 91, 78, 55, 70, 71 | 0.4918153846153846 | 0.0
119, 64, 91, 55, 46, 70, 71 | 0.48 | 0.0
119, 91, 55, 60, 46, 70, 71 | 0.47556923076923074 | 0.0
119, 91, 78, 55, 60, 70, 71 | 0.4859076923076923 | 0.0
119, 91, 68, 55, 60, 70, 71 | 0.4859076923076923 | 0.0
41, 119, 91, 46, 70, 71, 40 | 0.5144615384615384 | 0.0
41, 42, 45, 31, 32, 46, 40 | 0.5641846153846154 | 0.0
41, 45, 91, 31, 32, 46, 40 | 0.5454769230769231 | 0.0
41, 91, 32, 80, 46, 79, 40 | 0.4987076923076923 | 0.0
41, 91, 32, 46, 70, 71, 40 | 0.49083076923076924 | 0.0
41, 91, 31, 32, 70, 71, 40 | 0.5011692307692308 | 0.0
41, 91, 31, 32, 46, 70, 71 | 0.5115076923076923 | 0.0
41, 91, 31, 32, 46, 70, 40 | 0.5085538461538461 | 0.0
41, 91, 31, 32, 46, 79, 40 | 0.5085538461538461 | 0.0
41, 91, 31, 32, 46, 71, 40 | 0.5085538461538461 | 0.0
41, 91, 31, 32, 80, 46, 79 | 0.5193846153846153 | 0.0
41, 91, 31, 32, 80, 46, 40 | 0.5164307692307692 | 0.0
41, 91, 31, 32, 80, 79, 40 | 0.5090461538461538 | 0.0
41, 91, 31, 80, 46, 79, 40 | 0.4987076923076923 | 0.0
41, 91, 31, 46, 70, 71, 40 | 0.49083076923076924 | 0.0
41, 31, 32, 80, 46, 79, 40 | 0.49772307692307693 | 0.0
41, 31, 32, 46, 70, 71, 40 | 0.4898461538461538 | 0.0
54, 119, 91, 68, 55, 70, 71 | 0.5587692307692308 | 0.0
54, 119, 91, 78, 55, 70, 71 | 0.5587692307692308 | 0.0
54, 119, 91, 55, 46, 70, 71 | 0.5484307692307693 | 0.0
54, 91, 32, 55, 46, 70, 71 | 0.5179076923076923 | 0.0
54, 91, 32, 55, 80, 46, 79 | 0.5257846153846154 | 0.0
54, 91, 31, 32, 46, 70, 71 | 0.5203692307692308 | 0.0
54, 91, 31, 32, 80, 46, 79 | 0.5282461538461538 | 0.0
54, 91, 31, 32, 55, 80, 46 | 0.5435076923076924 | 0.0
54, 91, 31, 32, 55, 80, 79 | 0.5361230769230769 | 0.0
54, 91, 31, 32, 55, 46, 70 | 0.5356307692307692 | 0.03571428571428571
54, 91, 31, 32, 55, 46, 79 | 0.5356307692307692 | 0.0
54, 91, 31, 32, 55, 46, 71 | 0.5356307692307692 | 0.0
54, 91, 31, 32, 55, 70, 71 | 0.5282461538461538 | 0.0
54, 91, 31, 55, 46, 70, 71 | 0.5179076923076923 | 0.0
54, 91, 31, 55, 80, 46, 79 | 0.5257846153846154 | 0.0
54, 91, 78, 31, 55, 80, 79 | 0.5361230769230769 | 0.0
54, 91, 78, 31, 55, 70, 71 | 0.5282461538461538 | 0.0
54, 91, 78, 31, 32, 55, 80 | 0.5538461538461539 | 0.03125
54, 91, 78, 31, 32, 55, 70 | 0.5459692307692308 | 0.03571428571428571
54, 91, 78, 31, 32, 55, 79 | 0.5459692307692308 | 0.0
54, 91, 78, 31, 32, 55, 71 | 0.5459692307692308 | 0.0
54, 91, 78, 31, 32, 80, 79 | 0.5385846153846154 | 0.0
54, 91, 78, 31, 32, 70, 71 | 0.5307076923076923 | 0.0
54, 91, 78, 32, 55, 80, 79 | 0.5361230769230769 | 0.0
54, 91, 78, 32, 55, 70, 71 | 0.5282461538461538 | 0.0
54, 91, 68, 31, 55, 80, 79 | 0.5361230769230769 | 0.0
54, 91, 68, 31, 55, 70, 71 | 0.5282461538461538 | 0.0
54, 91, 68, 31, 32, 55, 80 | 0.5538461538461539 | 0.03125
54, 91, 68, 31, 32, 55, 70 | 0.5459692307692308 | 0.03571428571428571
54, 91, 68, 31, 32, 55, 79 | 0.5459692307692308 | 0.0
54, 91, 68, 31, 32, 55, 71 | 0.5459692307692308 | 0.0
54, 91, 68, 31, 32, 80, 79 | 0.5385846153846154 | 0.0
54, 91, 68, 31, 32, 70, 71 | 0.5307076923076923 | 0.0
54, 91, 68, 32, 55, 80, 79 | 0.5361230769230769 | 0.0
54, 91, 68, 32, 55, 70, 71 | 0.5282461538461538 | 0.0
54, 68, 31, 32, 4, 70, 71 | 0.5139692307692307 | 0.0
54, 68, 31, 32, 80, 4, 79 | 0.5213538461538462 | 0.0
54, 68, 31, 32, 55, 80, 79 | 0.5351384615384616 | 0.0
54, 68, 31, 32, 55, 70, 71 | 0.5272615384615384 | 0.0
54, 78, 31, 32, 4, 70, 71 | 0.5139692307692307 | 0.0
54, 78, 31, 32, 80, 4, 79 | 0.5213538461538462 | 0.0
54, 78, 31, 32, 55, 80, 79 | 0.5351384615384616 | 0.0
54, 78, 31, 32, 55, 70, 71 | 0.5272615384615384 | 0.0
54, 31, 32, 55, 46, 70, 71 | 0.5169230769230769 | 0.0
54, 31, 32, 55, 80, 46, 79 | 0.5248 | 0.0
54, 31, 32, 80, 46, 4, 79 | 0.5110153846153846 | 0.0
54, 31, 32, 46, 4, 70, 71 | 0.5036307692307692 | 0.0
44, 54, 31, 32, 46, 70, 71 | 0.5865846153846154 | 0.0
44, 41, 32, 46, 70, 71, 40 | 0.564923076923077 | 0.0
44, 41, 31, 32, 70, 71, 40 | 0.5752615384615385 | 0.0
44, 41, 31, 32, 46, 70, 71 | 0.5856 | 0.0
44, 41, 31, 32, 46, 70, 40 | 0.5826461538461538 | 0.0
44, 41, 31, 32, 46, 79, 40 | 0.5826461538461538 | 0.0
44, 41, 31, 32, 46, 71, 40 | 0.5826461538461538 | 0.0
44, 41, 31, 46, 70, 71, 40 | 0.564923076923077 | 0.0
44, 41, 45, 31, 32, 46, 40 | 0.6195692307692308 | 0.0
44, 41, 42, 45, 32, 46, 40 | 0.6412307692307693 | 0.0
44, 41, 42, 45, 31, 32, 46 | 0.6619076923076923 | 0.0
44, 41, 42, 45, 31, 32, 40 | 0.6515692307692308 | 0.0
44, 41, 42, 45, 31, 46, 40 | 0.6412307692307693 | 0.0
44, 41, 42, 31, 32, 46, 40 | 0.6220307692307693 | 0.0
44, 42, 45, 31, 32, 46, 40 | 0.5831384615384615 | 0.0
44, 31, 32, 46, 70, 71, 40 | 0.5068307692307692 | 0.0
95, 44, 41, 31, 32, 46, 40 | 0.6889846153846154 | 0.0
95, 54, 91, 68, 31, 32, 55 | 0.6523076923076923 | 0.0
95, 54, 91, 78, 31, 32, 55 | 0.6523076923076923 | 0.0
95, 54, 91, 31, 32, 55, 46 | 0.6419692307692307 | 0.0
95, 41, 91, 31, 32, 46, 40 | 0.6148923076923077 | 0.0
95, 64, 91, 68, 31, 32, 55 | 0.5883076923076923 | 0.0
95, 64, 91, 78, 31, 32, 55 | 0.5883076923076923 | 0.0
95, 64, 91, 31, 32, 55, 46 | 0.5764923076923076 | 0.024390243902439025
95, 91, 31, 32, 55, 60, 46 | 0.5720615384615385 | 0.0
95, 91, 78, 31, 32, 55, 60 | 0.5824 | 0.0
95, 91, 68, 31, 32, 55, 60 | 0.5824 | 0.0
37, 68, 31, 32, 55, 80, 79 | 0.551876923076923 | 0.0
37, 68, 31, 32, 55, 70, 71 | 0.5499076923076923 | 0.0
37, 78, 31, 32, 55, 80, 79 | 0.551876923076923 | 0.0
37, 78, 31, 32, 55, 70, 71 | 0.5499076923076923 | 0.0
37, 31, 32, 55, 46, 70, 71 | 0.5366153846153846 | 0.0
37, 31, 32, 55, 80, 46, 79 | 0.5385846153846154 | 0.0
43, 44, 45, 31, 32, 46, 40 | 0.6742153846153847 | 0.0
43, 44, 42, 45, 32, 46, 40 | 0.6958769230769231 | 0.0
43, 44, 42, 45, 31, 32, 46 | 0.7165538461538462 | 0.0
43, 44, 42, 45, 31, 32, 40 | 0.7062153846153846 | 0.0
43, 44, 42, 45, 31, 46, 40 | 0.6958769230769231 | 0.0
43, 44, 42, 31, 32, 46, 40 | 0.6766769230769231 | 0.0
43, 44, 119, 42, 45, 46, 40 | 0.72 | 0.0
43, 44, 41, 42, 32, 46, 40 | 0.7347692307692307 | 0.0
43, 44, 41, 42, 31, 32, 46 | 0.7554461538461539 | 0.0
43, 44, 41, 42, 31, 32, 40 | 0.7451076923076924 | 0.0
43, 44, 41, 42, 31, 46, 40 | 0.7347692307692307 | 0.0
43, 44, 41, 42, 45, 31, 32 | 0.7849846153846154 | 0.0
43, 44, 41, 42, 45, 31, 46 | 0.7746461538461539 | 0.0
43, 44, 41, 42, 45, 31, 40 | 0.7643076923076924 | 0.0
43, 44, 41, 42, 45, 32, 46 | 0.7746461538461539 | 0.0
43, 44, 41, 42, 45, 32, 40 | 0.7643076923076924 | 0.0
43, 44, 41, 42, 45, 46, 40 | 0.7539692307692307 | 0.0
43, 44, 41, 45, 32, 46, 40 | 0.7323076923076923 | 0.0
43, 44, 41, 45, 31, 32, 46 | 0.7529846153846154 | 0.0
43, 44, 41, 45, 31, 32, 40 | 0.7426461538461538 | 0.0
43, 44, 41, 45, 31, 46, 40 | 0.7323076923076923 | 0.0
43, 44, 41, 31, 32, 46, 40 | 0.7131076923076923 | 0.0
43, 41, 45, 31, 32, 46, 40 | 0.6552615384615385 | 0.0
43, 41, 42, 45, 32, 46, 40 | 0.676923076923077 | 0.0
43, 41, 42, 45, 31, 32, 46 | 0.6976 | 0.0
43, 41, 42, 45, 31, 32, 40 | 0.6872615384615385 | 0.0
43, 41, 42, 45, 31, 46, 40 | 0.676923076923077 | 0.0
43, 41, 42, 31, 32, 46, 40 | 0.657723076923077 | 0.0
43, 41, 7, 42, 45, 46, 40 | 0.6980923076923077 | 0.0
43, 41, 119, 42, 45, 46, 40 | 0.7005538461538462 | 0.0
43, 42, 45, 31, 32, 46, 40 | 0.6188307692307692 | 0.0
101, 44, 41, 31, 32, 46, 40 | 0.7155692307692307 | 0.0
101, 54, 91, 68, 31, 32, 55 | 0.6936615384615384 | 0.0
101, 54, 91, 78, 31, 32, 55 | 0.6936615384615384 | 0.0
101, 54, 91, 31, 32, 55, 46 | 0.6818461538461539 | 0.024390243902439025
101, 41, 91, 31, 32, 46, 40 | 0.6547692307692308 | 0.0
48, 43, 41, 42, 45, 46, 40 | 0.8187076923076924 | 0.0
48, 43, 44, 41, 45, 46, 40 | 0.8740923076923077 | 0.0
48, 43, 44, 41, 42, 45, 46 | 0.9164307692307693 | 0.0
48, 43, 44, 41, 42, 45, 40 | 0.9060923076923076 | 0.0
48, 43, 44, 41, 42, 46, 40 | 0.8765538461538461 | 0.0
48, 43, 44, 42, 45, 46, 40 | 0.8376615384615385 | 0.0
48, 44, 41, 42, 45, 46, 40 | 0.7830153846153847 | 0.0
48, 44, 41, 46, 70, 71, 40 | 0.7067076923076923 | 0.0
48, 54, 91, 68, 55, 80, 79 | 0.6779076923076923 | 0.0
48, 54, 91, 68, 55, 70, 71 | 0.6700307692307692 | 0.0
48, 54, 91, 78, 55, 80, 79 | 0.6779076923076923 | 0.0
48, 54, 91, 78, 55, 70, 71 | 0.6700307692307692 | 0.0
48, 54, 91, 55, 46, 70, 71 | 0.6596923076923077 | 0.0
48, 54, 91, 55, 80, 46, 79 | 0.6675692307692308 | 0.0
48, 41, 91, 80, 46, 79, 40 | 0.6404923076923077 | 0.0
48, 41, 91, 46, 70, 71, 40 | 0.6326153846153846 | 0.0
48, 64, 91, 68, 55, 80, 79 | 0.6109538461538462 | 0.0
48, 64, 91, 68, 55, 70, 71 | 0.6060307692307693 | 0.0
48, 64, 91, 78, 55, 80, 79 | 0.6109538461538462 | 0.0
48, 64, 91, 78, 55, 70, 71 | 0.6060307692307693 | 0.0
48, 64, 91, 55, 46, 70, 71 | 0.5942153846153846 | 0.0
48, 64, 91, 55, 80, 46, 79 | 0.5991384615384615 | 0.0
48, 91, 55, 60, 46, 70, 71 | 0.5897846153846154 | 0.0
48, 91, 55, 60, 80, 46, 79 | 0.5947076923076923 | 0.0
48, 91, 78, 55, 60, 80, 79 | 0.6050461538461539 | 0.0
48, 91, 78, 55, 60, 70, 71 | 0.6001230769230769 | 0.0
48, 91, 68, 55, 60, 80, 79 | 0.6050461538461539 | 0.0
48, 91, 68, 55, 60, 70, 71 | 0.6001230769230769 | 0.0
69, 54, 91, 68, 55, 70, 71 | 0.6877538461538462 | 0.0
69, 64, 91, 68, 55, 70, 71 | 0.6237538461538461 | 0.0
69, 91, 68, 55, 60, 70, 71 | 0.6178461538461538 | 0.0
77, 54, 91, 78, 55, 80, 79 | 0.6956307692307693 | 0.0
77, 64, 91, 78, 55, 80, 79 | 0.628676923076923 | 0.0
77, 91, 78, 55, 60, 80, 79 | 0.6227692307692307 | 0.0
99, 98, 91, 31, 32, 80, 79 | 0.8024615384615384 | 0.0
99, 98, 91, 31, 32, 70, 71 | 0.7945846153846153 | 0.0
29, 44, 41, 31, 32, 46, 40 | 0.7835076923076923 | 0.0
29, 54, 91, 68, 31, 32, 55 | 0.7586461538461539 | 0.0
29, 54, 91, 78, 31, 32, 55 | 0.7586461538461539 | 0.0
29, 54, 91, 31, 32, 55, 46 | 0.7483076923076923 | 0.0
29, 41, 91, 31, 32, 46, 40 | 0.7212307692307692 | 0.0
38, 91, 78, 55, 60, 70, 71 | 0.6926769230769231 | 0.0
38, 91, 68, 55, 60, 70, 71 | 0.6926769230769231 | 0.0
