48, 43, 44, 41, 42, 45, 46, 40 | 0.9666461538461538 | 0.0
43, 41, 42, 45, 31, 32, 46, 40 | 0.7478153846153847 | 0.0
43, 44, 41, 45, 31, 32, 46, 40 | 0.8032 | 0.0
43, 44, 41, 42, 45, 32, 46, 40 | 0.8248615384615384 | 0.0
43, 44, 41, 42, 45, 31, 32, 46 | 0.8455384615384616 | 0.0
43, 44, 41, 42, 45, 31, 32, 40 | 0.8352 | 0.0
43, 44, 41, 42, 45, 31, 46, 40 | 0.8248615384615384 | 0.0
43, 44, 41, 42, 31, 32, 46, 40 | 0.8056615384615384 | 0.0
43, 44, 42, 45, 31, 32, 46, 40 | 0.7667692307692308 | 0.0
44, 41, 42, 45, 31, 32, 46, 40 | 0.712123076923077 | 0.0
44, 41, 31, 32, 46, 70, 71, 40 | 0.6358153846153846 | 0.0
54, 91, 68, 31, 32, 55, 80, 79 | 0.6070153846153846 | 0.0
54, 91, 68, 31, 32, 55, 70, 71 | 0.5991384615384615 | 0.0
54, 91, 78, 31, 32, 55, 80, 79 | 0.6070153846153846 | 0.0
54, 91, 78, 31, 32, 55, 70, 71 | 0.5991384615384615 | 0.0
54, 91, 31, 32, 55, 46, 70, 71 | 0.5888 | 0.0
54, 91, 31, 32, 55, 80, 46, 79 | 0.5966769230769231 | 0.0
41, 91, 31, 32, 80, 46, 79, 40 | 0.5696 | 0.0
41, 91, 31, 32, 46, 70, 71, 40 | 0.5617230769230769 | 0.0
64, 91, 68, 31, 32, 55, 80, 79 | 0.5400615384615385 | 0.0
64, 91, 68, 31, 32, 55, 70, 71 | 0.5351384615384616 | 0.0
64, 91, 78, 31, 32, 55, 80, 79 | 0.5400615384615385 | 0.0
64, 91, 78, 31, 32, 55, 70, 71 | 0.5351384615384616 | 0.0
64, 91, 31, 32, 55, 46, 70, 71 | 0.5233230769230769 | 0.0
64, 91, 31, 32, 55, 80, 46, 79 | 0.5282461538461538 | 0.0
91, 31, 32, 55, 60, 46, 70, 71 | 0.5188923076923077 | 0.0
91, 31, 32, 55, 60, 80, 46, 79 | 0.5238153846153846 | 0.0
91, 78, 31, 32, 55, 60, 80, 79 | 0.5341538461538462 | 0.0
91, 78, 31, 32, 55, 60, 70, 71 | 0.5292307692307693 | 0.0
91, 68, 31, 32, 55, 60, 80, 79 | 0.5341538461538462 | 0.0
91, 68, 31, 32, 55, 60, 70, 71 | 0.5292307692307693 | 0.0
