177, 145, 438 | 0.13064 | 0.06406561737973841
937, 177, 145 | 0.13034 | 0.14630401403816626
937, 177, 438 | 0.13352 | 0.06672578142318776
937, 145, 438 | 0.13111 | 0.06761250277100421
883, 937, 177 | 0.1363 | 0.09267660401814647
883, 937, 145 | 0.13516 | 0.10375082254880456
883, 937, 438 | 0.13633 | 0.06827754378186655
883, 177, 145 | 0.13341 | 0.1046282079403378
883, 177, 438 | 0.13478 | 0.06473065839060076
883, 145, 438 | 0.13528 | 0.06694746176014188
120, 883, 937 | 0.14036 | 0.06002990813928648
120, 883, 177 | 0.1379 | 0.10261395549794772
120, 883, 145 | 0.13904 | 0.06382978723404255
120, 883, 438 | 0.13541 | 0.13433828419419197
120, 937, 177 | 0.13775 | 0.0807949881183841
120, 937, 145 | 0.13596 | 0.10594428602763764
120, 937, 438 | 0.13416 | 0.13633340722677897
120, 177, 145 | 0.13459 | 0.10747971046282079
120, 177, 438 | 0.13298 | 0.13367324318332963
120, 145, 438 | 0.13276 | 0.13589004655287076
692, 120, 883 | 0.14314 | 0.08200734394124846
692, 120, 937 | 0.14219 | 0.05896176030762658
692, 120, 177 | 0.13814 | 0.13588248001728234
692, 120, 145 | 0.14063 | 0.0679973678438254
692, 120, 438 | 0.13692 | 0.140323653291953
692, 883, 937 | 0.1411 | 0.06280709250160223
692, 883, 177 | 0.13669 | 0.14754806653704905
692, 883, 145 | 0.13986 | 0.0649265189734591
692, 883, 438 | 0.13908 | 0.07226778984704056
692, 937, 177 | 0.13574 | 0.12659321667746815
692, 937, 145 | 0.13602 | 0.10704101776705417
692, 937, 438 | 0.13715 | 0.07248947018399468
692, 177, 145 | 0.13266 | 0.10682167141917087
692, 177, 438 | 0.13388 | 0.07027266681445356
692, 145, 438 | 0.13579 | 0.07204610951008646
419, 692, 120 | 0.14499 | 0.0659561632817213
419, 692, 883 | 0.14414 | 0.06976744186046512
419, 692, 937 | 0.14238 | 0.06344798120059816
419, 692, 177 | 0.13912 | 0.12335277597753294
419, 692, 145 | 0.13642 | 0.16911603421803026
419, 692, 438 | 0.14039 | 0.07226778984704056
419, 120, 883 | 0.14344 | 0.08384332925336598
419, 120, 937 | 0.14245 | 0.06173894466994232
419, 120, 177 | 0.14116 | 0.07906675307841866
419, 120, 145 | 0.13644 | 0.16845799517438034
419, 120, 438 | 0.13758 | 0.13433828419419197
419, 883, 937 | 0.14149 | 0.06686605426190985
419, 883, 177 | 0.13987 | 0.09138042773817238
419, 883, 145 | 0.13584 | 0.16582583899978065
419, 883, 438 | 0.13987 | 0.06761250277100421
419, 937, 177 | 0.13884 | 0.06977748973860445
419, 937, 438 | 0.13783 | 0.06783418310795833
419, 177, 438 | 0.13745 | 0.0656173797384172
419, 145, 438 | 0.13209 | 0.06362225670583019
494, 419, 692 | 0.14626 | 0.07009813739234928
494, 419, 120 | 0.14607 | 0.07017896641866077
494, 419, 883 | 0.14053 | 0.1697266421868625
494, 419, 937 | 0.14142 | 0.11151463362529374
494, 419, 177 | 0.14282 | 0.0712896953985742
494, 419, 438 | 0.14184 | 0.06872090445577478
494, 692, 120 | 0.14576 | 0.06635833500904886
494, 692, 883 | 0.14003 | 0.1697266421868625
494, 692, 937 | 0.14101 | 0.10959196752830591
494, 692, 177 | 0.13972 | 0.12745733419745087
494, 692, 145 | 0.1399 | 0.11011186663742048
494, 692, 438 | 0.14109 | 0.07426291287962758
494, 120, 883 | 0.13907 | 0.18155854753161974
494, 120, 937 | 0.14071 | 0.10788293099765008
494, 120, 177 | 0.1414 | 0.0829552819183409
494, 120, 145 | 0.13956 | 0.10923448124588725
494, 120, 438 | 0.13787 | 0.13722012857459542
494, 883, 937 | 0.13499 | 0.11001922666096987
494, 883, 177 | 0.13535 | 0.0922445452581551
494, 883, 145 | 0.13418 | 0.10397016889668786
494, 883, 438 | 0.13547 | 0.06583906007537131
494, 937, 177 | 0.13699 | 0.07280190105854396
494, 937, 145 | 0.13493 | 0.10375082254880456
494, 937, 438 | 0.13606 | 0.069164265129683
494, 177, 145 | 0.13433 | 0.14915551656064927
494, 177, 438 | 0.13759 | 0.06783418310795833
494, 145, 438 | 0.13515 | 0.06849922411882066
217, 494, 419 | 0.14837 | 0.10164128930195768
217, 494, 692 | 0.14944 | 0.0686961746445023
217, 494, 120 | 0.14896 | 0.07460285541926402
217, 494, 883 | 0.14283 | 0.18625050999592002
217, 494, 937 | 0.14378 | 0.12753685110019228
217, 494, 177 | 0.14468 | 0.09829336789803413
217, 494, 145 | 0.14204 | 0.14235577977626673
217, 494, 438 | 0.14459 | 0.07670139658612281
217, 419, 692 | 0.14711 | 0.07410374524334068
217, 419, 120 | 0.147 | 0.07259199678262618
217, 419, 883 | 0.14566 | 0.0864953080375357
217, 419, 937 | 0.14383 | 0.08246101260414442
217, 419, 177 | 0.1428 | 0.09440483905811191
217, 419, 145 | 0.13737 | 0.19960517657381005
217, 419, 438 | 0.14271 | 0.07271115052094879
217, 692, 120 | 0.14815 | 0.06877136537301427
217, 692, 883 | 0.14656 | 0.08771929824561403
217, 692, 937 | 0.14492 | 0.07968382824182867
217, 692, 177 | 0.14116 | 0.15057247785698855
217, 692, 145 | 0.14281 | 0.10133801272208817
217, 692, 438 | 0.14337 | 0.07936156062957216
217, 120, 883 | 0.14566 | 0.10016319869441044
217, 120, 937 | 0.14471 | 0.07797479171117283
217, 120, 177 | 0.14293 | 0.10607042557787859
217, 120, 145 | 0.14256 | 0.10046062733055494
217, 120, 438 | 0.14022 | 0.14276213699844822
217, 883, 937 | 0.14315 | 0.08139286477248452
217, 883, 177 | 0.14097 | 0.11816807085763664
217, 883, 145 | 0.14125 | 0.09848651019960518
217, 883, 438 | 0.14192 | 0.07404123254267346
217, 937, 177 | 0.14002 | 0.0965651328580687
217, 937, 145 | 0.13742 | 0.13972362360166704
217, 937, 438 | 0.13992 | 0.07514963422744403
217, 177, 145 | 0.1363 | 0.1414783943847335
217, 177, 438 | 0.139 | 0.07248947018399468
217, 145, 438 | 0.13799 | 0.07315451119485701
684, 217, 494 | 0.15302 | 0.07546060368482947
684, 217, 419 | 0.15154 | 0.09649990112715048
684, 217, 692 | 0.15235 | 0.0686961746445023
684, 217, 120 | 0.15201 | 0.07178765332797105
684, 217, 883 | 0.15 | 0.09934720522235822
684, 217, 937 | 0.14856 | 0.08758812219611194
684, 217, 177 | 0.14769 | 0.09613307409807734
684, 217, 145 | 0.14685 | 0.10067997367843826
684, 494, 419 | 0.15028 | 0.06545382637927626
684, 494, 692 | 0.14971 | 0.06489084718606049
684, 494, 120 | 0.14932 | 0.06897245123667806
684, 494, 883 | 0.14321 | 0.18013055895552835
684, 494, 937 | 0.1443 | 0.11813715018158513
684, 494, 177 | 0.146 | 0.07150572477856988
684, 494, 145 | 0.14367 | 0.10835709585435402
684, 419, 692 | 0.14943 | 0.07210094131784499
684, 419, 120 | 0.14944 | 0.06816810778202292
684, 419, 883 | 0.14807 | 0.08261933904528763
684, 419, 937 | 0.14647 | 0.07348857081820125
684, 419, 177 | 0.14625 | 0.06783322531864333
684, 419, 145 | 0.14104 | 0.16779995613073043
684, 692, 120 | 0.14892 | 0.06354313291775589
684, 692, 883 | 0.14738 | 0.08139534883720931
684, 692, 937 | 0.14588 | 0.07007049775688956
684, 692, 177 | 0.14285 | 0.12508101101749838
684, 692, 145 | 0.14486 | 0.06755867514805879
684, 120, 883 | 0.14649 | 0.0952672378620971
684, 120, 937 | 0.14576 | 0.06814783165990174
684, 120, 177 | 0.14478 | 0.07885072369842298
684, 120, 145 | 0.1447 | 0.06646194340864224
684, 883, 937 | 0.14425 | 0.07092501602221747
684, 883, 177 | 0.14279 | 0.09202851587815943
684, 883, 145 | 0.14341 | 0.06448782627769248
684, 937, 177 | 0.14211 | 0.06934543097861309
684, 937, 145 | 0.13981 | 0.10550559333187103
684, 177, 145 | 0.13947 | 0.10726036411493749
354, 684, 217 | 0.1593 | 0.08725581395348837
354, 684, 494 | 0.15736 | 0.0764406115248922
354, 684, 419 | 0.15666 | 0.08206446509788412
354, 684, 692 | 0.15662 | 0.07109953935509714
354, 684, 120 | 0.154 | 0.12004826060727931
354, 684, 883 | 0.15501 | 0.08669930640554875
354, 684, 937 | 0.15346 | 0.07669301431318094
354, 684, 177 | 0.15297 | 0.07690645927846188
354, 684, 145 | 0.15125 | 0.10046062733055494
354, 217, 494 | 0.15665 | 0.07193257546060368
354, 217, 419 | 0.15399 | 0.1162744710302551
354, 217, 692 | 0.15554 | 0.0739034648507911
354, 217, 120 | 0.15289 | 0.12346672028956364
354, 217, 883 | 0.15377 | 0.09281925744594043
354, 217, 937 | 0.15188 | 0.09036530655842769
354, 217, 177 | 0.15084 | 0.10261395549794772
354, 217, 145 | 0.14883 | 0.13292388681728448
354, 217, 438 | 0.1506 | 0.08446020837951673
354, 494, 419 | 0.15373 | 0.08542614198141191
354, 494, 692 | 0.15392 | 0.06989785699979972
354, 494, 120 | 0.15116 | 0.12165694751658958
354, 494, 883 | 0.14792 | 0.17503059975520197
354, 494, 937 | 0.14869 | 0.119632557145909
354, 494, 177 | 0.15 | 0.08144307625837113
354, 494, 145 | 0.14663 | 0.1412590480368502
354, 494, 438 | 0.14896 | 0.08046996231434272
354, 419, 692 | 0.15242 | 0.07610654916883637
354, 419, 120 | 0.15006 | 0.11984717474361552
354, 419, 883 | 0.15154 | 0.07690738474092207
354, 419, 937 | 0.14968 | 0.07306131168553728
354, 419, 177 | 0.14906 | 0.07604234175847915
354, 419, 438 | 0.14798 | 0.07581467523830636
354, 692, 120 | 0.1503 | 0.11622762919766741
354, 692, 883 | 0.15165 | 0.07588739290085679
354, 692, 937 | 0.14982 | 0.07135227515488143
354, 692, 177 | 0.14647 | 0.1332901274573342
354, 692, 145 | 0.14731 | 0.10155735906997149
354, 692, 438 | 0.14771 | 0.08313012635779206
354, 120, 883 | 0.14849 | 0.08588331293349653
354, 120, 937 | 0.14731 | 0.06793420209356975
354, 120, 177 | 0.146 | 0.08576366385828472
354, 120, 145 | 0.14473 | 0.09958324193902171
354, 120, 438 | 0.14223 | 0.14542230104189757
354, 883, 937 | 0.14874 | 0.07306131168553728
354, 883, 177 | 0.147 | 0.10023763231799525
354, 883, 145 | 0.14652 | 0.09695108576442202
354, 883, 438 | 0.14695 | 0.07780979827089338
354, 937, 177 | 0.14593 | 0.07733851803845324
354, 937, 145 | 0.14243 | 0.13994296994955033
354, 937, 438 | 0.14479 | 0.0784748392817557
354, 177, 145 | 0.14184 | 0.13994296994955033
354, 177, 438 | 0.14429 | 0.0764797162491687
354, 145, 438 | 0.14246 | 0.07714475726003103
722, 354, 684 | 0.15881 | 0.11852810650887574
722, 354, 217 | 0.1573 | 0.1412093023255814
722, 354, 494 | 0.15811 | 0.07938063504508036
722, 354, 419 | 0.15564 | 0.12003163931184496
722, 354, 692 | 0.15721 | 0.07730823152413378
722, 354, 120 | 0.1548 | 0.12205911924391716
722, 354, 883 | 0.15633 | 0.07813137494900041
722, 354, 937 | 0.15431 | 0.07776116214484084
722, 354, 177 | 0.15383 | 0.07777057679844458
722, 354, 145 | 0.15214 | 0.10067997367843826
722, 354, 438 | 0.15248 | 0.08357348703170028
722, 684, 217 | 0.15504 | 0.12669767441860466
722, 684, 494 | 0.15499 | 0.08094864758918072
722, 684, 419 | 0.15365 | 0.09926834091358513
722, 684, 692 | 0.15439 | 0.07290206288804325
722, 684, 120 | 0.15444 | 0.06816810778202292
722, 684, 883 | 0.15295 | 0.0850673194614443
722, 684, 937 | 0.15136 | 0.07583849604785302
722, 684, 177 | 0.15114 | 0.07020954849859581
722, 684, 145 | 0.1507 | 0.06558455801710901
722, 217, 494 | 0.15429 | 0.07742061936495492
722, 217, 419 | 0.15095 | 0.13525805813723552
722, 217, 692 | 0.15328 | 0.07750851191668336
722, 217, 120 | 0.15332 | 0.07299416850995374
722, 217, 883 | 0.15189 | 0.08873929008567931
722, 217, 937 | 0.15002 | 0.08566545609912411
722, 217, 177 | 0.14905 | 0.09634910347807302
722, 217, 145 | 0.14819 | 0.10133801272208817
722, 217, 438 | 0.14875 | 0.07936156062957216
722, 494, 419 | 0.15252 | 0.10401423769033023
722, 494, 692 | 0.15347 | 0.07350290406569197
722, 494, 120 | 0.15336 | 0.07198873919163483
722, 494, 883 | 0.14768 | 0.1744186046511628
722, 494, 937 | 0.14858 | 0.11621448408459731
722, 494, 177 | 0.15003 | 0.07496219485850075
722, 494, 145 | 0.1478 | 0.10967317394165386
722, 494, 438 | 0.14889 | 0.07603635557526048
722, 419, 692 | 0.15136 | 0.07871019427198077
722, 419, 120 | 0.15163 | 0.06957570882766942
722, 419, 883 | 0.15073 | 0.0744594043247654
722, 419, 937 | 0.14887 | 0.07049775688955351
722, 419, 177 | 0.14847 | 0.06869734283862605
722, 419, 145 | 0.1432 | 0.1699934196095635
722, 419, 438 | 0.14718 | 0.0729328308579029
722, 692, 120 | 0.15268 | 0.06696159260004021
722, 692, 883 | 0.15171 | 0.07323541411668706
722, 692, 937 | 0.1499 | 0.06814783165990174
722, 692, 177 | 0.14668 | 0.1272413048174552
722, 692, 145 | 0.14869 | 0.06975213862689186
722, 692, 438 | 0.14785 | 0.0784748392817557
722, 120, 883 | 0.15117 | 0.08527131782945736
722, 120, 937 | 0.15004 | 0.06622516556291391
722, 120, 177 | 0.14883 | 0.0818751350183625
722, 120, 145 | 0.14875 | 0.06953279227900855
722, 120, 438 | 0.14503 | 0.1420970959875859
722, 883, 937 | 0.14903 | 0.0707113864558855
722, 883, 177 | 0.14745 | 0.09440483905811191
722, 883, 145 | 0.14807 | 0.06690063610440886
722, 883, 438 | 0.1473 | 0.07404123254267346
722, 937, 177 | 0.14635 | 0.07323395981853532
722, 937, 145 | 0.14416 | 0.10704101776705417
722, 937, 438 | 0.1452 | 0.07448459321658168
722, 177, 145 | 0.14362 | 0.10901513489800395
722, 177, 438 | 0.1448 | 0.07337619153181113
722, 145, 438 | 0.14414 | 0.0747062735535358
766, 722, 354 | 0.16752 | 0.14824335904027422
766, 722, 684 | 0.16163 | 0.18990384615384615
766, 722, 217 | 0.16405 | 0.13990697674418603
766, 722, 494 | 0.16443 | 0.08643669149353195
766, 722, 419 | 0.1625 | 0.11647221672928613
766, 722, 692 | 0.16054 | 0.14440216302823952
766, 722, 120 | 0.16129 | 0.12587975065352905
766, 722, 883 | 0.16151 | 0.1087311301509588
766, 722, 937 | 0.16072 | 0.08352916043580431
766, 722, 177 | 0.16044 | 0.07928278245841434
766, 722, 145 | 0.15988 | 0.07742926080280764
766, 722, 438 | 0.15683 | 0.13522500554200842
766, 354, 684 | 0.16366 | 0.1503328402366864
766, 354, 217 | 0.16608 | 0.10009302325581396
766, 354, 494 | 0.16464 | 0.08016464131713054
766, 354, 419 | 0.16339 | 0.09669764682618152
766, 354, 692 | 0.16054 | 0.14219907871019427
766, 354, 120 | 0.15873 | 0.17514578725115623
766, 354, 883 | 0.16136 | 0.10954712362301101
766, 354, 937 | 0.16053 | 0.08523819696646016
766, 354, 177 | 0.16002 | 0.0859796932382804
766, 354, 145 | 0.15838 | 0.1079184031585874
766, 354, 438 | 0.15658 | 0.138328530259366
766, 684, 217 | 0.1598 | 0.08465116279069768
766, 684, 494 | 0.15742 | 0.08232065856526852
766, 684, 419 | 0.15735 | 0.0755388570298596
766, 684, 692 | 0.15371 | 0.13659122771880633
766, 684, 120 | 0.15432 | 0.12085260406193445
766, 684, 883 | 0.15404 | 0.11383108935128519
766, 684, 937 | 0.15356 | 0.08224738303781243
766, 684, 177 | 0.15339 | 0.0756102829984878
766, 684, 145 | 0.15289 | 0.07238429480149156
766, 217, 494 | 0.16062 | 0.07918463347706782
766, 217, 419 | 0.15857 | 0.11152857425350998
766, 217, 692 | 0.15663 | 0.13899459242940115
766, 217, 120 | 0.15705 | 0.12708626583551177
766, 217, 883 | 0.15673 | 0.12097103223174215
766, 217, 937 | 0.15605 | 0.09399700918607136
766, 217, 177 | 0.15513 | 0.10369410239792612
766, 217, 145 | 0.1543 | 0.10813774950647072
766, 217, 438 | 0.15272 | 0.13367324318332963
766, 494, 419 | 0.1579 | 0.08048249950563575
766, 494, 692 | 0.15453 | 0.13619066693370718
766, 494, 120 | 0.15485 | 0.12628192238085661
766, 494, 937 | 0.15236 | 0.1249732963042085
766, 494, 177 | 0.15399 | 0.07993087059840139
766, 494, 145 | 0.15167 | 0.11669225707391973
766, 494, 438 | 0.15061 | 0.13079139880292617
766, 419, 692 | 0.15368 | 0.1419987983176447
766, 419, 120 | 0.15433 | 0.12547757892620148
766, 419, 883 | 0.15473 | 0.10465116279069768
766, 419, 937 | 0.15395 | 0.07904293954283273
766, 419, 177 | 0.15357 | 0.07690645927846188
766, 419, 145 | 0.14847 | 0.17459969291511296
766, 419, 438 | 0.15019 | 0.12768787408556861
766, 692, 120 | 0.15103 | 0.11924391715262417
766, 692, 883 | 0.15128 | 0.10138718890248878
766, 692, 937 | 0.15058 | 0.0739158299508652
766, 692, 177 | 0.14739 | 0.13242600993735149
766, 692, 145 | 0.1495 | 0.07282298749725817
766, 692, 438 | 0.14645 | 0.13056971846597207
766, 120, 883 | 0.15117 | 0.11546307629538964
766, 120, 937 | 0.15123 | 0.07242042298654133
766, 120, 177 | 0.15008 | 0.08684381075826313
766, 120, 145 | 0.15 | 0.07457775828032463
766, 120, 438 | 0.14421 | 0.1930835734870317
766, 883, 937 | 0.1514 | 0.07690664387951293
766, 883, 177 | 0.14984 | 0.10023763231799525
766, 883, 145 | 0.15052 | 0.07150690940995832
766, 883, 438 | 0.14763 | 0.1256927510529816
766, 937, 177 | 0.14991 | 0.07928278245841434
766, 937, 145 | 0.14768 | 0.11406010089932003
766, 937, 438 | 0.14667 | 0.12702283307470627
766, 177, 145 | 0.14724 | 0.11515683263873656
766, 177, 438 | 0.14637 | 0.12502771004211927
766, 145, 438 | 0.14574 | 0.12613611172688982
829, 766, 722 | 0.17992 | 0.10384944396920445
829, 766, 354 | 0.18012 | 0.09888603256212511
829, 766, 684 | 0.17227 | 0.17289201183431951
829, 766, 217 | 0.17584 | 0.1013953488372093
829, 766, 494 | 0.17369 | 0.09545276362210897
829, 766, 419 | 0.17325 | 0.09610440972908839
829, 766, 692 | 0.16852 | 0.1792509513318646
829, 766, 883 | 0.17071 | 0.1193390452876377
829, 766, 937 | 0.16997 | 0.0935697500534074
829, 766, 177 | 0.16832 | 0.11903218837761935
829, 766, 145 | 0.16883 | 0.09431892958982233
829, 766, 438 | 0.1664 | 0.1385502105963201
829, 722, 354 | 0.17391 | 0.1379605826906598
829, 722, 684 | 0.16996 | 0.14293639053254437
829, 722, 217 | 0.16985 | 0.13972093023255813
829, 722, 494 | 0.16981 | 0.09447275578204625
829, 722, 419 | 0.16806 | 0.12102036780700019
829, 722, 692 | 0.1678 | 0.11496094532345283
829, 722, 120 | 0.1659 | 0.1496078825658556
829, 722, 883 | 0.16827 | 0.08894328845369237
829, 722, 937 | 0.16638 | 0.08630634479812006
829, 722, 177 | 0.16475 | 0.1112551306977749
829, 722, 145 | 0.16517 | 0.08839657819697302
829, 722, 438 | 0.16487 | 0.08534692972733318
829, 354, 684 | 0.17234 | 0.10355029585798817
829, 354, 217 | 0.17219 | 0.10083720930232558
829, 354, 494 | 0.17037 | 0.08839670717365739
829, 354, 419 | 0.16931 | 0.1012457979038956
829, 354, 692 | 0.16821 | 0.11175645904265973
829, 354, 120 | 0.16377 | 0.19746631811783633
829, 354, 883 | 0.16842 | 0.09098327213382293
829, 354, 937 | 0.16647 | 0.08972441785943175
829, 354, 177 | 0.16471 | 0.1175199827176496
829, 354, 145 | 0.16399 | 0.11976310594428603
829, 354, 438 | 0.16492 | 0.08978053646641543
829, 684, 217 | 0.16783 | 0.08576744186046512
829, 684, 494 | 0.1651 | 0.09035672285378284
829, 684, 419 | 0.16519 | 0.08048249950563575
829, 684, 692 | 0.16333 | 0.10594832765872221
829, 684, 120 | 0.16118 | 0.14558616529257992
829, 684, 883 | 0.16298 | 0.09649122807017543
829, 684, 937 | 0.16137 | 0.08822901089510789
829, 684, 177 | 0.15997 | 0.10823071937783539
829, 684, 145 | 0.16043 | 0.08444834393507349
829, 217, 494 | 0.16567 | 0.08722069776558213
829, 217, 419 | 0.16375 | 0.11706545382637927
829, 217, 692 | 0.16358 | 0.10915281393951533
829, 217, 120 | 0.16129 | 0.15161874120249347
829, 217, 883 | 0.16307 | 0.10301917584659323
829, 217, 937 | 0.16131 | 0.09826960051271096
829, 217, 177 | 0.15905 | 0.13696262691726074
829, 217, 145 | 0.15922 | 0.11998245229216933
829, 217, 438 | 0.16037 | 0.08512524939037908
829, 494, 419 | 0.16271 | 0.08522839628238085
829, 494, 692 | 0.1611 | 0.10574804726617264
829, 494, 120 | 0.15881 | 0.14820028152020914
829, 494, 883 | 0.15648 | 0.18339453284373725
829, 494, 937 | 0.15733 | 0.12668233283486435
829, 494, 177 | 0.15753 | 0.11255130697774897
829, 494, 145 | 0.15625 | 0.12700153542443518
829, 494, 438 | 0.15796 | 0.07980492130348038
829, 419, 692 | 0.16038 | 0.11275786100540756
829, 419, 120 | 0.15843 | 0.1484013673838729
829, 419, 883 | 0.16086 | 0.0864953080375357
829, 419, 937 | 0.15899 | 0.08331553086947234
829, 419, 177 | 0.15731 | 0.10931086627781378
829, 419, 145 | 0.15324 | 0.1849089712656284
829, 419, 438 | 0.15767 | 0.07803147860784748
829, 692, 120 | 0.15688 | 0.14297204906495073
829, 692, 883 | 0.15919 | 0.08343533251733987
829, 692, 937 | 0.15741 | 0.0781884212775048
829, 692, 177 | 0.15299 | 0.16331821127673363
829, 692, 145 | 0.1559 | 0.08664180741390656
829, 692, 438 | 0.15564 | 0.08268676568388383
829, 120, 883 | 0.15647 | 0.09445124439004488
829, 120, 937 | 0.15533 | 0.076052125614185
829, 120, 177 | 0.15329 | 0.10974292503780514
829, 120, 145 | 0.15377 | 0.08554507567449002
829, 120, 438 | 0.1507 | 0.1438705386832188
829, 883, 937 | 0.15763 | 0.08117923520615253
829, 883, 177 | 0.1548 | 0.13199395117736012
829, 883, 145 | 0.15638 | 0.08400965123930687
829, 883, 438 | 0.15625 | 0.07714475726003103
829, 937, 177 | 0.15374 | 0.11082307193778354
829, 937, 145 | 0.1525 | 0.12436937924983549
829, 937, 438 | 0.1541 | 0.07958324096652628
829, 177, 145 | 0.15076 | 0.12436937924983549
829, 177, 438 | 0.1525 | 0.0764797162491687
829, 145, 438 | 0.15282 | 0.07803147860784748
529, 829, 766 | 0.18931 | 0.09848363926576217
529, 829, 722 | 0.18562 | 0.09683490162532078
529, 829, 354 | 0.18576 | 0.09288774635818338
529, 829, 684 | 0.1803 | 0.12222633136094675
529, 829, 217 | 0.17995 | 0.12334883720930233
529, 829, 494 | 0.1791 | 0.09310074480595845
529, 829, 419 | 0.17849 | 0.09709313822424362
529, 829, 692 | 0.1765 | 0.12537552573603045
529, 829, 120 | 0.17475 | 0.15704805952141565
529, 829, 883 | 0.17505 | 0.138718890248878
529, 829, 937 | 0.17258 | 0.1508224738303781
529, 829, 177 | 0.17334 | 0.1248649816375027
529, 829, 145 | 0.17394 | 0.09826716385172186
529, 829, 438 | 0.17282 | 0.11350033252050543
529, 766, 722 | 0.18256 | 0.10162532078699743
529, 766, 354 | 0.18224 | 0.10556983718937446
529, 766, 684 | 0.17506 | 0.1677144970414201
529, 766, 217 | 0.17712 | 0.12427906976744187
529, 766, 494 | 0.17659 | 0.08780870246961976
529, 766, 419 | 0.17579 | 0.09551117263199525
529, 766, 692 | 0.17217 | 0.1564189865812137
529, 766, 120 | 0.17306 | 0.13512970038206315
529, 766, 883 | 0.17127 | 0.1591187270501836
529, 766, 937 | 0.16991 | 0.14847254860072634
529, 766, 177 | 0.17196 | 0.09462086843810759
529, 766, 145 | 0.17159 | 0.08883527089273964
529, 766, 438 | 0.16779 | 0.16337840833518066
529, 722, 354 | 0.17607 | 0.14515852613538988
529, 722, 684 | 0.17269 | 0.14016272189349113
529, 722, 217 | 0.17126 | 0.16148837209302325
529, 722, 494 | 0.17274 | 0.08761270090160721
529, 722, 419 | 0.17077 | 0.1184496737195966
529, 722, 692 | 0.1714 | 0.09453234528339675
529, 722, 120 | 0.1718 | 0.0828473758294792
529, 722, 883 | 0.16896 | 0.12749898000815993
529, 722, 937 | 0.16641 | 0.14078188421277504
529, 722, 177 | 0.16834 | 0.08943616331821128
529, 722, 145 | 0.168 | 0.08291291949989033
529, 722, 438 | 0.1663 | 0.11084016847705609
529, 354, 684 | 0.17456 | 0.10040680473372782
529, 354, 217 | 0.17299 | 0.12409302325581395
529, 354, 494 | 0.17285 | 0.079968639749118
529, 354, 419 | 0.17149 | 0.09867510381649199
529, 354, 692 | 0.17128 | 0.09132785900260365
529, 354, 120 | 0.16908 | 0.1319123265634426
529, 354, 883 | 0.16859 | 0.12933496532027744
529, 354, 937 | 0.16605 | 0.1424909207434309
529, 354, 177 | 0.16787 | 0.09354072153812919
529, 354, 145 | 0.16636 | 0.11274402281202019
529, 354, 438 | 0.16589 | 0.11372201285745955
529, 684, 217 | 0.16923 | 0.10846511627906977
529, 684, 494 | 0.16808 | 0.08330066640533124
529, 684, 419 | 0.1679 | 0.07870278821435633
529, 684, 692 | 0.16695 | 0.08592028840376527
529, 684, 120 | 0.16709 | 0.07942891614719486
529, 684, 883 | 0.16413 | 0.12647898816809466
529, 684, 937 | 0.16149 | 0.14163640247810297
529, 684, 177 | 0.16358 | 0.08684381075826313
529, 684, 145 | 0.16326 | 0.07984207062952402
529, 217, 494 | 0.16728 | 0.07898863190905528
529, 217, 419 | 0.16507 | 0.11449475973897567
529, 217, 692 | 0.16581 | 0.0883236531143601
529, 217, 120 | 0.16582 | 0.08445606273878946
529, 217, 883 | 0.16261 | 0.13667890656874745
529, 217, 937 | 0.16007 | 0.1501815851313822
529, 217, 177 | 0.16137 | 0.11255130697774897
529, 217, 145 | 0.16071 | 0.1134020618556701
529, 217, 438 | 0.16039 | 0.1110618488140102
529, 494, 419 | 0.16572 | 0.08285544789400831
529, 494, 692 | 0.16502 | 0.08511916683356699
529, 494, 120 | 0.16498 | 0.08224411823848783
529, 494, 937 | 0.15768 | 0.18094424268318735
529, 494, 177 | 0.16144 | 0.09051631021818968
529, 494, 145 | 0.1594 | 0.12129853037946918
529, 494, 438 | 0.1596 | 0.1075149634227444
529, 419, 692 | 0.16396 | 0.09192870018025236
529, 419, 120 | 0.16433 | 0.08083651719284134
529, 419, 883 | 0.16152 | 0.12484700122399021
529, 419, 937 | 0.15905 | 0.13629566331980347
529, 419, 177 | 0.16101 | 0.08425145819831498
529, 419, 145 | 0.15602 | 0.17964465891642903
529, 419, 438 | 0.15902 | 0.10441143870538683
529, 692, 120 | 0.16367 | 0.07741805751055701
529, 692, 883 | 0.16073 | 0.12403100775193798
529, 692, 937 | 0.15837 | 0.13309121982482375
529, 692, 177 | 0.15746 | 0.14301144955713976
529, 692, 145 | 0.15967 | 0.08137749506470718
529, 692, 438 | 0.158 | 0.10862336510751497
529, 120, 883 | 0.16021 | 0.13749490004079967
529, 120, 937 | 0.15861 | 0.13095492416150395
529, 120, 177 | 0.15973 | 0.09699719161806006
529, 120, 145 | 0.15984 | 0.08071945602105725
529, 120, 438 | 0.15526 | 0.17246730215029926
529, 883, 937 | 0.15565 | 0.1337321085238197
529, 883, 177 | 0.15639 | 0.10801468999783971
529, 883, 145 | 0.15719 | 0.07677122175915771
529, 883, 438 | 0.15557 | 0.10285967634670805
529, 937, 177 | 0.15476 | 0.08641175199827177
529, 937, 145 | 0.15277 | 0.1160342180302698
529, 937, 438 | 0.15284 | 0.10507647971624917
529, 177, 145 | 0.15454 | 0.11976310594428603
529, 177, 438 | 0.15485 | 0.10352471735757038
529, 145, 438 | 0.15437 | 0.10485479937929505
368, 529, 766 | 0.19721 | 0.12593774940143654
368, 529, 722 | 0.19431 | 0.11274593669803251
368, 529, 354 | 0.19481 | 0.10265638389031705
368, 529, 684 | 0.18965 | 0.12721893491124261
368, 529, 217 | 0.18938 | 0.12688372093023256
368, 529, 419 | 0.18717 | 0.11568123393316196
368, 529, 120 | 0.18683 | 0.10758093706012467
368, 529, 883 | 0.1843 | 0.14626682986536108
368, 529, 177 | 0.18372 | 0.10844674875783107
368, 529, 145 | 0.18171 | 0.1388462382101338
368, 529, 438 | 0.17948 | 0.17911771225892265
368, 829, 766 | 0.18952 | 0.12083000798084596
368, 829, 722 | 0.18649 | 0.10949529512403763
368, 829, 354 | 0.18748 | 0.0910025706940874
368, 829, 684 | 0.18232 | 0.11464497041420119
368, 829, 217 | 0.18288 | 0.0987906976744186
368, 829, 419 | 0.17931 | 0.11271504844769627
368, 829, 120 | 0.17579 | 0.16850995375025135
368, 829, 883 | 0.17849 | 0.10138718890248878
368, 829, 937 | 0.17246 | 0.18778038880581072
368, 829, 177 | 0.17487 | 0.12659321667746815
368, 829, 145 | 0.17366 | 0.13972362360166704
368, 829, 438 | 0.17276 | 0.15052094879184216
368, 766, 722 | 0.18733 | 0.11993156544054748
368, 766, 354 | 0.18801 | 0.10676949443016281
368, 766, 684 | 0.18036 | 0.17769970414201183
368, 766, 217 | 0.18399 | 0.10511627906976745
368, 766, 419 | 0.18072 | 0.11350603124382044
368, 766, 120 | 0.17806 | 0.15202091292982103
368, 766, 883 | 0.17868 | 0.12709098327213383
368, 766, 937 | 0.17385 | 0.18906216620380262
368, 766, 177 | 0.17758 | 0.09937351479801253
368, 766, 145 | 0.17531 | 0.1353366966440009
368, 722, 354 | 0.18266 | 0.1456726649528706
368, 722, 684 | 0.17883 | 0.14903846153846154
368, 722, 217 | 0.17876 | 0.14511627906976743
368, 722, 419 | 0.17644 | 0.13723551512754598
368, 722, 120 | 0.17753 | 0.100744017695556
368, 722, 883 | 0.17705 | 0.09751121991024071
368, 722, 937 | 0.17102 | 0.1837214270455031
368, 722, 177 | 0.17462 | 0.09678116223806438
368, 722, 145 | 0.17257 | 0.1278789208159684
368, 722, 438 | 0.17113 | 0.15052094879184216
368, 354, 684 | 0.18158 | 0.10983727810650888
368, 354, 217 | 0.18141 | 0.10753488372093023
368, 354, 494 | 0.17431 | 0.19894159153273225
368, 354, 419 | 0.17796 | 0.11963614791378288
368, 354, 120 | 0.17572 | 0.1498089684295194
368, 354, 883 | 0.17761 | 0.09893920848633211
368, 354, 937 | 0.17149 | 0.1871395001068148
368, 354, 177 | 0.17506 | 0.10088572045798229
368, 354, 145 | 0.17174 | 0.15990348760693135
368, 354, 438 | 0.17157 | 0.1547328751939703
368, 684, 217 | 0.17734 | 0.09116279069767441
368, 684, 419 | 0.17405 | 0.09907059521455408
368, 684, 120 | 0.1734 | 0.0969233862859441
368, 684, 883 | 0.1724 | 0.10424316605467156
368, 684, 937 | 0.16667 | 0.18436231574449904
368, 684, 177 | 0.17048 | 0.09289263339814215
368, 684, 145 | 0.16832 | 0.12634349638078526
368, 217, 494 | 0.16995 | 0.19737357898863192
368, 217, 419 | 0.17275 | 0.13486256673917343
368, 217, 120 | 0.17358 | 0.10355921978684898
368, 217, 883 | 0.17256 | 0.11138310893512852
368, 217, 937 | 0.16671 | 0.1944029053621021
368, 217, 177 | 0.16979 | 0.11881615899762368
368, 217, 145 | 0.16724 | 0.16121956569423118
368, 217, 438 | 0.16724 | 0.15229439148747506
368, 494, 419 | 0.16629 | 0.09847735811746094
368, 494, 120 | 0.16569 | 0.09531469937663382
368, 494, 883 | 0.1606 | 0.18604651162790697
368, 494, 937 | 0.15902 | 0.18137150181585132
368, 494, 177 | 0.16274 | 0.09181248649816375
368, 494, 145 | 0.16062 | 0.12436937924983549
368, 494, 438 | 0.1594 | 0.1420970959875859
368, 419, 120 | 0.17012 | 0.09873315905891816
368, 419, 883 | 0.16973 | 0.09363525091799266
368, 419, 937 | 0.16369 | 0.17987609485152745
368, 419, 177 | 0.16741 | 0.090300280838194
368, 419, 438 | 0.16386 | 0.14520062070494347
368, 692, 120 | 0.1641 | 0.0916951538306857
368, 692, 883 | 0.16365 | 0.08771929824561403
368, 692, 937 | 0.15769 | 0.17197180089724418
368, 692, 177 | 0.15862 | 0.1425793907971484
368, 692, 145 | 0.15879 | 0.12568545733713535
368, 692, 438 | 0.15748 | 0.14542230104189757
368, 120, 883 | 0.16861 | 0.10526315789473684
368, 120, 937 | 0.16336 | 0.17517624439222387
368, 120, 177 | 0.1663 | 0.10239792611795204
368, 120, 145 | 0.16457 | 0.12656284272866858
368, 883, 937 | 0.16286 | 0.1783806878872036
368, 883, 177 | 0.16529 | 0.11665586519766688
368, 883, 145 | 0.16428 | 0.12524676464136872
368, 883, 438 | 0.16296 | 0.14520062070494347
368, 937, 177 | 0.16023 | 0.08943616331821128
368, 937, 145 | 0.15809 | 0.12239526211888573
368, 937, 438 | 0.15669 | 0.1440922190201729
368, 177, 145 | 0.15982 | 0.16648387804343057
368, 177, 438 | 0.16037 | 0.14542230104189757
368, 145, 438 | 0.15805 | 0.14520062070494347
