368, 722, 684, 419, 120, 177 | 0.30018 | 0.19658673579606825
529, 692, 883, 177, 145, 438 | 0.27195 | 0.19419197517180226
529, 692, 883, 937, 145, 438 | 0.27378 | 0.1968521392152516
529, 419, 692, 883, 937, 438 | 0.2794 | 0.1970738195522057
529, 419, 883, 937, 177, 438 | 0.27545 | 0.19241853247616936
529, 217, 494, 419, 692, 120 | 0.29366 | 0.1771566458877941
529, 217, 419, 937, 177, 438 | 0.27784 | 0.19929062292174685
529, 217, 419, 883, 177, 438 | 0.27944 | 0.1968521392152516
529, 217, 883, 937, 177, 438 | 0.2746 | 0.19751718022611395
529, 684, 217, 419, 692, 120 | 0.29595 | 0.17474361552382867
529, 684, 217, 494, 419, 692 | 0.29694 | 0.18205487682755858
529, 684, 217, 494, 419, 120 | 0.29696 | 0.1783631610697768
529, 684, 217, 494, 692, 120 | 0.29774 | 0.1771566458877941
529, 684, 494, 419, 692, 120 | 0.29647 | 0.1729338427508546
529, 684, 494, 419, 120, 177 | 0.29283 | 0.19464247137610716
529, 684, 419, 120, 937, 177 | 0.2871 | 0.19032188377619355
529, 354, 684, 120, 937, 177 | 0.29098 | 0.1952905595160942
529, 354, 684, 419, 120, 177 | 0.2962 | 0.1952905595160942
529, 354, 684, 494, 419, 692 | 0.30275 | 0.18606048467854996
529, 354, 684, 494, 419, 177 | 0.29951 | 0.192050118816159
529, 354, 684, 217, 494, 692 | 0.30409 | 0.18225515722010815
529, 354, 684, 217, 419, 692 | 0.3017 | 0.1870618866412978
529, 354, 217, 494, 419, 692 | 0.29977 | 0.18666132585619868
529, 354, 419, 883, 937, 438 | 0.28613 | 0.19951230325870095
529, 354, 419, 883, 177, 438 | 0.28683 | 0.1984039015739304
529, 354, 419, 120, 937, 177 | 0.28812 | 0.19485850075610284
529, 354, 883, 937, 177, 438 | 0.28163 | 0.19929062292174685
529, 722, 354, 120, 937, 177 | 0.29231 | 0.19658673579606825
529, 722, 354, 419, 120, 177 | 0.29594 | 0.19399438323612012
529, 722, 354, 494, 419, 692 | 0.30217 | 0.1904666533146405
529, 722, 354, 494, 419, 177 | 0.2992 | 0.1909699719161806
529, 722, 354, 684, 494, 692 | 0.30445 | 0.1852593631083517
529, 722, 354, 684, 494, 177 | 0.30111 | 0.19334629509613308
529, 722, 354, 684, 419, 692 | 0.30215 | 0.19026637292209092
529, 722, 354, 684, 419, 177 | 0.29943 | 0.18535320803629293
529, 722, 354, 684, 120, 177 | 0.29808 | 0.19615467703607692
529, 722, 354, 684, 883, 145 | 0.29672 | 0.1978504057907436
529, 722, 684, 120, 937, 177 | 0.29163 | 0.1931302657161374
529, 722, 684, 692, 120, 145 | 0.29684 | 0.17372230752357973
529, 722, 684, 692, 883, 145 | 0.2939 | 0.17043211230533012
529, 722, 684, 419, 692, 120 | 0.29925 | 0.17072189825055298
529, 722, 684, 419, 120, 177 | 0.29608 | 0.1909699719161806
529, 722, 684, 494, 419, 692 | 0.29986 | 0.1864610454636491
529, 722, 684, 494, 419, 120 | 0.30031 | 0.17414035793283733
529, 722, 684, 494, 419, 177 | 0.29697 | 0.18492114927630157
529, 722, 684, 494, 692, 120 | 0.30087 | 0.1729338427508546
529, 722, 684, 494, 120, 177 | 0.29712 | 0.19745085331605097
529, 722, 684, 217, 494, 692 | 0.29999 | 0.1840576807530543
529, 722, 684, 217, 494, 120 | 0.30012 | 0.17816207520611302
529, 722, 684, 217, 692, 120 | 0.29935 | 0.17373818620550976
529, 722, 684, 217, 692, 145 | 0.29474 | 0.19982452292169336
529, 722, 217, 419, 692, 120 | 0.29583 | 0.17373818620550976
529, 722, 217, 494, 692, 120 | 0.29917 | 0.17755881761512166
529, 722, 494, 419, 692, 120 | 0.29893 | 0.17373818620550976
529, 722, 494, 419, 120, 177 | 0.29554 | 0.19572261827608556
529, 722, 419, 937, 177, 438 | 0.28502 | 0.19929062292174685
529, 722, 419, 883, 937, 438 | 0.28563 | 0.1984039015739304
529, 722, 419, 883, 177, 438 | 0.28651 | 0.19796054090002216
529, 722, 419, 120, 937, 177 | 0.28995 | 0.192050118816159
529, 722, 883, 177, 145, 438 | 0.28223 | 0.1981822212369763
529, 722, 883, 937, 177, 438 | 0.28227 | 0.1981822212369763
529, 722, 883, 937, 145, 438 | 0.28147 | 0.1999556639326092
529, 766, 722, 692, 120, 145 | 0.30028 | 0.18293485413467866
529, 766, 722, 419, 120, 177 | 0.30214 | 0.19680276517606393
529, 766, 722, 494, 419, 177 | 0.3054 | 0.1909699719161806
529, 766, 722, 354, 494, 177 | 0.30943 | 0.1993951177360121
529, 766, 354, 494, 419, 177 | 0.306 | 0.19788291207604233
529, 766, 684, 692, 120, 145 | 0.29368 | 0.17657381004606273
529, 766, 684, 419, 120, 177 | 0.29681 | 0.1952905595160942
529, 766, 684, 494, 419, 177 | 0.30005 | 0.18945776625621086
529, 766, 684, 494, 120, 177 | 0.29688 | 0.19874702959602505
529, 766, 494, 419, 120, 177 | 0.29767 | 0.19982717649600346
529, 829, 722, 684, 692, 145 | 0.30654 | 0.1871024347444615
529, 829, 883, 177, 145, 438 | 0.28614 | 0.19906894258479274
829, 692, 883, 937, 145, 438 | 0.27537 | 0.17379738417202395
829, 419, 692, 883, 937, 438 | 0.28106 | 0.1749057858567945
829, 419, 692, 120, 883, 937 | 0.28175 | 0.1651356547746208
829, 419, 883, 937, 177, 438 | 0.27708 | 0.16825537574817115
829, 494, 419, 937, 177, 438 | 0.27766 | 0.1709155397916205
829, 494, 419, 692, 937, 438 | 0.28096 | 0.17623586787851916
829, 494, 692, 937, 145, 438 | 0.27505 | 0.17601418754156506
829, 494, 883, 937, 177, 438 | 0.27098 | 0.16626025271558412
829, 494, 883, 937, 145, 438 | 0.27092 | 0.16847705608512525
829, 217, 494, 692, 937, 438 | 0.28304 | 0.18355131899800486
829, 217, 494, 419, 692, 438 | 0.28683 | 0.18266459765018841
829, 217, 419, 883, 937, 438 | 0.28266 | 0.17579250720461095
829, 217, 419, 120, 883, 937 | 0.28307 | 0.1826532792138432
829, 217, 419, 692, 883, 937 | 0.28553 | 0.18521683400982697
829, 217, 419, 692, 883, 438 | 0.28439 | 0.17978275326978496
829, 217, 419, 692, 937, 438 | 0.28293 | 0.18089115495455554
829, 217, 692, 883, 937, 438 | 0.28253 | 0.1806694746176014
829, 217, 692, 883, 145, 438 | 0.28054 | 0.17933939259587675
829, 217, 692, 120, 883, 937 | 0.28337 | 0.17859431745353557
829, 684, 217, 120, 883, 937 | 0.28647 | 0.18649861140781884
829, 684, 217, 692, 883, 937 | 0.28915 | 0.1892757957701346
829, 684, 217, 419, 692, 937 | 0.29024 | 0.19119846186712242
829, 684, 217, 419, 883, 937 | 0.28915 | 0.19376201666310616
829, 684, 419, 120, 883, 937 | 0.2853 | 0.1749626148258919
829, 684, 419, 692, 883, 937 | 0.28764 | 0.17795342875453962
829, 684, 692, 120, 883, 937 | 0.28408 | 0.1706900234992523
829, 684, 692, 120, 883, 145 | 0.28293 | 0.17372230752357973
829, 354, 684, 692, 883, 937 | 0.29453 | 0.17987609485152745
829, 354, 684, 419, 692, 883 | 0.2968 | 0.19706242350061198
829, 354, 684, 419, 692, 937 | 0.29578 | 0.18094424268318735
829, 354, 684, 419, 883, 937 | 0.29535 | 0.18329416791283915
829, 354, 684, 217, 419, 937 | 0.29744 | 0.19718008972441786
829, 354, 684, 217, 692, 937 | 0.29793 | 0.1946165349284341
829, 354, 684, 217, 883, 937 | 0.2966 | 0.195684682760094
829, 354, 217, 883, 937, 438 | 0.29005 | 0.1862114830414542
829, 354, 217, 692, 883, 937 | 0.29334 | 0.19162572099978636
829, 354, 217, 692, 883, 438 | 0.29201 | 0.19064508978053646
829, 354, 217, 692, 937, 438 | 0.29055 | 0.19197517180226115
829, 354, 217, 419, 692, 937 | 0.2934 | 0.19162572099978636
829, 354, 217, 419, 692, 438 | 0.29213 | 0.1893150077588118
829, 354, 217, 419, 883, 937 | 0.29273 | 0.1946165349284341
829, 354, 217, 419, 883, 438 | 0.29188 | 0.18310795832409665
829, 354, 217, 419, 937, 438 | 0.2903 | 0.18510308135668366
829, 354, 217, 494, 419, 438 | 0.29436 | 0.18687652405231656
829, 354, 217, 494, 692, 438 | 0.29461 | 0.1950786965196187
829, 354, 494, 937, 177, 438 | 0.28419 | 0.181777876302372
829, 354, 494, 692, 937, 438 | 0.28779 | 0.1873198847262248
829, 354, 494, 419, 692, 438 | 0.29202 | 0.18665484371536245
829, 354, 494, 419, 937, 438 | 0.28887 | 0.18155619596541786
829, 354, 494, 419, 177, 438 | 0.28893 | 0.1800044336067391
829, 354, 419, 937, 177, 438 | 0.28545 | 0.1786743515850144
829, 354, 419, 883, 937, 438 | 0.28892 | 0.17933939259587675
829, 354, 419, 692, 883, 937 | 0.29174 | 0.1773125400555437
829, 354, 419, 692, 883, 438 | 0.29005 | 0.183772999334959
829, 354, 419, 692, 937, 438 | 0.28856 | 0.18465972068277545
829, 354, 692, 883, 937, 438 | 0.2879 | 0.1844380403458213
829, 354, 692, 883, 145, 438 | 0.2855 | 0.1842163600088672
829, 722, 354, 937, 177, 438 | 0.2896 | 0.1855464420305919
829, 722, 354, 883, 937, 438 | 0.29308 | 0.1855464420305919
829, 722, 354, 883, 145, 438 | 0.29095 | 0.18532476169363776
829, 722, 354, 692, 883, 937 | 0.29613 | 0.1805169835505234
829, 722, 354, 692, 883, 438 | 0.29433 | 0.1895366880957659
829, 722, 354, 692, 937, 438 | 0.29272 | 0.19020172910662825
829, 722, 354, 692, 145, 438 | 0.29031 | 0.19064508978053646
829, 722, 354, 419, 692, 883 | 0.29662 | 0.18910648714810283
829, 722, 354, 419, 692, 937 | 0.29528 | 0.1794488357188635
829, 722, 354, 419, 692, 438 | 0.29348 | 0.18842828641099535
829, 722, 354, 419, 883, 937 | 0.29545 | 0.18308053834650714
829, 722, 354, 419, 883, 438 | 0.29407 | 0.18288627798714255
829, 722, 354, 419, 937, 438 | 0.29246 | 0.1842163600088672
829, 722, 354, 419, 177, 438 | 0.29095 | 0.18266459765018841
829, 722, 354, 494, 419, 438 | 0.29572 | 0.1859898027045001
829, 722, 354, 494, 692, 438 | 0.29591 | 0.1933052538239858
829, 722, 354, 494, 937, 438 | 0.29259 | 0.18842828641099535
829, 722, 354, 494, 177, 438 | 0.29277 | 0.18820660607404124
829, 722, 354, 217, 494, 438 | 0.29687 | 0.19419197517180226
829, 722, 354, 217, 692, 937 | 0.2964 | 0.19397564622943816
829, 722, 354, 217, 692, 438 | 0.29497 | 0.1953003768565728
829, 722, 354, 217, 883, 937 | 0.29584 | 0.19611194189275796
829, 722, 354, 217, 883, 438 | 0.29477 | 0.1895366880957659
829, 722, 354, 217, 937, 438 | 0.29309 | 0.1910884504544447
829, 722, 354, 684, 419, 937 | 0.29736 | 0.18500320444349497
829, 722, 354, 684, 692, 883 | 0.29888 | 0.19767441860465115
829, 722, 354, 684, 692, 937 | 0.2978 | 0.18286690878017517
829, 722, 354, 684, 883, 937 | 0.29732 | 0.18414868617816707
829, 722, 684, 120, 883, 937 | 0.29003 | 0.17538987395855588
829, 722, 684, 120, 883, 145 | 0.28909 | 0.17394165387146304
829, 722, 684, 692, 883, 937 | 0.29226 | 0.17859431745353557
829, 722, 684, 692, 883, 145 | 0.29144 | 0.17459969291511296
829, 722, 684, 419, 692, 883 | 0.29371 | 0.19359445124439004
829, 722, 684, 419, 692, 937 | 0.2926 | 0.17923520615253152
829, 722, 684, 419, 883, 937 | 0.2923 | 0.18243964964751122
829, 722, 684, 217, 692, 937 | 0.29357 | 0.19119846186712242
829, 722, 684, 217, 883, 937 | 0.29252 | 0.19312112796411024
829, 722, 217, 937, 177, 438 | 0.28448 | 0.18111283529150965
829, 722, 217, 883, 937, 438 | 0.28839 | 0.18133451562846375
829, 722, 217, 883, 145, 438 | 0.28658 | 0.1806694746176014
829, 722, 217, 120, 883, 937 | 0.28912 | 0.1837214270455031
829, 722, 217, 692, 883, 937 | 0.29133 | 0.18628498184148687
829, 722, 217, 692, 883, 438 | 0.29003 | 0.1844380403458213
829, 722, 217, 692, 937, 438 | 0.28859 | 0.1855464420305919
829, 722, 217, 692, 145, 438 | 0.28657 | 0.18532476169363776
829, 722, 217, 419, 692, 883 | 0.29153 | 0.1966544267645859
829, 722, 217, 419, 692, 937 | 0.29025 | 0.1860713522751549
829, 722, 217, 419, 692, 438 | 0.28898 | 0.18355131899800486
829, 722, 217, 419, 883, 937 | 0.28995 | 0.18991668446913051
829, 722, 217, 419, 883, 438 | 0.28908 | 0.1786743515850144
829, 722, 217, 419, 937, 438 | 0.2875 | 0.1800044336067391
829, 722, 217, 419, 177, 438 | 0.28548 | 0.1782309909111062
829, 722, 217, 494, 692, 438 | 0.29217 | 0.18820660607404124
829, 722, 494, 937, 177, 438 | 0.28422 | 0.1782309909111062
829, 722, 494, 937, 145, 438 | 0.28327 | 0.17933939259587675
829, 722, 494, 692, 937, 438 | 0.28751 | 0.1819995566393261
829, 722, 494, 692, 145, 438 | 0.28634 | 0.18288627798714255
829, 722, 494, 419, 692, 438 | 0.29065 | 0.1819995566393261
829, 722, 494, 419, 937, 438 | 0.28776 | 0.17756594990024385
829, 722, 494, 419, 177, 438 | 0.28798 | 0.1771225892263356
829, 722, 419, 937, 177, 438 | 0.28476 | 0.17579250720461095
829, 722, 419, 883, 937, 438 | 0.28808 | 0.17623586787851916
829, 722, 419, 883, 177, 438 | 0.28563 | 0.17357570383506982
829, 722, 419, 120, 883, 937 | 0.28872 | 0.17133091219824823
829, 722, 419, 692, 883, 937 | 0.2907 | 0.17410809656056397
829, 722, 419, 692, 883, 438 | 0.28904 | 0.17978275326978496
829, 722, 419, 692, 937, 438 | 0.28757 | 0.1800044336067391
829, 722, 692, 177, 145, 438 | 0.27928 | 0.17911771225892265
829, 722, 692, 937, 145, 438 | 0.28332 | 0.18089115495455554
829, 722, 692, 883, 937, 438 | 0.28799 | 0.1800044336067391
829, 722, 692, 883, 145, 438 | 0.28671 | 0.1804477942806473
829, 722, 692, 120, 883, 937 | 0.28895 | 0.16769920957060458
829, 722, 692, 120, 883, 145 | 0.28745 | 0.1783285808291292
829, 722, 883, 177, 145, 438 | 0.28141 | 0.17401906450897806
829, 722, 883, 937, 177, 438 | 0.28403 | 0.1749057858567945
829, 722, 883, 937, 145, 438 | 0.28386 | 0.1771225892263356
829, 766, 722, 419, 883, 937 | 0.3001 | 0.18756675923947874
829, 766, 722, 354, 883, 937 | 0.30481 | 0.1924802392651143
829, 766, 354, 419, 883, 937 | 0.30111 | 0.1892757957701346
829, 766, 684, 419, 883, 937 | 0.29418 | 0.18842127750480667
829, 766, 217, 419, 883, 937 | 0.29527 | 0.1976073488570818
766, 419, 692, 120, 883, 937 | 0.27559 | 0.15915402691732536
766, 494, 419, 120, 937, 177 | 0.2759 | 0.1855692374162886
766, 217, 494, 419, 937, 177 | 0.27856 | 0.1993951177360121
766, 217, 419, 120, 883, 937 | 0.27848 | 0.17645802179021577
766, 217, 419, 692, 120, 937 | 0.27906 | 0.17368083742790003
766, 217, 419, 692, 883, 937 | 0.27851 | 0.1783806878872036
766, 217, 692, 120, 883, 937 | 0.27705 | 0.17239906002990815
766, 217, 692, 120, 883, 145 | 0.27516 | 0.19170870805001097
766, 684, 217, 692, 120, 937 | 0.28056 | 0.1781670583208716
766, 684, 217, 692, 120, 145 | 0.27893 | 0.1919280543978943
766, 684, 217, 692, 883, 937 | 0.27936 | 0.18137150181585132
766, 684, 217, 692, 883, 145 | 0.27797 | 0.1899539372669445
766, 684, 217, 419, 120, 937 | 0.28217 | 0.1815851313821833
766, 684, 217, 419, 883, 937 | 0.28113 | 0.18564409314249092
766, 684, 217, 419, 937, 177 | 0.28 | 0.1970187945560596
766, 684, 217, 494, 419, 177 | 0.28403 | 0.19745085331605097
766, 684, 494, 120, 937, 177 | 0.27555 | 0.18146467919637072
766, 684, 494, 692, 937, 145 | 0.27376 | 0.19916648387804342
766, 684, 494, 419, 120, 177 | 0.28085 | 0.18189673795636208
766, 684, 494, 419, 937, 177 | 0.27871 | 0.17390365089652193
766, 684, 419, 883, 937, 177 | 0.27663 | 0.19291423633614171
766, 684, 419, 120, 883, 937 | 0.27818 | 0.16769920957060458
766, 684, 419, 120, 937, 177 | 0.27763 | 0.18124864981637503
766, 684, 419, 692, 120, 937 | 0.27859 | 0.16534928434095278
766, 684, 419, 692, 883, 937 | 0.27808 | 0.16983550523392438
766, 684, 692, 883, 937, 145 | 0.27254 | 0.19916648387804342
766, 684, 692, 120, 883, 937 | 0.27521 | 0.16321298867763298
766, 684, 692, 120, 883, 145 | 0.27432 | 0.16034218030269795
766, 684, 120, 883, 177, 145 | 0.27058 | 0.1985084448343935
766, 354, 684, 883, 937, 177 | 0.28239 | 0.1993951177360121
766, 354, 684, 692, 883, 937 | 0.28406 | 0.1717581713309122
766, 354, 684, 692, 883, 145 | 0.28216 | 0.19127001535424434
766, 354, 684, 419, 883, 937 | 0.28663 | 0.17517624439222387
766, 354, 684, 419, 883, 177 | 0.28507 | 0.19961114711600778
766, 354, 684, 419, 937, 177 | 0.28585 | 0.1795204147764096
766, 354, 684, 494, 419, 177 | 0.28926 | 0.1816807085763664
766, 354, 684, 494, 937, 177 | 0.28448 | 0.18124864981637503
766, 354, 684, 217, 419, 937 | 0.2896 | 0.18863490707113864
766, 354, 684, 217, 692, 937 | 0.28836 | 0.18628498184148687
766, 354, 684, 217, 883, 937 | 0.2877 | 0.18756675923947874
766, 354, 217, 692, 883, 937 | 0.28538 | 0.18500320444349497
766, 354, 217, 419, 883, 937 | 0.28651 | 0.18778038880581072
766, 354, 494, 419, 937, 177 | 0.28444 | 0.18384100237632317
766, 354, 419, 692, 883, 937 | 0.284 | 0.1706900234992523
766, 354, 692, 120, 883, 937 | 0.2797 | 0.1640675069429609
766, 354, 692, 120, 883, 145 | 0.27738 | 0.1925860934415442
766, 722, 354, 692, 883, 937 | 0.28774 | 0.17538987395855588
766, 722, 354, 692, 883, 145 | 0.28587 | 0.19434086422461067
766, 722, 354, 419, 883, 937 | 0.28875 | 0.17795342875453962
766, 722, 354, 419, 883, 177 | 0.28735 | 0.19896305897602073
766, 722, 354, 419, 937, 177 | 0.28771 | 0.1793043853964139
766, 722, 354, 494, 419, 177 | 0.29119 | 0.18146467919637072
766, 722, 354, 494, 937, 177 | 0.28792 | 0.1836249729963275
766, 722, 354, 217, 883, 937 | 0.28894 | 0.19098483230079044
766, 722, 684, 883, 937, 177 | 0.28066 | 0.19291423633614171
766, 722, 684, 883, 177, 145 | 0.27861 | 0.19894713753016013
766, 722, 684, 120, 883, 937 | 0.28232 | 0.16919461653492843
766, 722, 684, 120, 883, 145 | 0.28161 | 0.16253564378153104
766, 722, 684, 120, 937, 177 | 0.28182 | 0.1816807085763664
766, 722, 684, 692, 120, 937 | 0.28278 | 0.16791283913693655
766, 722, 684, 692, 120, 145 | 0.282 | 0.16275499012941436
766, 722, 684, 692, 883, 937 | 0.28207 | 0.17197180089724418
766, 722, 684, 692, 883, 145 | 0.28158 | 0.16056152665058127
766, 722, 684, 692, 937, 145 | 0.27959 | 0.19938583022592674
766, 722, 684, 692, 177, 145 | 0.27695 | 0.19719236674709367
766, 722, 684, 419, 120, 937 | 0.2845 | 0.17111728263191625
766, 722, 684, 419, 120, 177 | 0.2837 | 0.17908835601641823
766, 722, 684, 419, 883, 937 | 0.28379 | 0.17581713309121982
766, 722, 684, 419, 883, 177 | 0.28265 | 0.19118600129617627
766, 722, 684, 419, 937, 177 | 0.28332 | 0.17174335709656513
766, 722, 684, 494, 419, 177 | 0.28667 | 0.17239144523655217
766, 722, 684, 494, 120, 177 | 0.28484 | 0.18254482609634912
766, 722, 684, 494, 937, 177 | 0.28254 | 0.17455173903650897
766, 722, 684, 217, 494, 177 | 0.28667 | 0.19658673579606825
766, 722, 684, 217, 419, 937 | 0.28479 | 0.1871395001068148
766, 722, 684, 217, 419, 177 | 0.2841 | 0.19291423633614171
766, 722, 684, 217, 120, 937 | 0.28499 | 0.18286690878017517
766, 722, 684, 217, 120, 145 | 0.28355 | 0.1925860934415442
766, 722, 684, 217, 883, 937 | 0.28378 | 0.18649861140781884
766, 722, 684, 217, 883, 145 | 0.28259 | 0.19083132265847774
766, 722, 684, 217, 937, 177 | 0.2828 | 0.19572261827608556
766, 722, 217, 120, 883, 937 | 0.28379 | 0.17902157658619952
766, 722, 217, 120, 883, 145 | 0.28203 | 0.1956569423119105
766, 722, 217, 692, 120, 937 | 0.28433 | 0.1770989104892117
766, 722, 217, 692, 120, 145 | 0.28245 | 0.19631498135556044
766, 722, 217, 692, 883, 937 | 0.28359 | 0.18137150181585132
766, 722, 217, 692, 883, 145 | 0.28204 | 0.19346347883307743
766, 722, 217, 419, 120, 937 | 0.28454 | 0.17966246528519547
766, 722, 217, 419, 883, 937 | 0.28387 | 0.184789574877163
766, 722, 217, 419, 937, 177 | 0.28241 | 0.19658673579606825
766, 722, 494, 120, 937, 177 | 0.28212 | 0.1868654136962627
766, 722, 494, 419, 120, 177 | 0.28569 | 0.18427306113631453
766, 722, 494, 419, 937, 177 | 0.28373 | 0.17671203283646575
766, 722, 419, 883, 937, 177 | 0.28194 | 0.19507453013609852
766, 722, 419, 120, 883, 937 | 0.28356 | 0.16705832087160863
766, 722, 419, 120, 937, 177 | 0.28255 | 0.18427306113631453
766, 722, 419, 692, 120, 937 | 0.2834 | 0.16385387737662893
766, 722, 419, 692, 883, 937 | 0.28325 | 0.16919461653492843
766, 722, 692, 120, 883, 937 | 0.28214 | 0.16321298867763298
766, 722, 692, 120, 883, 145 | 0.28099 | 0.16604518534766396
722, 692, 120, 883, 937, 145 | 0.27339 | 0.19894713753016013
722, 692, 883, 177, 145, 438 | 0.2652 | 0.1678120150742629
722, 692, 883, 937, 145, 438 | 0.26917 | 0.17069385945466636
722, 419, 692, 937, 177, 438 | 0.26855 | 0.1691420970959876
722, 419, 692, 883, 937, 438 | 0.27329 | 0.17025049878075815
722, 419, 692, 120, 883, 937 | 0.27737 | 0.15573595385601366
722, 419, 120, 883, 937, 177 | 0.27271 | 0.19896305897602073
722, 419, 883, 937, 177, 438 | 0.2694 | 0.16493017069385946
722, 494, 419, 937, 177, 438 | 0.26998 | 0.16670361338949236
722, 494, 419, 120, 937, 177 | 0.27385 | 0.18103262043637935
722, 494, 419, 692, 120, 937 | 0.27774 | 0.1976073488570818
722, 494, 419, 692, 937, 438 | 0.27318 | 0.1709155397916205
722, 494, 419, 692, 177, 438 | 0.27193 | 0.1715805808024828
722, 494, 692, 937, 177, 438 | 0.26825 | 0.1711372201285746
722, 494, 692, 937, 145, 438 | 0.26875 | 0.17246730215029926
722, 494, 883, 937, 177, 438 | 0.26436 | 0.1638217690090889
722, 494, 883, 937, 145, 438 | 0.26345 | 0.1655952117047218
722, 217, 494, 937, 177, 438 | 0.26963 | 0.1729106628242075
722, 217, 494, 937, 145, 438 | 0.26749 | 0.1733540234981157
722, 217, 494, 692, 937, 438 | 0.27396 | 0.17756594990024385
722, 217, 494, 419, 692, 120 | 0.28085 | 0.1654936657952946
722, 217, 494, 419, 692, 438 | 0.2765 | 0.1764575482154733
722, 217, 494, 419, 937, 177 | 0.27192 | 0.19226614819615467
722, 217, 494, 419, 937, 438 | 0.27192 | 0.1711372201285746
722, 217, 494, 419, 177, 438 | 0.27273 | 0.1711372201285746
722, 217, 419, 937, 177, 438 | 0.26877 | 0.16869873642207936
722, 217, 419, 883, 937, 438 | 0.2715 | 0.16980713810684991
722, 217, 419, 883, 177, 438 | 0.2696 | 0.1675903347373088
722, 217, 419, 120, 883, 937 | 0.27536 | 0.17004913480025635
722, 217, 419, 692, 120, 883 | 0.27794 | 0.19359445124439004
722, 217, 419, 692, 120, 937 | 0.27735 | 0.16812646870326853
722, 217, 419, 692, 883, 937 | 0.27558 | 0.17261268959624013
722, 217, 419, 692, 883, 438 | 0.27411 | 0.17401906450897806
722, 217, 419, 692, 937, 438 | 0.27269 | 0.17357570383506982
722, 217, 692, 177, 145, 438 | 0.265 | 0.1731323431611616
722, 217, 692, 937, 145, 438 | 0.26847 | 0.1751274661937486
722, 217, 692, 883, 937, 438 | 0.27361 | 0.17534914653070272
722, 217, 692, 883, 145, 438 | 0.27182 | 0.17534914653070272
722, 217, 692, 120, 883, 937 | 0.27781 | 0.16876735740226448
722, 217, 692, 120, 883, 145 | 0.27585 | 0.18951524457117788
722, 217, 883, 177, 145, 438 | 0.26534 | 0.1678120150742629
722, 217, 883, 937, 177, 438 | 0.2686 | 0.1695854577698958
722, 217, 883, 937, 145, 438 | 0.26725 | 0.1709155397916205
722, 684, 217, 120, 883, 937 | 0.27866 | 0.17453535569322795
722, 684, 217, 120, 883, 145 | 0.27712 | 0.18622504935292827
722, 684, 217, 692, 120, 937 | 0.28142 | 0.17453535569322795
722, 684, 217, 692, 120, 145 | 0.27979 | 0.18819916648387805
722, 684, 217, 692, 883, 937 | 0.2791 | 0.1773125400555437
722, 684, 217, 692, 883, 145 | 0.27768 | 0.1864443957008116
722, 684, 217, 419, 692, 120 | 0.28206 | 0.16207520611301027
722, 684, 217, 419, 692, 883 | 0.27995 | 0.19298245614035087
722, 684, 217, 419, 692, 937 | 0.27892 | 0.17688528092287972
722, 684, 217, 419, 120, 937 | 0.27921 | 0.17517624439222387
722, 684, 217, 419, 120, 177 | 0.2777 | 0.19853100021602937
722, 684, 217, 419, 883, 937 | 0.27699 | 0.17880794701986755
722, 684, 217, 419, 937, 177 | 0.27484 | 0.18945776625621086
722, 684, 217, 494, 419, 692 | 0.28267 | 0.1700380532745844
722, 684, 217, 494, 419, 120 | 0.28269 | 0.16629800924994972
722, 684, 217, 494, 419, 177 | 0.27868 | 0.1909699719161806
722, 684, 217, 494, 692, 120 | 0.28486 | 0.1654936657952946
722, 684, 217, 494, 937, 177 | 0.27539 | 0.19291423633614171
722, 684, 494, 120, 937, 177 | 0.27605 | 0.17995247353640095
722, 684, 494, 120, 937, 145 | 0.27476 | 0.1956569423119105
722, 684, 494, 692, 937, 145 | 0.2748 | 0.1954375959640272
722, 684, 494, 419, 692, 120 | 0.28366 | 0.1614719485220189
722, 684, 494, 419, 120, 177 | 0.28009 | 0.1784402678764312
722, 684, 494, 419, 937, 177 | 0.27578 | 0.16871894577662563
722, 684, 419, 883, 937, 177 | 0.27485 | 0.18708144307625837
722, 684, 419, 120, 883, 937 | 0.27866 | 0.162999359111301
722, 684, 419, 120, 883, 177 | 0.27666 | 0.19680276517606393
722, 684, 419, 120, 937, 177 | 0.27707 | 0.17671203283646575
722, 684, 419, 692, 120, 883 | 0.2811 | 0.19114647082823338
722, 684, 419, 692, 120, 937 | 0.28069 | 0.16171758171330913
722, 684, 419, 692, 883, 937 | 0.27889 | 0.16577654347361676
722, 684, 692, 883, 937, 145 | 0.27481 | 0.1954375959640272
722, 684, 692, 120, 883, 937 | 0.2797 | 0.16129032258064516
722, 684, 692, 120, 883, 145 | 0.2788 | 0.1585874095196315
722, 684, 692, 120, 937, 145 | 0.27649 | 0.19741171309497696
722, 684, 692, 120, 177, 145 | 0.27305 | 0.19499890326826058
722, 684, 120, 883, 937, 177 | 0.27484 | 0.19788291207604233
722, 684, 120, 883, 937, 145 | 0.2744 | 0.1952182496161439
722, 684, 120, 883, 177, 145 | 0.2724 | 0.19390217152884404
722, 354, 684, 883, 937, 177 | 0.27946 | 0.19334629509613308
722, 354, 684, 120, 883, 937 | 0.28118 | 0.16428113650929288
722, 354, 684, 120, 883, 145 | 0.27915 | 0.1864443957008116
722, 354, 684, 120, 937, 177 | 0.2794 | 0.1803845322963923
722, 354, 684, 692, 120, 883 | 0.28382 | 0.19318645450836394
722, 354, 684, 692, 120, 937 | 0.28336 | 0.16492202520828883
722, 354, 684, 692, 120, 145 | 0.28121 | 0.1897345909190612
722, 354, 684, 692, 883, 937 | 0.28378 | 0.16898098696859645
722, 354, 684, 692, 883, 145 | 0.28192 | 0.18754112744022813
722, 354, 684, 419, 692, 883 | 0.28476 | 0.1846185230518156
722, 354, 684, 419, 692, 937 | 0.28372 | 0.1683400982696005
722, 354, 684, 419, 120, 883 | 0.28227 | 0.19461444308445533
722, 354, 684, 419, 120, 937 | 0.28187 | 0.1651356547746208
722, 354, 684, 419, 120, 177 | 0.28082 | 0.1784402678764312
722, 354, 684, 419, 883, 937 | 0.28228 | 0.16983550523392438
722, 354, 684, 419, 883, 177 | 0.28083 | 0.1918340894361633
722, 354, 684, 419, 937, 177 | 0.28059 | 0.1708792395765824
722, 354, 684, 494, 419, 692 | 0.28701 | 0.1708391748447827
722, 354, 684, 494, 419, 177 | 0.28383 | 0.1743357096565133
722, 354, 684, 494, 120, 177 | 0.28241 | 0.18405703175631885
722, 354, 684, 494, 937, 177 | 0.28029 | 0.17584791531648306
722, 354, 684, 217, 494, 692 | 0.28829 | 0.16903665131183657
722, 354, 684, 217, 494, 177 | 0.28388 | 0.19896305897602073
722, 354, 684, 217, 692, 883 | 0.28545 | 0.19869441044471645
722, 354, 684, 217, 692, 937 | 0.28448 | 0.1815851313821833
722, 354, 684, 217, 120, 937 | 0.28231 | 0.17859431745353557
722, 354, 684, 217, 883, 937 | 0.28234 | 0.18179876094851527
722, 354, 684, 217, 937, 177 | 0.28008 | 0.19550658889608988
722, 354, 217, 937, 177, 438 | 0.27401 | 0.1786743515850144
722, 354, 217, 883, 937, 438 | 0.27686 | 0.17911771225892265
722, 354, 217, 883, 177, 438 | 0.2749 | 0.17778763023719796
722, 354, 217, 883, 145, 438 | 0.2742 | 0.1788960319219685
722, 354, 217, 120, 883, 937 | 0.2788 | 0.17624439222388377
722, 354, 217, 692, 120, 883 | 0.28176 | 0.19726642186862506
722, 354, 217, 692, 120, 937 | 0.28098 | 0.1760307626575518
722, 354, 217, 692, 883, 937 | 0.28132 | 0.18008972441785942
722, 354, 217, 692, 883, 438 | 0.27975 | 0.1839946796719131
722, 354, 217, 692, 937, 438 | 0.27823 | 0.183772999334959
722, 354, 217, 692, 145, 438 | 0.27534 | 0.1842163600088672
722, 354, 217, 419, 692, 883 | 0.28131 | 0.18808649530803753
722, 354, 217, 419, 692, 937 | 0.27998 | 0.1781670583208716
722, 354, 217, 419, 692, 438 | 0.27846 | 0.18089115495455554
722, 354, 217, 419, 120, 883 | 0.27889 | 0.1966544267645859
722, 354, 217, 419, 120, 937 | 0.27811 | 0.17538987395855588
722, 354, 217, 419, 883, 937 | 0.27849 | 0.18030335398419142
722, 354, 217, 419, 883, 438 | 0.27731 | 0.17557082686765685
722, 354, 217, 419, 937, 177 | 0.27584 | 0.1942104126161158
722, 354, 217, 419, 937, 438 | 0.27572 | 0.17579250720461095
722, 354, 217, 419, 177, 438 | 0.27477 | 0.1749057858567945
722, 354, 217, 494, 692, 438 | 0.28215 | 0.1879849257370871
722, 354, 217, 494, 937, 177 | 0.27735 | 0.19896305897602073
722, 354, 217, 494, 937, 438 | 0.27717 | 0.1819995566393261
722, 354, 217, 494, 177, 438 | 0.27795 | 0.18266459765018841
722, 354, 494, 937, 177, 438 | 0.27441 | 0.1764575482154733
722, 354, 494, 937, 145, 438 | 0.27149 | 0.1766792285524274
722, 354, 494, 120, 937, 177 | 0.27638 | 0.18535320803629293
722, 354, 494, 692, 937, 438 | 0.27794 | 0.18111283529150965
722, 354, 494, 692, 177, 438 | 0.27667 | 0.181777876302372
722, 354, 494, 419, 692, 438 | 0.28091 | 0.1802261139436932
722, 354, 494, 419, 120, 177 | 0.27957 | 0.18384100237632317
722, 354, 494, 419, 937, 177 | 0.27762 | 0.17563188593648738
722, 354, 494, 419, 937, 438 | 0.27671 | 0.17424074484593216
722, 354, 494, 419, 177, 438 | 0.27793 | 0.17446242518288627
722, 354, 419, 937, 177, 438 | 0.27453 | 0.17202394147639105
722, 354, 419, 883, 937, 177 | 0.27682 | 0.1931302657161374
722, 354, 419, 883, 937, 438 | 0.27678 | 0.1729106628242075
722, 354, 419, 883, 177, 438 | 0.27533 | 0.1711372201285746
722, 354, 419, 120, 883, 937 | 0.27859 | 0.16235847041230506
722, 354, 419, 120, 937, 177 | 0.27641 | 0.180600561676388
722, 354, 419, 692, 120, 883 | 0.28086 | 0.1835985312117503
722, 354, 419, 692, 120, 937 | 0.28013 | 0.16064943388164923
722, 354, 419, 692, 883, 937 | 0.28092 | 0.16641743217261268
722, 354, 419, 692, 883, 438 | 0.27899 | 0.17778763023719796
722, 354, 419, 692, 937, 438 | 0.27751 | 0.1771225892263356
722, 354, 419, 692, 177, 438 | 0.27447 | 0.1766792285524274
722, 354, 692, 177, 145, 438 | 0.26951 | 0.17756594990024385
722, 354, 692, 937, 177, 438 | 0.2733 | 0.17800931057415206
722, 354, 692, 883, 937, 438 | 0.27818 | 0.1788960319219685
722, 354, 692, 883, 145, 438 | 0.27604 | 0.17978275326978496
722, 354, 692, 120, 883, 937 | 0.28033 | 0.16171758171330913
722, 354, 692, 120, 883, 145 | 0.278 | 0.1903926299627111
722, 354, 883, 177, 145, 438 | 0.27047 | 0.17202394147639105
722, 354, 883, 937, 177, 438 | 0.27403 | 0.1733540234981157
722, 354, 883, 937, 145, 438 | 0.27187 | 0.17446242518288627
354, 692, 883, 177, 145, 438 | 0.26345 | 0.17047217911771226
354, 692, 883, 937, 145, 438 | 0.26746 | 0.17379738417202395
354, 419, 692, 937, 177, 438 | 0.26907 | 0.17246730215029926
354, 419, 692, 883, 937, 438 | 0.27389 | 0.17401906450897806
354, 419, 692, 120, 883, 937 | 0.27584 | 0.1574449903866695
354, 419, 883, 937, 177, 438 | 0.26974 | 0.16714697406340057
354, 494, 419, 937, 177, 438 | 0.27063 | 0.1693637774329417
354, 494, 419, 120, 937, 177 | 0.27234 | 0.18513717865629725
354, 494, 419, 692, 937, 438 | 0.27414 | 0.17534914653070272
354, 494, 419, 692, 177, 438 | 0.27274 | 0.1749057858567945
354, 494, 692, 937, 177, 438 | 0.26812 | 0.1751274661937486
354, 494, 692, 937, 145, 438 | 0.26746 | 0.17601418754156506
354, 494, 883, 937, 177, 438 | 0.26408 | 0.16692529372644646
354, 494, 883, 937, 145, 438 | 0.26212 | 0.16803369541121702
354, 217, 494, 937, 177, 438 | 0.27129 | 0.17756594990024385
354, 217, 494, 692, 937, 438 | 0.27598 | 0.18355131899800486
354, 217, 494, 419, 692, 438 | 0.27962 | 0.181777876302372
354, 217, 494, 419, 937, 177 | 0.27459 | 0.1993951177360121
354, 217, 494, 419, 937, 438 | 0.27471 | 0.17579250720461095
354, 217, 494, 419, 177, 438 | 0.27539 | 0.1749057858567945
354, 217, 419, 937, 177, 438 | 0.27113 | 0.17246730215029926
354, 217, 419, 883, 937, 438 | 0.27393 | 0.17379738417202395
354, 217, 419, 883, 177, 438 | 0.2719 | 0.1709155397916205
354, 217, 419, 120, 883, 937 | 0.27561 | 0.17368083742790003
354, 217, 419, 692, 120, 883 | 0.27855 | 0.19767441860465115
354, 217, 419, 692, 120, 937 | 0.27795 | 0.17261268959624013
354, 217, 419, 692, 883, 937 | 0.27827 | 0.1770989104892117
354, 217, 419, 692, 883, 438 | 0.2768 | 0.1786743515850144
354, 217, 419, 692, 937, 438 | 0.2754 | 0.1788960319219685
354, 217, 692, 883, 937, 438 | 0.27517 | 0.1806694746176014
354, 217, 692, 883, 145, 438 | 0.2723 | 0.17978275326978496
354, 217, 692, 120, 883, 937 | 0.27729 | 0.1728263191625721
354, 217, 883, 937, 177, 438 | 0.26986 | 0.17379738417202395
354, 684, 217, 120, 883, 937 | 0.2802 | 0.1760307626575518
354, 684, 217, 692, 120, 937 | 0.28324 | 0.17688528092287972
354, 684, 217, 692, 883, 937 | 0.28312 | 0.17987609485152745
354, 684, 217, 419, 692, 883 | 0.28481 | 0.1984904120767034
354, 684, 217, 419, 692, 937 | 0.28391 | 0.17987609485152745
354, 684, 217, 419, 120, 937 | 0.28171 | 0.1773125400555437
354, 684, 217, 419, 883, 937 | 0.28172 | 0.18094424268318735
354, 684, 217, 419, 937, 177 | 0.27942 | 0.1972348239360553
354, 684, 217, 494, 419, 692 | 0.28786 | 0.16863609052673742
354, 684, 217, 494, 937, 177 | 0.27939 | 0.1993951177360121
354, 684, 494, 120, 937, 177 | 0.27577 | 0.1834089436163318
354, 684, 494, 419, 120, 177 | 0.28055 | 0.1844890905163102
354, 684, 494, 419, 937, 177 | 0.27855 | 0.1760639446964787
354, 684, 419, 883, 937, 177 | 0.27739 | 0.1942104126161158
354, 684, 419, 120, 883, 937 | 0.27912 | 0.16257209997863703
354, 684, 419, 120, 937, 177 | 0.27737 | 0.18103262043637935
354, 684, 419, 692, 120, 883 | 0.28164 | 0.193390452876377
354, 684, 419, 692, 120, 937 | 0.28132 | 0.16214484084597308
354, 684, 419, 692, 883, 937 | 0.28174 | 0.16663106173894468
354, 684, 692, 120, 883, 937 | 0.27938 | 0.16107669301431318
354, 684, 692, 120, 883, 145 | 0.27708 | 0.18907655187541128
684, 692, 120, 883, 937, 145 | 0.26915 | 0.19675367405132704
684, 419, 692, 120, 883, 937 | 0.27486 | 0.15936765648365733
684, 419, 120, 883, 937, 177 | 0.26999 | 0.1972348239360553
684, 494, 419, 120, 937, 177 | 0.27158 | 0.1784402678764312
684, 494, 692, 120, 937, 145 | 0.26977 | 0.19763105944286027
684, 217, 494, 419, 692, 120 | 0.28164 | 0.1667001809772773
684, 217, 494, 419, 937, 177 | 0.27221 | 0.19291423633614171
684, 217, 419, 120, 883, 937 | 0.27515 | 0.173894466994232
684, 217, 419, 692, 120, 937 | 0.27798 | 0.17325357829523605
684, 217, 419, 692, 883, 937 | 0.27581 | 0.17667165135654775
684, 217, 692, 120, 883, 937 | 0.2762 | 0.17197180089724418
684, 217, 692, 120, 883, 145 | 0.27446 | 0.18797982013599474
217, 692, 883, 937, 145, 438 | 0.2622 | 0.17047217911771226
217, 419, 692, 883, 937, 438 | 0.26787 | 0.1713589004655287
217, 419, 692, 120, 883, 937 | 0.27181 | 0.1662038026062807
217, 419, 883, 937, 177, 438 | 0.26277 | 0.1642651296829971
217, 494, 419, 937, 177, 438 | 0.26421 | 0.16670361338949236
217, 494, 419, 692, 937, 438 | 0.26862 | 0.17268898248725337
217, 494, 692, 937, 145, 438 | 0.26282 | 0.1729106628242075
217, 494, 883, 937, 177, 438 | 0.25804 | 0.1638217690090889
217, 494, 883, 937, 145, 438 | 0.25679 | 0.16493017069385946
494, 692, 883, 937, 145, 438 | 0.25625 | 0.16293504766127245
494, 419, 692, 937, 177, 438 | 0.26169 | 0.16537353136776767
494, 419, 883, 937, 177, 438 | 0.2578 | 0.15717135890046552
