36, 37 | 0.9998769230769231 | 0.0
39, 38 | 0.9998769230769231 | 0.0
39, 58 | 0.9132307692307692 | 0.2709677419354839
39, 102 | 0.9152 | 0.23618090452261306
39, 48 | 0.9033846153846153 | 0.0
59, 61 | 0.9289846153846154 | 0.0
59, 66 | 0.8585846153846154 | 0.21875
59, 29 | 0.8497230769230769 | 0.2
59, 101 | 0.8142769230769231 | 0.11764705882352941
59, 95 | 0.7965538461538462 | 0.0
63, 61 | 0.8374153846153846 | 0.21247892074198987
63, 66 | 0.8910769230769231 | 0.0
63, 29 | 0.8201846153846154 | 0.2
63, 101 | 0.7906461538461539 | 0.08823529411764706
63, 95 | 0.7670153846153847 | 0.0
24, 93 | 0.9762461538461539 | 0.1975806451612903
24, 23 | 0.9998769230769231 | 0.0
24, 99 | 0.7556923076923077 | 0.2926829268292683
24, 98 | 0.7497846153846154 | 0.28205128205128205
53, 52 | 0.9998769230769231 | 0.0
53, 101 | 0.7325538461538461 | 0.17647058823529413
53, 95 | 0.7266461538461538 | 0.0
67, 61 | 0.766523076923077 | 0.2563237774030354
67, 66 | 0.7620923076923077 | 0.25
67, 29 | 0.7443692307692308 | 0.26666666666666666
67, 69 | 0.7798153846153846 | 0.0
67, 111 | 0.7020307692307692 | 0.2757009345794392
67, 101 | 0.7089230769230769 | 0.20588235294117646
67, 95 | 0.7089230769230769 | 0.0
76, 61 | 0.7606153846153846 | 0.24283305227655985
76, 66 | 0.7522461538461539 | 0.25
76, 29 | 0.734523076923077 | 0.26666666666666666
76, 77 | 0.7699692307692307 | 0.0
76, 111 | 0.6921846153846154 | 0.2757009345794392
76, 101 | 0.699076923076923 | 0.20588235294117646
76, 95 | 0.699076923076923 | 0.0
2, 110 | 0.8684307692307692 | 0.29504950495049503
2, 1 | 0.9998769230769231 | 0.0
2, 38 | 0.7916307692307692 | 0.11464968152866242
2, 58 | 0.734523076923077 | 0.2903225806451613
2, 102 | 0.7409230769230769 | 0.24120603015075376
2, 61 | 0.7921230769230769 | 0.06070826306913996
2, 66 | 0.7837538461538461 | 0.0625
2, 29 | 0.7837538461538461 | 0.0
2, 48 | 0.7305846153846154 | 0.0
2, 101 | 0.7128615384615384 | 0.029411764705882353
2, 95 | 0.6774153846153846 | 0.0
110, 114 | 0.7138461538461538 | 0.18063314711359404
110, 111 | 0.7079384615384615 | 0.0
110, 37 | 0.6350769230769231 | 0.14634146341463414
110, 107 | 0.6508307692307692 | 0.0
93, 1 | 0.8699076923076923 | 0.2083758937691522
93, 94 | 0.8300307692307692 | 0.0
93, 38 | 0.7177846153846154 | 0.25796178343949044
93, 58 | 0.734523076923077 | 0.1935483870967742
93, 102 | 0.7399384615384615 | 0.1440536013400335
93, 61 | 0.7625846153846154 | 0.06070826306913996
93, 66 | 0.7542153846153846 | 0.0625
93, 29 | 0.7187692307692307 | 0.13333333333333333
93, 48 | 0.7010461538461539 | 0.0
93, 101 | 0.6537846153846154 | 0.17647058823529413
93, 95 | 0.6478769230769231 | 0.0
1, 28 | 0.9014153846153846 | 0.034013605442176874
1, 23 | 0.8206769230769231 | 0.1848341232227488
1, 99 | 0.6966153846153846 | 0.11382113821138211
1, 98 | 0.6848 | 0.11965811965811966
1, 37 | 0.6296615384615385 | 0.08536585365853659
1, 107 | 0.590276923076923 | 0.2948717948717949
56, 94 | 0.8004923076923077 | 0.01729106628242075
56, 9 | 0.7187692307692307 | 0.19248826291079812
56, 38 | 0.7315692307692307 | 0.13694267515923567
56, 58 | 0.7699692307692307 | 0.0
56, 102 | 0.7458461538461538 | 0.04355108877721943
56, 13 | 0.6690461538461538 | 0.2732049036777583
56, 114 | 0.6537846153846154 | 0.2849162011173184
56, 48 | 0.6774153846153846 | 0.0
56, 37 | 0.5956923076923077 | 0.18902439024390244
56, 107 | 0.5888 | 0.19230769230769232
3, 6 | 0.8379076923076924 | 0.0
28, 52 | 0.7399384615384615 | 0.2935153583617747
28, 38 | 0.7138461538461538 | 0.09554140127388536
28, 102 | 0.6513230769230769 | 0.2613065326633166
28, 61 | 0.7044923076923076 | 0.07419898819561552
28, 66 | 0.7000615384615385 | 0.0625
28, 29 | 0.7000615384615385 | 0.0
28, 48 | 0.6468923076923077 | 0.0
28, 101 | 0.6291692307692308 | 0.029411764705882353
28, 95 | 0.5937230769230769 | 0.0
52, 116 | 0.7281230769230769 | 0.23761118170266837
52, 94 | 0.7399384615384615 | 0.10086455331412104
52, 38 | 0.6572307692307693 | 0.27388535031847133
52, 102 | 0.6454153846153846 | 0.27638190954773867
52, 13 | 0.6414769230769231 | 0.2574430823117338
52, 77 | 0.6099692307692308 | 0.23076923076923078
52, 69 | 0.6099692307692308 | 0.23076923076923078
52, 48 | 0.6454153846153846 | 0.0
52, 17 | 0.6099692307692308 | 0.04
23, 94 | 0.7335384615384616 | 0.069164265129683
23, 38 | 0.6803692307692307 | 0.14331210191082802
23, 58 | 0.6971076923076923 | 0.07741935483870968
23, 102 | 0.6808615384615384 | 0.09715242881072027
23, 61 | 0.7074461538461538 | 0.0
23, 66 | 0.699076923076923 | 0.0
23, 29 | 0.6459076923076923 | 0.13333333333333333
23, 48 | 0.6281846153846153 | 0.0
23, 101 | 0.5809230769230769 | 0.17647058823529413
23, 37 | 0.5641846153846154 | 0.07926829268292683
23, 95 | 0.5750153846153846 | 0.0
10, 9 | 0.7138461538461538 | 0.0
10, 11 | 0.6848 | 0.0
10, 114 | 0.5993846153846154 | 0.2430167597765363
10, 37 | 0.5563076923076923 | 0.027439024390243903
10, 107 | 0.5174153846153846 | 0.23076923076923078
6, 58 | 0.6045538461538461 | 0.2903225806451613
6, 102 | 0.5956923076923077 | 0.2931323283082077
116, 94 | 0.6542769230769231 | 0.21902017291066284
116, 9 | 0.6483692307692308 | 0.1705790297339593
116, 58 | 0.6119384615384615 | 0.2645161290322581
116, 102 | 0.6011076923076923 | 0.2730318257956449
116, 29 | 0.5764923076923076 | 0.28888888888888886
116, 114 | 0.6518153846153846 | 0.0
116, 101 | 0.5292307692307693 | 0.29411764705882354
116, 37 | 0.5252923076923077 | 0.14634146341463414
116, 107 | 0.5292307692307693 | 0.07692307692307693
94, 11 | 0.5750153846153846 | 0.18275862068965518
94, 29 | 0.5366153846153846 | 0.26666666666666666
94, 99 | 0.5366153846153846 | 0.1951219512195122
94, 98 | 0.5248 | 0.20512820512820512
94, 16 | 0.5366153846153846 | 0.1391304347826087
94, 111 | 0.5523692307692307 | 0.0
94, 101 | 0.5425230769230769 | 0.0
94, 43 | 0.5016615384615385 | 0.128686327077748
94, 95 | 0.5011692307692308 | 0.0
9, 61 | 0.5444923076923077 | 0.21247892074198987
9, 11 | 0.6001230769230769 | 0.0
9, 66 | 0.5361230769230769 | 0.21875
9, 29 | 0.5095384615384615 | 0.26666666666666666
9, 99 | 0.4947692307692308 | 0.25609756097560976
9, 98 | 0.4918153846153846 | 0.23076923076923078
9, 77 | 0.4918153846153846 | 0.23076923076923078
9, 69 | 0.4918153846153846 | 0.23076923076923078
9, 16 | 0.5001846153846153 | 0.18043478260869567
9, 111 | 0.5233230769230769 | 0.009345794392523364
9, 101 | 0.48 | 0.17647058823529413
9, 43 | 0.4598153846153846 | 0.20911528150134048
9, 95 | 0.4740923076923077 | 0.0
38, 11 | 0.5602461538461538 | 0.1206896551724138
38, 29 | 0.5041230769230769 | 0.26666666666666666
38, 114 | 0.5577846153846154 | 0.0595903165735568
38, 99 | 0.512 | 0.16260162601626016
38, 98 | 0.5060923076923077 | 0.1452991452991453
38, 16 | 0.5218461538461538 | 0.06086956521739131
38, 111 | 0.5110153846153846 | 0.04205607476635514
38, 101 | 0.5041230769230769 | 0.029411764705882353
38, 43 | 0.4706461538461538 | 0.12064343163538874
38, 37 | 0.43913846153846153 | 0.1951219512195122
38, 95 | 0.4686769230769231 | 0.0
38, 107 | 0.4352 | 0.1794871794871795
58, 11 | 0.571076923076923 | 0.06896551724137931
58, 29 | 0.5001846153846153 | 0.26666666666666666
58, 114 | 0.5341538461538462 | 0.1340782122905028
58, 99 | 0.5415384615384615 | 0.024390243902439025
58, 98 | 0.5356307692307692 | 0.0
58, 16 | 0.5139692307692307 | 0.0782608695652174
58, 111 | 0.5129846153846154 | 0.014018691588785047
58, 101 | 0.5001846153846153 | 0.029411764705882353
58, 43 | 0.47556923076923074 | 0.07238605898123325
58, 37 | 0.4312615384615385 | 0.21951219512195122
58, 95 | 0.46473846153846154 | 0.0
58, 107 | 0.4411076923076923 | 0.11538461538461539
102, 11 | 0.5568 | 0.07931034482758621
102, 29 | 0.48886153846153846 | 0.26666666666666666
102, 114 | 0.5228307692307692 | 0.1340782122905028
102, 99 | 0.5361230769230769 | 0.0
102, 98 | 0.5243076923076923 | 0.0
102, 16 | 0.5016615384615385 | 0.08260869565217391
102, 111 | 0.5006769230769231 | 0.018691588785046728
102, 101 | 0.4947692307692308 | 0.0
102, 43 | 0.4657230769230769 | 0.064343163538874
102, 37 | 0.4120615384615385 | 0.2682926829268293
102, 95 | 0.4534153846153846 | 0.0
102, 107 | 0.4297846153846154 | 0.11538461538461539
61, 13 | 0.5164307692307692 | 0.20140105078809106
61, 114 | 0.48541538461538464 | 0.2681564245810056
61, 99 | 0.5341538461538462 | 0.0
61, 98 | 0.5223384615384615 | 0.0
61, 17 | 0.4219076923076923 | 0.296
61, 37 | 0.4356923076923077 | 0.10975609756097561
61, 107 | 0.4366769230769231 | 0.057692307692307696
11, 13 | 0.5070769230769231 | 0.2119089316987741
11, 29 | 0.47163076923076924 | 0.3
11, 77 | 0.4539076923076923 | 0.2692307692307692
11, 69 | 0.4539076923076923 | 0.2692307692307692
11, 48 | 0.4982153846153846 | 0.0
11, 17 | 0.4347076923076923 | 0.192
11, 107 | 0.40073846153846154 | 0.25
66, 13 | 0.5115076923076923 | 0.18914185639229422
66, 114 | 0.47704615384615384 | 0.2681564245810056
66, 99 | 0.5257846153846154 | 0.0
66, 98 | 0.5139692307692307 | 0.0
66, 17 | 0.4150153846153846 | 0.288
66, 37 | 0.4273230769230769 | 0.10975609756097561
66, 107 | 0.42830769230769233 | 0.057692307692307696
13, 29 | 0.5115076923076923 | 0.13333333333333333
13, 114 | 0.5001846153846153 | 0.1713221601489758
13, 98 | 0.44356923076923077 | 0.2948717948717949
13, 16 | 0.5075692307692308 | 0.0
13, 111 | 0.44504615384615387 | 0.2219626168224299
13, 101 | 0.48196923076923076 | 0.0
13, 17 | 0.4657230769230769 | 0.0
13, 43 | 0.4297846153846154 | 0.1903485254691689
13, 37 | 0.4081230769230769 | 0.21341463414634146
13, 95 | 0.44061538461538463 | 0.0
13, 107 | 0.4051692307692308 | 0.19230769230769232
29, 114 | 0.45932307692307695 | 0.2681564245810056
29, 99 | 0.5080615384615385 | 0.0
29, 98 | 0.49624615384615384 | 0.0
29, 17 | 0.4150153846153846 | 0.192
29, 37 | 0.4273230769230769 | 0.0
29, 107 | 0.4017230769230769 | 0.11538461538461539
114, 77 | 0.47704615384615384 | 0.07692307692307693
114, 69 | 0.47704615384615384 | 0.07692307692307693
114, 48 | 0.47704615384615384 | 0.0
114, 111 | 0.4425846153846154 | 0.1542056074766355
114, 17 | 0.44898461538461537 | 0.0
99, 98 | 0.4726153846153846 | 0.0
99, 77 | 0.43716923076923075 | 0.15384615384615385
99, 69 | 0.43716923076923075 | 0.15384615384615385
99, 16 | 0.4105846153846154 | 0.2565217391304348
99, 48 | 0.4548923076923077 | 0.0
99, 111 | 0.3908923076923077 | 0.29439252336448596
99, 101 | 0.4430769230769231 | 0.0
99, 17 | 0.3913846153846154 | 0.192
99, 43 | 0.37316923076923075 | 0.2868632707774799
99, 95 | 0.4017230769230769 | 0.0
98, 77 | 0.42535384615384614 | 0.15384615384615385
98, 69 | 0.42535384615384614 | 0.15384615384615385
98, 16 | 0.39876923076923076 | 0.2565217391304348
98, 48 | 0.4430769230769231 | 0.0
98, 111 | 0.3790769230769231 | 0.29439252336448596
98, 101 | 0.4312615384615385 | 0.0
98, 17 | 0.37956923076923077 | 0.192
98, 43 | 0.3633230769230769 | 0.2761394101876676
98, 95 | 0.3899076923076923 | 0.0
77, 16 | 0.4066461538461538 | 0.2217391304347826
77, 111 | 0.3790769230769231 | 0.29439252336448596
77, 101 | 0.37809230769230767 | 0.2647058823529412
77, 43 | 0.3785846153846154 | 0.19302949061662197
77, 37 | 0.39187692307692307 | 0.0
77, 107 | 0.384 | 0.0
69, 16 | 0.4066461538461538 | 0.2217391304347826
69, 111 | 0.3790769230769231 | 0.29439252336448596
69, 101 | 0.37809230769230767 | 0.2647058823529412
69, 43 | 0.3785846153846154 | 0.19302949061662197
69, 37 | 0.39187692307692307 | 0.0
69, 107 | 0.384 | 0.0
16, 48 | 0.43913846153846153 | 0.0
16, 17 | 0.41107692307692306 | 0.0
16, 107 | 0.3456 | 0.22435897435897437
48, 111 | 0.42338461538461536 | 0.0
48, 101 | 0.4135384615384615 | 0.0
48, 43 | 0.3963076923076923 | 0.0
48, 37 | 0.37415384615384617 | 0.0
48, 95 | 0.3721846153846154 | 0.0
48, 107 | 0.36627692307692306 | 0.0
111, 17 | 0.3598769230769231 | 0.192
111, 37 | 0.3721846153846154 | 0.0
111, 107 | 0.36430769230769233 | 0.0
101, 17 | 0.38547692307692305 | 0.0
101, 37 | 0.36233846153846155 | 0.0
101, 107 | 0.33673846153846154 | 0.11538461538461539
17, 43 | 0.35052307692307694 | 0.09651474530831099
17, 37 | 0.3460923076923077 | 0.0
17, 95 | 0.3441230769230769 | 0.0
17, 107 | 0.33821538461538464 | 0.0
43, 37 | 0.3027692307692308 | 0.2621951219512195
43, 107 | 0.3027692307692308 | 0.22435897435897437
37, 95 | 0.32098461538461537 | 0.0
95, 107 | 0.3131076923076923 | 0.0
