17, 43, 37 | 0.46966153846153846 | 0.2621951219512195
17, 43, 107 | 0.46966153846153846 | 0.22435897435897437
17, 37, 95 | 0.5056 | 0.0
17, 95, 107 | 0.49772307692307693 | 0.0
101, 17, 37 | 0.5469538461538461 | 0.0
101, 17, 107 | 0.5213538461538462 | 0.11538461538461539
111, 17, 37 | 0.5213538461538462 | 0.0
111, 17, 107 | 0.513476923076923 | 0.0
48, 111, 37 | 0.5848615384615384 | 0.0
48, 111, 107 | 0.5769846153846154 | 0.0
48, 101, 37 | 0.5750153846153846 | 0.0
48, 101, 107 | 0.5494153846153846 | 0.11538461538461539
48, 43, 37 | 0.5154461538461539 | 0.2621951219512195
48, 43, 107 | 0.5154461538461539 | 0.22435897435897437
48, 37, 95 | 0.5336615384615384 | 0.0
48, 95, 107 | 0.5257846153846154 | 0.0
16, 48, 107 | 0.5582769230769231 | 0.22435897435897437
16, 17, 107 | 0.5302153846153846 | 0.22435897435897437
69, 16, 107 | 0.5257846153846154 | 0.22435897435897437
69, 111, 37 | 0.5405538461538462 | 0.0
69, 111, 107 | 0.532676923076923 | 0.0
69, 101, 37 | 0.5395692307692308 | 0.0
69, 101, 107 | 0.5139692307692307 | 0.11538461538461539
69, 43, 37 | 0.49772307692307693 | 0.2621951219512195
69, 43, 107 | 0.49772307692307693 | 0.22435897435897437
77, 16, 107 | 0.5257846153846154 | 0.22435897435897437
77, 111, 37 | 0.5405538461538462 | 0.0
77, 111, 107 | 0.532676923076923 | 0.0
77, 101, 37 | 0.5395692307692308 | 0.0
77, 101, 107 | 0.5139692307692307 | 0.11538461538461539
77, 43, 37 | 0.49772307692307693 | 0.2621951219512195
77, 43, 107 | 0.49772307692307693 | 0.22435897435897437
98, 77, 101 | 0.5730461538461539 | 0.2647058823529412
98, 69, 101 | 0.5730461538461539 | 0.2647058823529412
98, 16, 48 | 0.6114461538461539 | 0.0
98, 16, 17 | 0.5479384615384615 | 0.192
98, 48, 111 | 0.5917538461538462 | 0.29439252336448596
98, 48, 101 | 0.6439384615384616 | 0.0
98, 48, 43 | 0.576 | 0.2761394101876676
98, 48, 95 | 0.6025846153846154 | 0.0
98, 111, 17 | 0.510523076923077 | 0.288
98, 101, 17 | 0.5804307692307692 | 0.192
98, 17, 95 | 0.5390769230769231 | 0.0
99, 98, 48 | 0.6852923076923076 | 0.0
99, 98, 101 | 0.6734769230769231 | 0.0
99, 98, 95 | 0.6321230769230769 | 0.0
99, 77, 101 | 0.5848615384615384 | 0.2647058823529412
99, 69, 101 | 0.5848615384615384 | 0.2647058823529412
99, 16, 48 | 0.6232615384615384 | 0.0
99, 16, 17 | 0.5597538461538462 | 0.192
99, 48, 111 | 0.6035692307692307 | 0.29439252336448596
99, 48, 101 | 0.6557538461538461 | 0.0
99, 48, 43 | 0.5858461538461538 | 0.2868632707774799
99, 48, 95 | 0.6144 | 0.0
99, 111, 17 | 0.5223384615384615 | 0.288
99, 101, 17 | 0.5922461538461539 | 0.192
99, 17, 95 | 0.5508923076923077 | 0.0
114, 48, 111 | 0.6552615384615385 | 0.1542056074766355
114, 111, 17 | 0.5917538461538462 | 0.192
29, 114, 17 | 0.6084923076923077 | 0.192
29, 99, 98 | 0.7384615384615385 | 0.0
29, 17, 37 | 0.5764923076923076 | 0.0
29, 17, 107 | 0.5508923076923077 | 0.11538461538461539
13, 29, 98 | 0.6739692307692308 | 0.2948717948717949
13, 29, 17 | 0.660676923076923 | 0.192
13, 29, 37 | 0.638523076923077 | 0.21341463414634146
13, 114, 17 | 0.6848 | 0.0
13, 98, 16 | 0.6119384615384615 | 0.2565217391304348
13, 98, 101 | 0.6444307692307693 | 0.0
13, 98, 17 | 0.5927384615384615 | 0.192
13, 98, 95 | 0.6030769230769231 | 0.0
13, 16, 17 | 0.6921846153846154 | 0.0
13, 111, 17 | 0.5942153846153846 | 0.192
13, 111, 37 | 0.5720615384615385 | 0.21341463414634146
13, 111, 107 | 0.5691076923076923 | 0.19230769230769232
13, 101, 17 | 0.6665846153846153 | 0.0
13, 101, 37 | 0.6089846153846153 | 0.21341463414634146
13, 17, 43 | 0.5966769230769231 | 0.2868632707774799
13, 17, 37 | 0.5927384615384615 | 0.21341463414634146
13, 17, 95 | 0.6252307692307693 | 0.0
13, 17, 107 | 0.5897846153846154 | 0.19230769230769232
13, 37, 95 | 0.5676307692307693 | 0.0
13, 95, 107 | 0.5646769230769231 | 0.19230769230769232
66, 13, 98 | 0.6739692307692308 | 0.2948717948717949
66, 13, 17 | 0.6429538461538462 | 0.288
66, 13, 107 | 0.6267076923076923 | 0.25
66, 114, 17 | 0.6084923076923077 | 0.288
66, 99, 98 | 0.7561846153846153 | 0.0
66, 17, 37 | 0.5587692307692308 | 0.10975609756097561
66, 17, 107 | 0.5597538461538462 | 0.057692307692307696
11, 13, 17 | 0.6562461538461538 | 0.192
11, 77, 107 | 0.5691076923076923 | 0.25
11, 69, 107 | 0.5691076923076923 | 0.25
11, 48, 107 | 0.6134153846153846 | 0.25
11, 17, 107 | 0.5499076923076923 | 0.25
61, 13, 98 | 0.6788923076923077 | 0.2948717948717949
61, 13, 17 | 0.6464 | 0.296
61, 13, 107 | 0.6316307692307692 | 0.25
61, 114, 17 | 0.6153846153846154 | 0.296
61, 99, 98 | 0.7645538461538461 | 0.0
61, 17, 37 | 0.5656615384615384 | 0.10975609756097561
61, 17, 107 | 0.5666461538461538 | 0.057692307692307696
102, 29, 99 | 0.7310769230769231 | 0.0
102, 29, 98 | 0.7192615384615385 | 0.0
102, 29, 37 | 0.6070153846153846 | 0.2682926829268293
102, 29, 107 | 0.6070153846153846 | 0.23076923076923078
102, 114, 111 | 0.6971076923076923 | 0.17289719626168223
102, 99, 98 | 0.766523076923077 | 0.0
102, 99, 101 | 0.7369846153846153 | 0.0
102, 99, 95 | 0.6956307692307693 | 0.0
102, 98, 101 | 0.7251692307692308 | 0.0
102, 98, 95 | 0.6838153846153846 | 0.0
102, 16, 107 | 0.6119384615384615 | 0.28205128205128205
102, 111, 37 | 0.6188307692307692 | 0.2682926829268293
102, 111, 107 | 0.6365538461538461 | 0.11538461538461539
102, 101, 37 | 0.6129230769230769 | 0.2682926829268293
102, 101, 107 | 0.6129230769230769 | 0.23076923076923078
102, 37, 95 | 0.5715692307692307 | 0.0
102, 95, 107 | 0.5892923076923077 | 0.11538461538461539
58, 29, 99 | 0.7364923076923077 | 0.024390243902439025
58, 29, 98 | 0.7305846153846154 | 0.0
58, 29, 37 | 0.6262153846153846 | 0.21951219512195122
58, 29, 107 | 0.6183384615384615 | 0.23076923076923078
58, 114, 111 | 0.7094153846153847 | 0.16822429906542055
58, 99, 98 | 0.7719384615384616 | 0.0
58, 99, 101 | 0.7364923076923077 | 0.029411764705882353
58, 99, 95 | 0.7010461538461539 | 0.0
58, 98, 101 | 0.7305846153846154 | 0.029411764705882353
58, 98, 95 | 0.6951384615384616 | 0.0
58, 16, 107 | 0.6242461538461539 | 0.28205128205128205
58, 111, 37 | 0.6390153846153847 | 0.21951219512195122
58, 111, 107 | 0.6488615384615385 | 0.11538461538461539
58, 101, 37 | 0.6262153846153846 | 0.21951219512195122
58, 101, 107 | 0.6183384615384615 | 0.23076923076923078
58, 37, 95 | 0.5907692307692308 | 0.0
58, 95, 107 | 0.6006153846153847 | 0.11538461538461539
38, 29, 99 | 0.7069538461538462 | 0.16260162601626016
38, 29, 98 | 0.7010461538461539 | 0.1452991452991453
38, 29, 37 | 0.6340923076923077 | 0.1951219512195122
38, 29, 107 | 0.6124307692307692 | 0.2948717948717949
38, 114, 111 | 0.7271384615384615 | 0.19626168224299065
38, 99, 98 | 0.7089230769230769 | 0.1452991452991453
38, 99, 16 | 0.6734769230769231 | 0.28695652173913044
38, 99, 101 | 0.7069538461538462 | 0.029411764705882353
38, 99, 95 | 0.6715076923076924 | 0.0
38, 98, 16 | 0.6675692307692308 | 0.28695652173913044
38, 98, 101 | 0.7010461538461539 | 0.029411764705882353
38, 98, 95 | 0.6656 | 0.0
38, 111, 37 | 0.6409846153846154 | 0.1951219512195122
38, 111, 107 | 0.6370461538461538 | 0.1794871794871795
38, 101, 37 | 0.6340923076923077 | 0.1951219512195122
38, 101, 107 | 0.6124307692307692 | 0.2948717948717949
38, 37, 95 | 0.5986461538461538 | 0.0
38, 95, 107 | 0.5947076923076923 | 0.1794871794871795
9, 61, 99 | 0.7246769230769231 | 0.25609756097560976
9, 61, 98 | 0.7217230769230769 | 0.23076923076923078
9, 66, 99 | 0.7163076923076923 | 0.25609756097560976
9, 66, 98 | 0.7133538461538461 | 0.23076923076923078
9, 29, 99 | 0.6897230769230769 | 0.25609756097560976
9, 29, 98 | 0.6867692307692308 | 0.23076923076923078
9, 99, 98 | 0.672 | 0.23076923076923078
9, 99, 101 | 0.6601846153846154 | 0.17647058823529413
9, 99, 95 | 0.6542769230769231 | 0.0
9, 98, 101 | 0.6572307692307693 | 0.17647058823529413
9, 98, 95 | 0.6513230769230769 | 0.0
94, 29, 99 | 0.7315692307692307 | 0.1951219512195122
94, 29, 98 | 0.7197538461538462 | 0.20512820512820512
94, 99, 98 | 0.7197538461538462 | 0.20512820512820512
94, 99, 111 | 0.6852923076923076 | 0.29439252336448596
94, 99, 101 | 0.737476923076923 | 0.0
94, 99, 95 | 0.696123076923077 | 0.0
94, 98, 111 | 0.6734769230769231 | 0.29439252336448596
94, 98, 101 | 0.7256615384615385 | 0.0
94, 98, 95 | 0.6843076923076923 | 0.0
116, 94, 101 | 0.7960615384615385 | 0.29411764705882354
116, 58, 114 | 0.8408615384615384 | 0.1340782122905028
116, 58, 101 | 0.7537230769230769 | 0.29411764705882354
116, 58, 107 | 0.736 | 0.19230769230769232
116, 102, 114 | 0.8300307692307692 | 0.1340782122905028
116, 102, 101 | 0.7428923076923077 | 0.29411764705882354
116, 102, 107 | 0.7251692307692308 | 0.19230769230769232
116, 29, 114 | 0.7699692307692307 | 0.2681564245810056
116, 29, 37 | 0.7143384615384616 | 0.14634146341463414
116, 29, 107 | 0.7005538461538462 | 0.19230769230769232
116, 101, 37 | 0.6670769230769231 | 0.14634146341463414
116, 101, 107 | 0.6532923076923077 | 0.19230769230769232
10, 9, 11 | 0.9993846153846154 | 0.0
23, 94, 101 | 0.8989538461538461 | 0.17647058823529413
23, 94, 95 | 0.8930461538461538 | 0.0
23, 38, 101 | 0.8398769230769231 | 0.20588235294117646
23, 38, 37 | 0.8103384615384616 | 0.1951219512195122
23, 38, 95 | 0.8398769230769231 | 0.0
23, 58, 101 | 0.8566153846153847 | 0.20588235294117646
23, 58, 37 | 0.8103384615384616 | 0.29878048780487804
23, 58, 95 | 0.8566153846153847 | 0.0
23, 102, 101 | 0.846276923076923 | 0.17647058823529413
23, 102, 95 | 0.8403692307692308 | 0.0
23, 61, 37 | 0.8384 | 0.18902439024390244
23, 66, 37 | 0.8300307692307692 | 0.18902439024390244
23, 29, 37 | 0.7945846153846153 | 0.07926829268292683
23, 48, 101 | 0.7936 | 0.17647058823529413
23, 48, 37 | 0.7768615384615385 | 0.07926829268292683
23, 48, 95 | 0.7876923076923077 | 0.0
23, 101, 37 | 0.7296 | 0.07926829268292683
23, 37, 95 | 0.7236923076923077 | 0.0
52, 13, 17 | 0.8187076923076924 | 0.04
28, 52, 38 | 0.9644307692307692 | 0.27388535031847133
28, 52, 102 | 0.9526153846153846 | 0.27638190954773867
28, 52, 48 | 0.9526153846153846 | 0.0
28, 38, 29 | 0.9088 | 0.26666666666666666
28, 38, 101 | 0.9088 | 0.029411764705882353
28, 38, 95 | 0.8733538461538461 | 0.0
28, 102, 29 | 0.846276923076923 | 0.26666666666666666
28, 102, 101 | 0.846276923076923 | 0.029411764705882353
28, 102, 95 | 0.8108307692307692 | 0.0
28, 48, 101 | 0.8418461538461538 | 0.029411764705882353
28, 48, 95 | 0.8064 | 0.0
56, 38, 37 | 0.8615384615384616 | 0.1951219512195122
56, 38, 107 | 0.8398769230769231 | 0.2948717948717949
56, 114, 48 | 0.8664615384615385 | 0.0
56, 48, 37 | 0.8083692307692307 | 0.18902439024390244
56, 48, 107 | 0.8014769230769231 | 0.19230769230769232
1, 23, 37 | 0.9565538461538462 | 0.15853658536585366
1, 99, 98 | 0.8994461538461539 | 0.11965811965811966
93, 94, 101 | 0.9954461538461539 | 0.17647058823529413
93, 94, 95 | 0.9895384615384616 | 0.0
93, 38, 101 | 0.8772923076923077 | 0.20588235294117646
93, 38, 95 | 0.8772923076923077 | 0.0
93, 58, 101 | 0.8940307692307692 | 0.20588235294117646
93, 58, 95 | 0.8940307692307692 | 0.0
93, 102, 101 | 0.9053538461538462 | 0.17647058823529413
93, 102, 95 | 0.8994461538461539 | 0.0
93, 48, 101 | 0.8664615384615385 | 0.17647058823529413
93, 48, 95 | 0.8605538461538461 | 0.0
110, 114, 111 | 0.8920615384615385 | 0.1542056074766355
110, 111, 37 | 0.8457846153846154 | 0.14634146341463414
110, 111, 107 | 0.8615384615384616 | 0.0
2, 38, 29 | 0.9865846153846154 | 0.26666666666666666
2, 38, 101 | 0.9865846153846154 | 0.029411764705882353
2, 38, 95 | 0.9511384615384615 | 0.0
2, 58, 29 | 0.9294769230769231 | 0.26666666666666666
2, 58, 101 | 0.9294769230769231 | 0.029411764705882353
2, 58, 95 | 0.8940307692307692 | 0.0
2, 102, 29 | 0.935876923076923 | 0.26666666666666666
2, 102, 101 | 0.935876923076923 | 0.029411764705882353
2, 102, 95 | 0.9004307692307693 | 0.0
2, 48, 101 | 0.9255384615384615 | 0.029411764705882353
2, 48, 95 | 0.8900923076923077 | 0.0
24, 99, 98 | 0.9211076923076923 | 0.28205128205128205
