91, 68, 31, 32, 60, 80, 46, 79, 40 | 0.5469538461538461 | 0.23529411764705882
91, 68, 31, 32, 60, 46, 70, 71, 40 | 0.5420307692307692 | 0.23529411764705882
91, 68, 31, 32, 55, 60, 46, 70, 71 | 0.5720615384615385 | 0.0
91, 68, 31, 32, 55, 60, 80, 46, 79 | 0.5769846153846154 | 0.0
91, 78, 31, 32, 60, 80, 46, 79, 40 | 0.5469538461538461 | 0.23529411764705882
91, 78, 31, 32, 60, 46, 70, 71, 40 | 0.5420307692307692 | 0.23529411764705882
91, 78, 31, 32, 55, 60, 46, 70, 71 | 0.5720615384615385 | 0.0
91, 78, 31, 32, 55, 60, 80, 46, 79 | 0.5769846153846154 | 0.0
42, 45, 91, 68, 31, 32, 60, 46, 40 | 0.5858461538461538 | 0.23529411764705882
42, 45, 91, 68, 31, 32, 55, 60, 46 | 0.6001230769230769 | 0.2926829268292683
42, 45, 91, 78, 31, 32, 60, 46, 40 | 0.5858461538461538 | 0.23529411764705882
42, 45, 91, 78, 31, 32, 55, 60, 46 | 0.6001230769230769 | 0.2926829268292683
41, 119, 91, 68, 60, 80, 46, 79, 40 | 0.5932307692307692 | 0.23529411764705882
41, 119, 91, 68, 60, 46, 70, 71, 40 | 0.5912615384615385 | 0.23529411764705882
41, 119, 91, 68, 55, 60, 46, 70, 71 | 0.6045538461538461 | 0.0
41, 119, 91, 68, 55, 60, 80, 46, 79 | 0.6065230769230769 | 0.0
41, 119, 91, 78, 60, 80, 46, 79, 40 | 0.5932307692307692 | 0.23529411764705882
41, 119, 91, 78, 60, 46, 70, 71, 40 | 0.5912615384615385 | 0.23529411764705882
41, 119, 91, 78, 55, 60, 46, 70, 71 | 0.6045538461538461 | 0.0
41, 119, 91, 78, 55, 60, 80, 46, 79 | 0.6065230769230769 | 0.0
41, 7, 91, 68, 60, 80, 46, 79, 40 | 0.5819076923076923 | 0.23529411764705882
41, 7, 91, 68, 60, 46, 70, 71, 40 | 0.5784615384615385 | 0.23529411764705882
41, 7, 91, 68, 55, 60, 46, 70, 71 | 0.5910153846153846 | 0.0
41, 7, 91, 68, 55, 60, 80, 46, 79 | 0.5944615384615385 | 0.0
41, 7, 91, 78, 60, 80, 46, 79, 40 | 0.5819076923076923 | 0.23529411764705882
41, 7, 91, 78, 60, 46, 70, 71, 40 | 0.5784615384615385 | 0.23529411764705882
41, 7, 91, 78, 55, 60, 46, 70, 71 | 0.5910153846153846 | 0.0
41, 7, 91, 78, 55, 60, 80, 46, 79 | 0.5944615384615385 | 0.0
41, 42, 91, 68, 31, 32, 60, 46, 40 | 0.6129230769230769 | 0.23529411764705882
41, 42, 91, 78, 31, 32, 60, 46, 40 | 0.6129230769230769 | 0.23529411764705882
41, 42, 45, 91, 78, 31, 32, 46, 40 | 0.6587076923076923 | 0.0
41, 42, 45, 91, 68, 31, 32, 46, 40 | 0.6587076923076923 | 0.0
41, 45, 78, 31, 32, 80, 46, 4, 40 | 0.5892923076923077 | 0.1568627450980392
41, 45, 68, 31, 32, 80, 46, 4, 40 | 0.5892923076923077 | 0.1568627450980392
41, 64, 91, 68, 31, 32, 70, 71, 40 | 0.6045538461538461 | 0.23529411764705882
41, 64, 91, 68, 31, 32, 80, 79, 40 | 0.609476923076923 | 0.23529411764705882
41, 64, 91, 68, 31, 32, 55, 80, 79 | 0.6237538461538461 | 0.0
41, 64, 91, 68, 31, 32, 55, 70, 71 | 0.6188307692307692 | 0.0
41, 64, 91, 78, 31, 32, 70, 71, 40 | 0.6045538461538461 | 0.23529411764705882
41, 64, 91, 78, 31, 32, 80, 79, 40 | 0.609476923076923 | 0.23529411764705882
41, 64, 91, 78, 31, 32, 55, 80, 79 | 0.6237538461538461 | 0.0
41, 64, 91, 78, 31, 32, 55, 70, 71 | 0.6188307692307692 | 0.0
41, 64, 91, 31, 32, 55, 46, 70, 71 | 0.6247384615384616 | 0.0
41, 64, 91, 31, 32, 55, 80, 46, 79 | 0.6296615384615385 | 0.0
41, 64, 91, 31, 32, 80, 46, 79, 40 | 0.6153846153846154 | 0.23529411764705882
41, 64, 91, 31, 32, 46, 70, 71, 40 | 0.6104615384615385 | 0.23529411764705882
41, 91, 31, 32, 60, 80, 46, 79, 40 | 0.6109538461538462 | 0.23529411764705882
41, 91, 31, 32, 60, 46, 70, 71, 40 | 0.6060307692307693 | 0.23529411764705882
41, 91, 31, 32, 55, 60, 46, 70, 71 | 0.6203076923076923 | 0.0
41, 91, 31, 32, 55, 60, 80, 46, 79 | 0.6252307692307693 | 0.0
41, 91, 78, 31, 60, 80, 46, 79, 40 | 0.5755076923076923 | 0.23529411764705882
41, 91, 78, 31, 60, 46, 70, 71, 40 | 0.5705846153846154 | 0.23529411764705882
41, 91, 78, 31, 55, 60, 46, 70, 71 | 0.5848615384615384 | 0.0
41, 91, 78, 31, 55, 60, 80, 46, 79 | 0.5897846153846154 | 0.0
41, 91, 78, 31, 32, 55, 46, 70, 71 | 0.5996307692307692 | 0.0
41, 91, 78, 31, 32, 55, 80, 46, 79 | 0.6075076923076923 | 0.0
41, 91, 78, 31, 32, 55, 60, 80, 46 | 0.6075076923076923 | 0.2926829268292683
41, 91, 78, 31, 32, 55, 60, 80, 79 | 0.6178461538461538 | 0.0
41, 91, 78, 31, 32, 55, 60, 46, 70 | 0.6025846153846154 | 0.03571428571428571
41, 91, 78, 31, 32, 55, 60, 46, 79 | 0.6025846153846154 | 0.0
41, 91, 78, 31, 32, 55, 60, 46, 71 | 0.6025846153846154 | 0.0
41, 91, 78, 31, 32, 55, 60, 70, 71 | 0.6129230769230769 | 0.0
41, 91, 78, 31, 32, 60, 70, 71, 40 | 0.5986461538461538 | 0.23529411764705882
41, 91, 78, 31, 32, 60, 46, 70, 71 | 0.6030769230769231 | 0.0
41, 91, 78, 31, 32, 60, 46, 70, 40 | 0.5883076923076923 | 0.23529411764705882
41, 91, 78, 31, 32, 60, 46, 79, 40 | 0.5883076923076923 | 0.23529411764705882
41, 91, 78, 31, 32, 60, 46, 71, 40 | 0.5883076923076923 | 0.23529411764705882
41, 91, 78, 31, 32, 60, 80, 46, 79 | 0.608 | 0.0
41, 91, 78, 31, 32, 60, 80, 46, 40 | 0.5932307692307692 | 0.23529411764705882
41, 91, 78, 31, 32, 60, 80, 79, 40 | 0.6035692307692307 | 0.23529411764705882
41, 91, 78, 31, 32, 80, 46, 79, 40 | 0.6050461538461539 | 0.0
41, 91, 78, 31, 32, 46, 70, 71, 40 | 0.5971692307692308 | 0.0
41, 91, 78, 32, 60, 80, 46, 79, 40 | 0.5755076923076923 | 0.23529411764705882
41, 91, 78, 32, 60, 46, 70, 71, 40 | 0.5705846153846154 | 0.23529411764705882
41, 91, 78, 32, 55, 60, 46, 70, 71 | 0.5848615384615384 | 0.0
41, 91, 78, 32, 55, 60, 80, 46, 79 | 0.5897846153846154 | 0.0
41, 91, 68, 31, 60, 80, 46, 79, 40 | 0.5755076923076923 | 0.23529411764705882
41, 91, 68, 31, 60, 46, 70, 71, 40 | 0.5705846153846154 | 0.23529411764705882
41, 91, 68, 31, 55, 60, 46, 70, 71 | 0.5848615384615384 | 0.0
41, 91, 68, 31, 55, 60, 80, 46, 79 | 0.5897846153846154 | 0.0
41, 91, 68, 31, 32, 55, 46, 70, 71 | 0.5996307692307692 | 0.0
41, 91, 68, 31, 32, 55, 80, 46, 79 | 0.6075076923076923 | 0.0
41, 91, 68, 31, 32, 55, 60, 80, 46 | 0.6075076923076923 | 0.2926829268292683
41, 91, 68, 31, 32, 55, 60, 80, 79 | 0.6178461538461538 | 0.0
41, 91, 68, 31, 32, 55, 60, 46, 70 | 0.6025846153846154 | 0.03571428571428571
41, 91, 68, 31, 32, 55, 60, 46, 79 | 0.6025846153846154 | 0.0
41, 91, 68, 31, 32, 55, 60, 46, 71 | 0.6025846153846154 | 0.0
41, 91, 68, 31, 32, 55, 60, 70, 71 | 0.6129230769230769 | 0.0
41, 91, 68, 31, 32, 60, 70, 71, 40 | 0.5986461538461538 | 0.23529411764705882
41, 91, 68, 31, 32, 60, 46, 70, 71 | 0.6030769230769231 | 0.0
41, 91, 68, 31, 32, 60, 46, 70, 40 | 0.5883076923076923 | 0.23529411764705882
41, 91, 68, 31, 32, 60, 46, 79, 40 | 0.5883076923076923 | 0.23529411764705882
41, 91, 68, 31, 32, 60, 46, 71, 40 | 0.5883076923076923 | 0.23529411764705882
41, 91, 68, 31, 32, 60, 80, 46, 79 | 0.608 | 0.0
41, 91, 68, 31, 32, 60, 80, 46, 40 | 0.5932307692307692 | 0.23529411764705882
41, 91, 68, 31, 32, 60, 80, 79, 40 | 0.6035692307692307 | 0.23529411764705882
41, 91, 68, 31, 32, 80, 46, 79, 40 | 0.6050461538461539 | 0.0
41, 91, 68, 31, 32, 46, 70, 71, 40 | 0.5971692307692308 | 0.0
41, 91, 68, 32, 60, 80, 46, 79, 40 | 0.5755076923076923 | 0.23529411764705882
41, 91, 68, 32, 60, 46, 70, 71, 40 | 0.5705846153846154 | 0.23529411764705882
41, 91, 68, 32, 55, 60, 46, 70, 71 | 0.5848615384615384 | 0.0
41, 91, 68, 32, 55, 60, 80, 46, 79 | 0.5897846153846154 | 0.0
41, 68, 31, 32, 46, 4, 70, 71, 40 | 0.5627076923076924 | 0.1568627450980392
41, 68, 31, 32, 80, 46, 4, 79, 40 | 0.5700923076923077 | 0.1568627450980392
41, 68, 31, 32, 60, 80, 46, 4, 79 | 0.5809230769230769 | 0.0
41, 68, 31, 32, 60, 80, 46, 79, 40 | 0.5745230769230769 | 0.23529411764705882
41, 68, 31, 32, 60, 46, 70, 71, 40 | 0.5696 | 0.23529411764705882
41, 68, 31, 32, 60, 46, 4, 70, 71 | 0.5764923076923076 | 0.0
41, 68, 31, 32, 55, 60, 46, 70, 71 | 0.5838769230769231 | 0.0
41, 68, 31, 32, 55, 60, 80, 46, 79 | 0.5888 | 0.0
41, 78, 31, 32, 46, 4, 70, 71, 40 | 0.5627076923076924 | 0.1568627450980392
41, 78, 31, 32, 80, 46, 4, 79, 40 | 0.5700923076923077 | 0.1568627450980392
41, 78, 31, 32, 60, 80, 46, 4, 79 | 0.5809230769230769 | 0.0
41, 78, 31, 32, 60, 80, 46, 79, 40 | 0.5745230769230769 | 0.23529411764705882
41, 78, 31, 32, 60, 46, 70, 71, 40 | 0.5696 | 0.23529411764705882
41, 78, 31, 32, 60, 46, 4, 70, 71 | 0.5764923076923076 | 0.0
41, 78, 31, 32, 55, 60, 46, 70, 71 | 0.5838769230769231 | 0.0
41, 78, 31, 32, 55, 60, 80, 46, 79 | 0.5888 | 0.0
14, 41, 45, 91, 78, 31, 32, 46, 40 | 0.6646153846153846 | 0.1568627450980392
14, 41, 45, 91, 68, 31, 32, 46, 40 | 0.6646153846153846 | 0.1568627450980392
54, 41, 78, 31, 32, 55, 46, 70, 71 | 0.6311384615384615 | 0.0
54, 41, 78, 31, 32, 55, 80, 46, 79 | 0.6390153846153847 | 0.0
54, 41, 78, 31, 32, 80, 46, 4, 79 | 0.6311384615384615 | 0.0
54, 41, 78, 31, 32, 46, 4, 70, 71 | 0.6237538461538461 | 0.0
54, 41, 68, 31, 32, 55, 46, 70, 71 | 0.6311384615384615 | 0.0
54, 41, 68, 31, 32, 55, 80, 46, 79 | 0.6390153846153847 | 0.0
54, 41, 68, 31, 32, 80, 46, 4, 79 | 0.6311384615384615 | 0.0
54, 41, 68, 31, 32, 46, 4, 70, 71 | 0.6237538461538461 | 0.0
54, 41, 91, 68, 32, 55, 46, 70, 71 | 0.6321230769230769 | 0.0
54, 41, 91, 68, 32, 55, 80, 46, 79 | 0.64 | 0.0
54, 41, 91, 68, 31, 32, 46, 70, 71 | 0.6503384615384615 | 0.0
54, 41, 91, 68, 31, 32, 80, 46, 79 | 0.6582153846153846 | 0.0
54, 41, 91, 68, 31, 32, 55, 80, 46 | 0.657723076923077 | 0.2926829268292683
54, 41, 91, 68, 31, 32, 55, 80, 79 | 0.6680615384615385 | 0.0
54, 41, 91, 68, 31, 32, 55, 46, 70 | 0.6498461538461539 | 0.03571428571428571
54, 41, 91, 68, 31, 32, 55, 46, 79 | 0.6498461538461539 | 0.0
54, 41, 91, 68, 31, 32, 55, 46, 71 | 0.6498461538461539 | 0.0
54, 41, 91, 68, 31, 32, 55, 70, 71 | 0.6601846153846154 | 0.0
54, 41, 91, 68, 31, 55, 46, 70, 71 | 0.6321230769230769 | 0.0
54, 41, 91, 68, 31, 55, 80, 46, 79 | 0.64 | 0.0
54, 41, 91, 78, 32, 55, 46, 70, 71 | 0.6321230769230769 | 0.0
54, 41, 91, 78, 32, 55, 80, 46, 79 | 0.64 | 0.0
54, 41, 91, 78, 31, 32, 46, 70, 71 | 0.6503384615384615 | 0.0
54, 41, 91, 78, 31, 32, 80, 46, 79 | 0.6582153846153846 | 0.0
54, 41, 91, 78, 31, 32, 55, 80, 46 | 0.657723076923077 | 0.2926829268292683
54, 41, 91, 78, 31, 32, 55, 80, 79 | 0.6680615384615385 | 0.0
54, 41, 91, 78, 31, 32, 55, 46, 70 | 0.6498461538461539 | 0.03571428571428571
54, 41, 91, 78, 31, 32, 55, 46, 79 | 0.6498461538461539 | 0.0
54, 41, 91, 78, 31, 32, 55, 46, 71 | 0.6498461538461539 | 0.0
54, 41, 91, 78, 31, 32, 55, 70, 71 | 0.6601846153846154 | 0.0
54, 41, 91, 78, 31, 55, 46, 70, 71 | 0.6321230769230769 | 0.0
54, 41, 91, 78, 31, 55, 80, 46, 79 | 0.64 | 0.0
54, 41, 91, 31, 32, 55, 46, 70, 71 | 0.6675692307692308 | 0.0
54, 41, 91, 31, 32, 55, 80, 46, 79 | 0.6754461538461538 | 0.0
54, 41, 45, 91, 78, 31, 32, 55, 46 | 0.6631384615384616 | 0.2926829268292683
54, 41, 45, 91, 68, 31, 32, 55, 46 | 0.6631384615384616 | 0.2926829268292683
54, 41, 45, 68, 31, 32, 80, 46, 4 | 0.6267076923076923 | 0.19469026548672566
54, 41, 45, 68, 31, 32, 55, 80, 46 | 0.6345846153846154 | 0.2926829268292683
54, 41, 45, 78, 31, 32, 80, 46, 4 | 0.6267076923076923 | 0.19469026548672566
54, 41, 45, 78, 31, 32, 55, 80, 46 | 0.6345846153846154 | 0.2926829268292683
54, 41, 42, 45, 91, 68, 31, 32, 46 | 0.6852923076923076 | 0.2926829268292683
54, 41, 42, 45, 91, 78, 31, 32, 46 | 0.6852923076923076 | 0.2926829268292683
54, 41, 7, 91, 78, 55, 46, 70, 71 | 0.6392615384615384 | 0.0
54, 41, 7, 91, 78, 55, 80, 46, 79 | 0.644676923076923 | 0.0
54, 41, 7, 91, 68, 55, 46, 70, 71 | 0.6392615384615384 | 0.0
54, 41, 7, 91, 68, 55, 80, 46, 79 | 0.644676923076923 | 0.0
54, 41, 119, 91, 78, 55, 46, 70, 71 | 0.6547692307692308 | 0.0
54, 41, 119, 91, 78, 55, 80, 46, 79 | 0.6567384615384615 | 0.0
54, 41, 119, 91, 68, 55, 46, 70, 71 | 0.6547692307692308 | 0.0
54, 41, 119, 91, 68, 55, 80, 46, 79 | 0.6567384615384615 | 0.0
54, 42, 45, 91, 78, 31, 32, 55, 46 | 0.6611692307692307 | 0.2926829268292683
54, 42, 45, 91, 68, 31, 32, 55, 46 | 0.6611692307692307 | 0.2926829268292683
54, 91, 78, 31, 32, 55, 46, 70, 71 | 0.6419692307692307 | 0.0
54, 91, 78, 31, 32, 55, 80, 46, 79 | 0.6498461538461539 | 0.0
54, 91, 68, 31, 32, 55, 46, 70, 71 | 0.6419692307692307 | 0.0
54, 91, 68, 31, 32, 55, 80, 46, 79 | 0.6498461538461539 | 0.0
117, 41, 119, 42, 91, 68, 60, 46, 40 | 0.676923076923077 | 0.23529411764705882
117, 41, 119, 42, 91, 78, 60, 46, 40 | 0.676923076923077 | 0.23529411764705882
117, 41, 119, 42, 45, 91, 78, 46, 40 | 0.7079384615384615 | 0.0
117, 41, 119, 42, 45, 91, 68, 46, 40 | 0.7079384615384615 | 0.0
44, 54, 78, 31, 32, 55, 46, 70, 71 | 0.672 | 0.0
44, 54, 78, 31, 32, 55, 80, 46, 79 | 0.672 | 0.0
44, 54, 78, 31, 32, 80, 46, 4, 79 | 0.6625230769230769 | 0.0
44, 54, 78, 31, 32, 46, 4, 70, 71 | 0.6625230769230769 | 0.0
44, 54, 68, 31, 32, 55, 46, 70, 71 | 0.672 | 0.0
44, 54, 68, 31, 32, 55, 80, 46, 79 | 0.672 | 0.0
44, 54, 68, 31, 32, 80, 46, 4, 79 | 0.6625230769230769 | 0.0
44, 54, 68, 31, 32, 46, 4, 70, 71 | 0.6625230769230769 | 0.0
44, 41, 64, 31, 32, 80, 46, 79, 40 | 0.6742153846153847 | 0.23529411764705882
44, 41, 64, 31, 32, 46, 70, 71, 40 | 0.6742153846153847 | 0.23529411764705882
44, 68, 31, 32, 46, 4, 70, 71, 40 | 0.5748923076923077 | 0.1568627450980392
44, 68, 31, 32, 80, 46, 4, 79, 40 | 0.5748923076923077 | 0.1568627450980392
44, 68, 31, 32, 60, 80, 46, 4, 79 | 0.5916307692307692 | 0.0
44, 68, 31, 32, 60, 80, 46, 79, 40 | 0.5895384615384616 | 0.23529411764705882
44, 68, 31, 32, 60, 46, 70, 71, 40 | 0.5895384615384616 | 0.23529411764705882
44, 68, 31, 32, 60, 46, 4, 70, 71 | 0.5916307692307692 | 0.0
44, 68, 31, 32, 55, 60, 46, 70, 71 | 0.6011076923076923 | 0.0
44, 68, 31, 32, 55, 60, 80, 46, 79 | 0.6011076923076923 | 0.0
44, 78, 31, 32, 46, 4, 70, 71, 40 | 0.5748923076923077 | 0.1568627450980392
44, 78, 31, 32, 80, 46, 4, 79, 40 | 0.5748923076923077 | 0.1568627450980392
44, 78, 31, 32, 60, 80, 46, 4, 79 | 0.5916307692307692 | 0.0
44, 78, 31, 32, 60, 80, 46, 79, 40 | 0.5895384615384616 | 0.23529411764705882
44, 78, 31, 32, 60, 46, 70, 71, 40 | 0.5895384615384616 | 0.23529411764705882
44, 78, 31, 32, 60, 46, 4, 70, 71 | 0.5916307692307692 | 0.0
44, 78, 31, 32, 55, 60, 46, 70, 71 | 0.6011076923076923 | 0.0
44, 78, 31, 32, 55, 60, 80, 46, 79 | 0.6011076923076923 | 0.0
95, 54, 41, 91, 78, 31, 32, 55, 46 | 0.7561846153846153 | 0.2926829268292683
95, 54, 41, 91, 68, 31, 32, 55, 46 | 0.7561846153846153 | 0.2926829268292683
95, 41, 91, 68, 31, 32, 60, 46, 40 | 0.6946461538461538 | 0.23529411764705882
95, 41, 91, 68, 31, 32, 55, 60, 46 | 0.7089230769230769 | 0.2926829268292683
95, 41, 91, 78, 31, 32, 60, 46, 40 | 0.6946461538461538 | 0.23529411764705882
95, 41, 91, 78, 31, 32, 55, 60, 46 | 0.7089230769230769 | 0.2926829268292683
43, 37, 44, 41, 42, 45, 31, 32, 46 | 0.8696615384615385 | 0.04878048780487805
43, 107, 44, 41, 42, 45, 31, 32, 46 | 0.8691692307692308 | 0.04878048780487805
43, 44, 41, 42, 45, 31, 32, 46, 40 | 0.8957538461538461 | 0.0
43, 44, 117, 41, 119, 42, 45, 46, 40 | 0.912 | 0.0
43, 54, 45, 91, 78, 31, 32, 55, 46 | 0.7217230769230769 | 0.2926829268292683
43, 54, 45, 91, 68, 31, 32, 55, 46 | 0.7217230769230769 | 0.2926829268292683
43, 54, 42, 45, 78, 31, 32, 55, 46 | 0.7335384615384616 | 0.2926829268292683
43, 54, 42, 45, 68, 31, 32, 55, 46 | 0.7335384615384616 | 0.2926829268292683
43, 54, 41, 45, 91, 31, 32, 55, 46 | 0.7650461538461538 | 0.0
43, 14, 45, 91, 78, 31, 32, 46, 40 | 0.6887384615384615 | 0.1568627450980392
43, 14, 45, 91, 68, 31, 32, 46, 40 | 0.6887384615384615 | 0.1568627450980392
43, 14, 41, 45, 91, 31, 32, 46, 40 | 0.7684923076923077 | 0.1568627450980392
48, 54, 41, 91, 78, 55, 46, 70, 71 | 0.7739076923076923 | 0.0
48, 54, 41, 91, 78, 55, 80, 46, 79 | 0.7817846153846154 | 0.0
48, 54, 41, 91, 68, 55, 46, 70, 71 | 0.7739076923076923 | 0.0
48, 54, 41, 91, 68, 55, 80, 46, 79 | 0.7817846153846154 | 0.0
48, 41, 91, 68, 60, 80, 46, 79, 40 | 0.7172923076923077 | 0.23529411764705882
48, 41, 91, 68, 60, 46, 70, 71, 40 | 0.7123692307692308 | 0.23529411764705882
48, 41, 91, 68, 55, 60, 46, 70, 71 | 0.7266461538461538 | 0.0
48, 41, 91, 68, 55, 60, 80, 46, 79 | 0.7315692307692307 | 0.0
48, 41, 91, 78, 60, 80, 46, 79, 40 | 0.7172923076923077 | 0.23529411764705882
48, 41, 91, 78, 60, 46, 70, 71, 40 | 0.7123692307692308 | 0.23529411764705882
48, 41, 91, 78, 55, 60, 46, 70, 71 | 0.7266461538461538 | 0.0
48, 41, 91, 78, 55, 60, 80, 46, 79 | 0.7315692307692307 | 0.0
29, 54, 41, 91, 78, 31, 32, 55, 46 | 0.862523076923077 | 0.2926829268292683
29, 54, 41, 91, 68, 31, 32, 55, 46 | 0.862523076923077 | 0.2926829268292683
